152,208
151,209
151,210
151,211
151,212
152,213
152,214
152,215
152,216
152,217
152,218
152,219
151,220
151,221
151,222
151,223
151,224
151,225
151,226
151,227
151,228
151,229
151,230
151,231
152,232
152,233
152,234
153,235
153,236
154,237
154,238
153,239
154,240
154,241
153,242
153,243
153,244
153,245
154,246
155,247
156,248
155,249
154,249
154,250
153,251
153,252
153,253
154,253
155,254
156,255
155,256
155,257
155,258
156,259
156,260
156,261
155,262
154,262
153,263
152,264
153,265
154,265
155,265
156,266
157,266
158,267
159,268
159,269
158,270
157,271
156,271
155,271
154,271
155,270
156,272
157,273
156,274
156,275
156,276
155,277
156,278
156,279
157,279
158,280
158,281
158,282
158,283
157,284
157,285
156,286
155,286
155,287
155,288
156,289
156,290
156,291
156,292
157,293
158,294
158,295
157,296
156,297
155,298
156,299
157,300
157,301
158,302
158,303
158,304
158,305
158,306
158,307
157,308
156,309
155,309
155,310
155,311
156,312
157,313
157,314
156,315
156,316
156,317
156,318
155,319
154,319
153,320
152,321
151,322
150,323
149,324
148,324
147,325
146,326
145,326
144,326
143,326
142,326
141,326
140,326
139,326
138,326
137,325
136,326
135,326
134,325
133,324
132,324
131,324
130,324
129,323
129,322
128,322
127,321
126,320
125,320
124,320
123,320
122,320
121,319
120,318
119,318
118,318
117,318
116,317
115,317
114,317
113,317
112,316
111,315
110,315
109,315
108,315
107,315
106,315
105,315
104,315
103,315
102,315
101,315
100,315
99,315
98,315
97,315
96,315
95,315
94,316
93,316
92,316
91,317
90,318
89,319
88,319
87,320
86,321
85,322
85,323
85,324
85,325
84,326
83,327
82,327
81,328
81,329
80,330
80,331
79,332
78,332
77,333
77,334
77,335
77,336
76,337
76,338
76,339
76,340
76,341
76,342
76,343
76,344
76,345
76,346
76,347
76,348
76,349
76,350
75,351
75,352
75,353
75,354
76,355
76,356
76,357
77,358
77,359
77,360
77,361
77,362
77,363
78,364
78,365
79,366
80,367
80,368
81,369
82,370
82,371
83,372
84,372
85,372
86,373
87,374
87,375
86,376
86,377
87,377
88,378
89,379
90,379
91,380
91,381
92,381
93,382
93,383
94,383
95,383
96,384
97,385
98,385
99,385
100,384
101,384
102,384
103,384
104,384
105,383
106,382
107,382
108,382
109,382
110,382
111,381
112,381
113,380
114,380
115,381
116,381
117,381
118,380
119,380
120,380
121,380
122,380
123,380
124,381
125,380
125,379
125,378
126,377
126,376
127,375
128,375
129,375
130,375
131,374
132,374
133,373
134,374
135,374
136,374
137,373
138,373
139,374
140,373
141,374
142,375
143,375
144,375
145,375
146,376
147,376
148,376
149,376
150,377
151,378
151,379
152,380
153,381
153,382
153,383
153,384
153,385
154,386
154,387
154,388
155,389
155,390
155,391
155,392
155,393
155,394
155,395
155,396
155,397
155,398
155,399
155,400
155,401
155,402
155,403
155,404
154,405
154,406
155,407
155,408
154,409
155,410
154,411
154,412
154,413
154,414
154,415
153,416
153,417
153,418
153,419
154,420
154,421
154,422
153,423
153,424
153,425
153,426
154,427
154,428
153,429
152,430
152,431
152,432
152,433
152,434
152,435
152,436
152,437
152,438
152,439
152,440
151,441
151,442
151,443
151,444
151,445
151,446
151,447
151,448
150,449
150,450
150,451
150,452
150,453
150,454
150,455
150,456
150,457
150,458
150,459
150,460
150,461
150,462
150,463
150,464
150,465
150,466
150,467
149,468
149,469
149,470
150,471
115,382