42,0
41,1
41,2
40,3
38,4
39,4
37,5
36,6
36,7
34,8
37,8
38,8
33,9
35,9
37,9
39,9
31,10
32,10
35,10
37,10
38,10
30,11
36,11
30,12
30,13
30,14
30,15
30,16
30,17
29,18
30,19
36,19
31,20
32,20
33,20
35,20
37,20
34,21
36,21
36,22
36,23
37,24
38,25
39,26
38,27
38,28
38,29
39,30
40,31
39,32
38,33
38,34
39,35
36,36
37,36
38,36
35,37
35,38
36,39
35,40
35,41
35,42
35,43
35,44
35,45
35,46
35,47
35,48
35,49
35,50
35,51
35,52
35,53
35,54
35,55
35,56
35,57
35,58
35,59
35,60
35,61
35,62
35,63
36,64
36,65
36,66
36,67
36,68
36,69
36,70
35,71
36,72
36,73
36,74
36,75
34,76
35,76
33,77
33,78
34,79
34,80
33,81
33,82
33,83
32,84
32,85
32,86
31,87
32,88
32,89
32,90
31,91
31,92
32,93
33,94
33,95
32,96
32,97
33,98
33,99
32,100
32,101
31,102
30,103
29,104
28,105
28,106
29,107
27,108
28,108
26,109
27,110
27,111
27,112
26,113
25,114
25,115
25,116
26,117
26,118
26,119
26,120
27,121
28,122
28,123
29,124
29,125
29,126
28,127
28,128
28,129
28,130
27,131
27,132
27,133
26,134
26,135
25,136
24,137
24,138
24,139
25,140
25,141
25,142
26,143
26,144
26,145
25,146
25,147
25,148
24,149
25,150
26,151
25,152
25,153
25,154
25,155
25,156
25,157
25,158
25,159
24,160
23,161
23,162
23,163
23,164
22,165
22,166
22,167
20,168
21,168
19,169
20,170
19,171
19,172
18,173
18,174
19,175
18,176
19,177
19,178
20,179
20,180
20,181
20,182
21,183
22,184
22,185
22,186
22,187
21,188
22,189
21,190
22,191
22,192
21,193
22,194
21,195
20,196
20,197
20,198
20,199
19,200
18,201
19,202
19,203
19,204
19,205
18,206
19,207
20,208
20,209
20,210
21,211
22,212
22,213
21,214
21,215
21,216
21,217
21,218
21,219
20,220
21,221
21,222
21,223
21,224
21,225
21,226
18,227
19,227
20,227
17,228
17,229
17,230
17,231
17,232
17,233
17,234
17,235
18,236
18,237
18,238
18,239
18,240
18,241
18,242
18,243
18,244
17,245
17,246
16,247
16,248
16,249
15,250
15,251
15,252
14,253
15,254
15,255
15,256
15,257
15,258
14,259
13,260
13,261
13,262
13,263
14,264
15,265
15,266
14,267
14,268
14,269
14,270
14,271
13,272
14,273
15,274
15,275
15,276
15,277
14,278
14,279
14,280
14,281
14,282
14,283
13,284
13,285
13,286
12,287
11,288
11,289
10,290
9,291
9,292
10,293
10,294
10,295
10,296
10,297
11,298
12,299
11,300
11,301
11,302
12,303
12,304
12,305
12,306
12,307
11,308
11,309
11,310
11,311
11,312
10,313
10,314
10,315
10,316
10,317
9,318
9,319
9,320
9,321
8,322
9,323
9,324
9,325
10,326
10,327
10,328
9,329
9,330
9,331
9,332
9,333
8,334
7,335
7,336
8,337
8,338
8,339
7,340
6,341
6,342
6,343
6,344
6,345
6,346
6,347
5,348
5,349
5,350
6,351
6,352
6,353
6,354
6,355
6,356
6,357
6,358
6,359
6,360
6,361
6,362
6,363
6,364
6,365
6,366
5,367
5,368
5,369
4,370
4,371
5,372
6,373
4,374
5,374
3,375
3,376
3,377
3,378
3,379
4,380
4,381
4,382
4,383
4,384
3,385
3,386
3,387
3,388
3,389
3,390
3,391
3,392
3,393
3,394
3,395
3,396
3,397
3,398
3,399
3,400
3,401
3,402
3,403
3,404
3,405
3,406
2,407
1,408
2,409
2,410
2,411
2,412
1,413
1,414
2,415
1,416
1,417
1,418
1,419
0,420
0,421
0,422
0,423
0,424
219,424
220,424
221,424
222,424
223,424
227,424
228,424
229,424
230,424
231,424
1,425
198,425
199,425
200,425
201,425
202,425
203,425
215,425
217,425
218,425
224,425
225,425
226,425
232,425
233,425
0,426
197,426
204,426
205,426
206,426
207,426
208,426
209,426
210,426
211,426
212,426
213,426
214,426
216,426
234,426
235,426
0,427
197,427
236,427
0,428
195,428
196,428
237,428
238,428
239,428
0,429
192,429
193,429
194,429
240,429
1,430
191,430
241,430
1,431
191,431
242,431
243,431
248,431
2,432
190,432
244,432
245,432
246,432
247,432
249,432
250,432
251,432
2,433
190,433
252,433
1,434
188,434
189,434
253,434
0,435
187,435
253,435
1,436
186,436
254,436
255,436
256,436
1,437
185,437
257,437
1,438
185,438
257,438
2,439
184,439
258,439
2,440
184,440
259,440
3,441
183,441
260,441
3,442
177,442
178,442
179,442
180,442
181,442
182,442
261,442
3,443
176,443
262,443
3,444
176,444
263,444
264,444
267,444
268,444
3,445
169,445
170,445
171,445
172,445
173,445
174,445
175,445
265,445
266,445
269,445
2,446
166,446
167,446
168,446
269,446
2,447
165,447
270,447
2,448
165,448
271,448
2,449
164,449
272,449
3,450
164,450
273,450
3,451
162,451
163,451
273,451
3,452
161,452
272,452
3,453
161,453
272,453
4,454
161,454
272,454
5,455
160,455
272,455
275,455
5,456
160,456
273,456
274,456
276,456
5,457
160,457
276,457
5,458
159,458
277,458
278,458
5,459
159,459
279,459
280,459
5,460
158,460
281,460
5,461
155,461
156,461
157,461
280,461
5,462
154,462
281,462
5,463
151,463
152,463
153,463
281,463
6,464
150,464
282,464
7,465
150,465
282,465
8,466
149,466
282,466
9,467
146,467
147,467
148,467
283,467
9,468
145,468
283,468
285,468
10,469
145,469
284,469
286,469
287,469
10,470
145,470
285,470
288,470
10,471
143,471
144,471
288,471
10,472
142,472
288,472
10,473
138,473
139,473
140,473
141,473
288,473
10,474
134,474
135,474
136,474
137,474
288,474
11,475
133,475
288,475
12,476
132,476
288,476
12,477
132,477
288,477
13,478
131,478
289,478
13,479
129,479
130,479
288,479
13,480
128,480
289,480
14,481
127,481
288,481
14,482
124,482
125,482
126,482
289,482
13,483
123,483
290,483
14,484
121,484
122,484
291,484
14,485
119,485
120,485
292,485
14,486
118,486
292,486
14,487
16,487
117,487
293,487
15,488
17,488
115,488
116,488
293,488
17,489
114,489
294,489
16,490
114,490
294,490
17,491
112,491
113,491
294,491
18,492
111,492
295,492
19,493
110,493
296,493
20,494
21,494
22,494
23,494
109,494
297,494
24,495
108,495
298,495
23,496
107,496
298,496
23,497
106,497
298,497
23,498
105,498
298,498
23,499
105,499
298,499
24,500
103,500
104,500
299,500
24,501
99,501
100,501
102,501
300,501
25,502
98,502
101,502
300,502
26,503
97,503
301,503
27,504
96,504
301,504
27,505
90,505
91,505
92,505
93,505
94,505
95,505
301,505
28,506
87,506
88,506
89,506
301,506
29,507
86,507
302,507
30,508
31,508
83,508
84,508
85,508
302,508
32,509
80,509
81,509
82,509
302,509
33,510
78,510
79,510
302,510
33,511
47,511
65,511
67,511
68,511
77,511
303,511
34,512
37,512
38,512
39,512
46,512
48,512
59,512
60,512
61,512
63,512
64,512
66,512
69,512
76,512
303,512
35,513
36,513
40,513
47,513
58,513
62,513
70,513
71,513
72,513
73,513
74,513
75,513
303,513
39,514
41,514
42,514
46,514
48,514
58,514
303,514
40,515
43,515
45,515
48,515
52,515
53,515
54,515
55,515
57,515
304,515
44,516
48,516
51,516
56,516
304,516
49,517
50,517
305,517
306,518
306,519
307,520
308,521
308,522
308,523
308,524
309,525
309,526
310,527
310,528
311,529
312,530
312,531
311,532
312,533
311,534
310,535
310,536
311,537
312,538
311,539
311,540
312,541
312,542
312,543
311,544
312,545
313,546
312,547
312,548
313,549
314,550
314,551
314,552
314,553
315,554
316,555
316,556
316,557
316,558
316,559
316,560
316,561
316,562
317,563
318,564
318,565
317,566
317,567
317,568
317,569
317,570
317,571
317,572
318,573
318,574
319,575
319,576
319,577
319,578
319,579
319,580
319,581
319,582
319,583
319,584
320,585
319,586
320,587
320,588
320,589
319,590
319,591
320,592
320,593
319,594
319,595
320,596
321,597
320,598
320,599
320,600
320,601
320,602
319,603
319,604
319,605
319,606
318,607
319,608
319,609
319,610
318,611
318,612
318,613
318,614
318,615
318,616
318,617
318,618
319,619
319,620
319,621
319,622
319,623
319,624
319,625
319,626
319,627
319,628
318,629
317,630
316,631
317,632
318,633
318,634
317,635
316,636
316,637
315,638
314,639
313,640
312,641
312,642
312,643
312,644
312,645
311,646
311,647
310,648
310,649
311,650
311,651
309,652
311,652
308,653
310,653
309,654
310,654
311,655
310,656
311,657
312,658
312,659
311,660
312,661
312,662
312,663
312,664
312,665
311,666
310,667
310,668
309,669
309,670
309,671
309,672
309,673
309,674
68,675
69,675
70,675
71,675
309,675
65,676
66,676
67,676
72,676
73,676
74,676
75,676
309,676
59,677
60,677
61,677
62,677
63,677
64,677
76,677
308,677
55,678
56,678
57,678
58,678
77,678
80,678
81,678
82,678
83,678
86,678
307,678
53,679
54,679
78,679
79,679
84,679
85,679
87,679
307,679
52,680
88,680
89,680
90,680
91,680
307,680
51,681
92,681
96,681
97,681
102,681
103,681
306,681
51,682
93,682
95,682
98,682
99,682
100,682
101,682
104,682
305,682
49,683
50,683
92,683
95,683
104,683
109,683
110,683
111,683
112,683
113,683
114,683
305,683
46,684
47,684
48,684
92,684
94,684
105,684
106,684
107,684
108,684
115,684
116,684
305,684
45,685
93,685
117,685
118,685
304,685
42,686
43,686
44,686
119,686
304,686
41,687
118,687
303,687
39,688
40,688
118,688
301,688
302,688
38,689
40,689
118,689
300,689
39,690
119,690
120,690
121,690
122,690
300,690
38,691
123,691
299,691
35,692
37,692
124,692
298,692
34,693
36,693
125,693
126,693
127,693
298,693
33,694
128,694
129,694
298,694
34,695
130,695
298,695
34,696
131,696
298,696
34,697
130,697
298,697
33,698
131,698
134,698
135,698
298,698
33,699
132,699
133,699
136,699
137,699
138,699
139,699
296,699
297,699
33,700
140,700
141,700
295,700
31,701
33,701
142,701
143,701
144,701
295,701
30,702
32,702
145,702
295,702
30,703
145,703
295,703
30,704
146,704
294,704
30,705
146,705
294,705
30,706
147,706
294,706
30,707
147,707
294,707
29,708
148,708
295,708
29,709
149,709
295,709
29,710
150,710
151,710
152,710
295,710
29,711
153,711
294,711
28,712
154,712
155,712
293,712
28,713
156,713
292,713
28,714
157,714
290,714
291,714
28,715
157,715
288,715
289,715
27,716
157,716
287,716
27,717
158,717
284,717
285,717
286,717
27,718
157,718
160,718
283,718
26,719
158,719
159,719
161,719
283,719
26,720
162,720
283,720
25,721
163,721
167,721
168,721
169,721
282,721
25,722
164,722
165,722
166,722
170,722
282,722
26,723
171,723
172,723
282,723
27,724
173,724
174,724
281,724
27,725
175,725
280,725
26,726
175,726
279,726
25,727
176,727
278,727
25,728
176,728
277,728
25,729
177,729
277,729
24,730
178,730
276,730
25,731
179,731
274,731
275,731
26,732
180,732
273,732
26,733
180,733
272,733
26,734
180,734
272,734
25,735
181,735
182,735
269,735
270,735
271,735
26,736
183,736
268,736
26,737
184,737
185,737
188,737
189,737
190,737
268,737
26,738
186,738
187,738
191,738
192,738
193,738
194,738
195,738
196,738
267,738
26,739
197,739
198,739
199,739
266,739
26,740
200,740
263,740
264,740
265,740
27,741
200,741
262,741
27,742
201,742
259,742
260,742
261,742
26,743
202,743
257,743
258,743
27,744
203,744
204,744
206,744
256,744
25,745
27,745
205,745
207,745
208,745
255,745
24,746
26,746
209,746
254,746
24,747
210,747
253,747
25,748
211,748
212,748
254,748
26,749
213,749
214,749
215,749
216,749
217,749
218,749
219,749
220,749
249,749
250,749
251,749
252,749
253,749
25,750
221,750
222,750
237,750
240,750
248,750
24,751
223,751
224,751
225,751
226,751
233,751
234,751
235,751
236,751
238,751
239,751
241,751
242,751
243,751
244,751
245,751
248,751
24,752
227,752
231,752
232,752
246,752
247,752
24,753
228,753
229,753
230,753
24,754
24,755
24,756
24,757
24,758
24,759
23,760
23,761
24,762
24,763
24,764
24,765
24,766
24,767
24,768
24,769
24,770
24,771
24,772
24,773
24,774
24,775
24,776
24,777
24,778
24,779
23,780
23,781
23,782
23,783
24,784
25,785
25,786
25,787
25,788
25,789
25,790
25,791
25,792
25,793
26,794
26,795
26,796
26,797
26,798
26,799
26,800
26,801
26,802
26,803
26,804
26,805
25,806
25,807
25,808
26,809
26,810
26,811
26,812
26,813
26,814
26,815
26,816
27,817
27,818
28,819
28,820
28,821
29,822
29,823
29,824
29,825
30,826
31,826
32,826
33,827
32,828
31,829
31,830
31,831
30,832
30,833
31,834
30,835
30,836
30,837
31,838
32,839
33,840
31,841
33,841
30,842
32,842
29,843
29,844
29,845
29,846
30,847
30,848
30,849
31,850
30,851
30,852
29,853
29,854
29,855
29,856
28,857
28,858
29,859
30,860
30,861
31,862
31,863
32,864
32,865
33,866
33,867
33,868
33,869
33,870
33,871
34,872
33,873
32,874
33,875
33,876
32,877
32,878
33,879
34,880
34,881
34,882
34,883
34,884
34,885
34,886
34,887
34,888
34,889
34,890
34,891
35,892
34,893
33,894
34,895
33,896
33,897
33,898
33,899
33,900
33,901
33,902
33,903
34,904
34,905
35,906
35,907
36,908
36,909
36,910
37,911
37,912
37,913
37,914
37,915
37,916
37,917
37,918
37,919
37,920
37,921
38,922
37,923
38,924
38,925
38,926
38,927
39,928
39,929
39,930
40,931
40,932
40,933
39,934
39,935
38,936
38,937
39,938
39,939
39,940
40,941
40,942
40,943
40,944
40,945
40,946
40,947
41,948
42,949
42,950
41,951
42,952
41,953
41,954
42,955
43,956
42,957
42,958
41,959
42,960
42,961
42,962
42,963
42,964
43,965
42,966
43,967
42,968
42,969
43,970
43,971
43,972
42,973
41,974
40,975
40,976
39,977
39,978
39,979
39,980
40,981
41,981
42,982
42,983