0,0
2,0
1,1
3,1
2,2
1,3
1,4
1,5
1,6
1,7
1,8
0,9
1,10
1,11
1,12
1,13
1,14
1,15
1,16
1,17
2,18
2,19
2,20
2,21
1,22
1,23
2,24
2,25
1,26
1,27
1,28
2,29
2,30
2,31
2,32
2,33
2,34
2,35
2,36
2,37
2,38
2,39
2,40
2,41
2,42
2,43
2,44
2,45
2,46
3,47
4,48
4,49
4,50
4,51
3,52
3,53
2,54
2,55
2,56
1,57
1,58
1,59
1,60
2,61
1,62
2,63
1,64
1,65
1,66
0,67
0,68
1,69
2,70
2,71
1,72
1,73
1,74
1,75
1,76
2,77
3,78
2,79
2,80
2,81
2,82
2,83
3,84
4,85
4,86
5,87
6,88
6,89
6,90
6,91
5,92
4,93
5,94
4,95
4,96
4,97
3,98
3,99
3,100
3,101
3,102
3,103
3,104
2,105
2,106
3,107
4,108
4,109
4,110
3,111
3,112
3,113
3,114
3,115
3,116
3,117
3,118
3,119
4,120
4,121
4,122
4,123
4,124
5,125
6,125
7,126
8,127
7,128
7,129
7,130
7,131
7,132
7,133
6,134
5,135
5,136
5,137
5,138
5,139
4,140
4,141
5,142
5,143
5,144
4,145
4,146
5,147
4,148
5,149
5,150
5,151
4,152
5,153
5,154
5,155
5,156
6,157
7,158
7,159
7,160
7,161
6,162
6,163
7,164
7,165
7,166
7,167
6,168
5,169
4,170
5,171
6,172
6,173
6,174
6,175
6,176
6,177
6,178
7,179
8,180
7,181
7,182
8,183
8,184
8,185
8,186
7,187
8,188
8,189
8,190
8,191
8,192
7,193
7,194
8,195
7,196
8,197
8,198
7,199
7,200
6,201
7,202
6,203
6,204
6,205
6,206
6,207
7,208
6,209
6,210
7,211
8,212
8,213
9,214
9,215
9,216
9,217
9,218
8,219
8,220
7,221
9,221
8,222
10,222
10,223
10,224
10,225
9,226
9,227
7,228
8,228
6,229
7,230
7,231
7,232
7,233
8,234
9,235
9,236
9,237
8,238
7,239
7,240
7,241
7,242
8,243
7,244
7,245
7,246
7,247
7,248
7,249
7,250
7,251
7,252
8,253
8,254
8,255
8,256
8,257
8,258
7,259
7,260
8,261
8,262
9,263
8,264
8,265
8,266
8,267
7,268
7,269
7,270
7,271
7,272
7,273
7,274
8,275
8,276
8,277
8,278
8,279
9,280
9,281
8,282
8,283
8,284
7,285
7,286
7,287
8,288
8,289
8,290
7,291
8,292
8,293
8,294
8,295
8,296
9,297
9,298
8,299
8,300
8,301
9,302
9,303
8,304
8,305
9,306
9,307
9,308
9,309
9,310
8,311
8,312
8,313
8,314
8,315
8,316
9,317
9,318
9,319
9,320
10,321
9,322
8,323
7,324
8,325
9,326
10,327
10,328
11,329
11,330
11,331
11,332
12,333
11,334
12,335
13,336
14,337
14,338
14,339
14,340
13,341
12,342
12,343
13,344
14,345
13,346
13,347
13,348
13,349
13,350
12,351
11,352
11,353
11,354
11,355
11,356
12,357
12,358
11,359
10,360
8,361
9,361
7,362
7,363
7,364
6,365
6,366
7,367
7,368
8,369
9,370
10,371
9,372
10,373
12,373
11,374
13,374
13,375
13,376
13,377
13,378
13,379
13,380
13,381
13,382
13,383
13,384
12,385
12,386
12,387
12,388
13,389
13,390
13,391
13,392
12,393
11,394
11,395
11,396
11,397
11,398
12,399
12,400
11,401
11,402
11,403
11,404
11,405
11,406
11,407
10,408
10,409
10,410
9,411
8,412
8,413
9,414
9,415
10,416
10,417
9,418
12,418
9,419
11,419
13,419
10,420
12,420
11,421
12,421
13,422
12,423
11,424
11,425
12,426
11,427
11,428
11,429
11,430
11,431
12,432
12,433
12,434
11,435
11,436
12,437
12,438
12,439
12,440
12,441
13,442
14,443
14,444
14,445
14,446
14,447
14,448
14,449
13,450
12,451
12,452
13,453
13,454
12,455
11,456
12,457
12,458
11,459
11,460
11,461
10,462
10,463
9,464
10,465
10,466
10,467
11,468
12,469
13,470
14,471
14,472
13,473
13,474
14,475
13,476
12,477
12,478
11,479
10,480
10,481
11,482
12,483
13,484
13,485
13,486
12,487
12,488
12,489
12,490
11,491
10,492
12,492
210,492
211,492
212,492
11,493
13,493
208,493
209,493
213,493
214,493
14,494
207,494
215,494
216,494
217,494
218,494
223,494
224,494
225,494
226,494
227,494
228,494
14,495
205,495
206,495
219,495
220,495
221,495
222,495
229,495
230,495
231,495
232,495
233,495
234,495
8,496
9,496
13,496
198,496
201,496
202,496
203,496
204,496
235,496
236,496
237,496
238,496
239,496
240,496
7,497
10,497
11,497
12,497
196,497
197,497
199,497
200,497
241,497
242,497
6,498
195,498
243,498
7,499
194,499
244,499
7,500
193,500
245,500
246,500
247,500
248,500
249,500
250,500
251,500
252,500
7,501
191,501
192,501
253,501
254,501
255,501
6,502
185,502
186,502
189,502
190,502
256,502
6,503
184,503
187,503
188,503
257,503
7,504
183,504
258,504
6,505
8,505
176,505
181,505
182,505
259,505
5,506
7,506
8,506
11,506
175,506
177,506
180,506
259,506
6,507
7,507
9,507
10,507
12,507
175,507
178,507
179,507
260,507
8,508
13,508
174,508
261,508
262,508
14,509
173,509
263,509
14,510
171,510
172,510
264,510
14,511
170,511
264,511
14,512
168,512
169,512
265,512
266,512
14,513
165,513
166,513
167,513
267,513
14,514
158,514
160,514
161,514
162,514
163,514
164,514
267,514
14,515
156,515
157,515
159,515
267,515
15,516
146,516
147,516
149,516
150,516
151,516
152,516
153,516
154,516
155,516
268,516
15,517
145,517
148,517
269,517
15,518
143,518
144,518
270,518
271,518
15,519
142,519
272,519
16,520
142,520
273,520
274,520
16,521
141,521
275,521
15,522
140,522
275,522
16,523
138,523
139,523
276,523
17,524
137,524
277,524
278,524
18,525
136,525
279,525
280,525
18,526
135,526
281,526
19,527
134,527
281,527
19,528
132,528
133,528
281,528
20,529
131,529
282,529
20,530
128,530
129,530
130,530
283,530
21,531
127,531
284,531
21,532
124,532
125,532
126,532
284,532
21,533
118,533
119,533
120,533
122,533
123,533
284,533
22,534
117,534
121,534
284,534
23,535
116,535
284,535
24,536
114,536
115,536
284,536
25,537
113,537
284,537
26,538
113,538
285,538
27,539
112,539
286,539
28,540
111,540
286,540
28,541
108,541
109,541
110,541
287,541
288,541
27,542
107,542
289,542
27,543
101,543
103,543
104,543
105,543
106,543
290,543
26,544
100,544
102,544
291,544
293,544
294,544
27,545
99,545
292,545
295,545
28,546
99,546
294,546
29,547
30,547
31,547
93,547
94,547
95,547
96,547
97,547
98,547
294,547
32,548
92,548
295,548
32,549
90,549
91,549
296,549
32,550
89,550
295,550
33,551
88,551
296,551
34,552
35,552
37,552
38,552
39,552
87,552
295,552
36,553
40,553
76,553
77,553
78,553
79,553
80,553
81,553
84,553
85,553
86,553
295,553
41,554
75,554
82,554
83,554
295,554
42,555
43,555
44,555
74,555
295,555
45,556
46,556
47,556
48,556
71,556
73,556
295,556
49,557
50,557
68,557
69,557
70,557
72,557
295,557
51,558
56,558
57,558
67,558
295,558
52,559
53,559
54,559
55,559
58,559
59,559
60,559
61,559
62,559
63,559
66,559
296,559
64,560
65,560
296,560
296,561
296,562
296,563
296,564
297,565
298,565
299,565
300,566
300,567
301,568
302,569
303,570
303,571
302,572
303,573
304,574
305,575
304,576
305,577
306,578
307,579
307,580
307,581
308,582
308,583
308,584
307,585
307,586
307,587
307,588
307,589
307,590
307,591
307,592
307,593
307,594
308,595
308,596
308,597
307,598
307,599
307,600
307,601
307,602
307,603
307,604
307,605
307,606
307,607
308,608
309,609
309,610
310,611
311,612
312,613
312,614
312,615
312,616
312,617
312,618
312,619
312,620
312,621
312,622
312,623
312,624
312,625
312,626
312,627
312,628
311,629
310,630
310,631
310,632
310,633
310,634
310,635
310,636
310,637
310,638
311,639
310,640
310,641
310,642
310,643
311,644
311,645
310,646
309,647
308,648
309,649
309,650
309,651
308,652
308,653
308,654
308,655
309,656
308,657
307,658
307,659
307,660
307,661
306,662
305,663
304,664
303,665
303,666
303,667
302,668
301,669
301,670
301,671
301,672
302,673
302,674
302,675
301,676
301,677
301,678
301,679
301,680
300,681
300,682
300,683
300,684
299,685
298,686
298,687
298,688
297,689
297,690
296,691
295,692
295,693
295,694
294,695
294,696
294,697
293,698
293,699
293,700
293,701
293,702
292,703
291,704
290,705
290,706
290,707
289,708
289,709
289,710
289,711
288,712
288,713
288,714
287,715
287,716
287,717
286,718
285,719
285,720
284,721
283,722
283,723
283,724
283,725
283,726
283,727
282,728
281,729
281,730
281,731
281,732
281,733
69,734
70,734
71,734
281,734
68,735
72,735
73,735
74,735
75,735
76,735
77,735
78,735
279,735
280,735
62,736
63,736
64,736
65,736
66,736
67,736
79,736
278,736
57,737
58,737
59,737
60,737
61,737
80,737
277,737
56,738
81,738
82,738
83,738
276,738
55,739
84,739
276,739
54,740
84,740
91,740
96,740
276,740
53,741
85,741
86,741
90,741
92,741
95,741
97,741
98,741
274,741
275,741
51,742
52,742
87,742
89,742
93,742
94,742
99,742
273,742
50,743
86,743
88,743
98,743
273,743
48,744
49,744
87,744
97,744
272,744
47,745
98,745
99,745
100,745
272,745
46,746
101,746
102,746
103,746
104,746
105,746
106,746
107,746
108,746
272,746
46,747
109,747
110,747
111,747
272,747
43,748
45,748
112,748
113,748
272,748
40,749
42,749
44,749
114,749
271,749
39,750
41,750
115,750
270,750
39,751
115,751
269,751
35,752
39,752
116,752
268,752
34,753
36,753
37,753
38,753
117,753
267,753
34,754
117,754
267,754
34,755
118,755
119,755
120,755
121,755
122,755
266,755
34,756
123,756
266,756
34,757
124,757
265,757
34,758
125,758
126,758
264,758
34,759
127,759
263,759
34,760
128,760
262,760
33,761
129,761
130,761
260,761
261,761
34,762
131,762
258,762
259,762
34,763
132,763
133,763
134,763
257,763
33,764
135,764
257,764
32,765
136,765
138,765
256,765
32,766
137,766
139,766
141,766
255,766
32,767
140,767
142,767
254,767
31,768
142,768
254,768
30,769
143,769
144,769
253,769
30,770
145,770
252,770
30,771
146,771
147,771
252,771
30,772
148,772
149,772
252,772
29,773
150,773
250,773
251,773
29,774
151,774
249,774
29,775
151,775
248,775
29,776
152,776
153,776
154,776
246,776
247,776
29,777
155,777
156,777
245,777
29,778
157,778
244,778
29,779
158,779
242,779
243,779
28,780
159,780
160,780
161,780
162,780
241,780
28,781
163,781
164,781
239,781
240,781
28,782
165,782
166,782
167,782
237,782
238,782
27,783
168,783
169,783
235,783
236,783
26,784
170,784
229,784
230,784
231,784
232,784
233,784
234,784
25,785
171,785
227,785
228,785
25,786
171,786
225,786
226,786
26,787
172,787
173,787
224,787
26,788
174,788
222,788
223,788
25,789
175,789
176,789
177,789
178,789
220,789
221,789
25,790
179,790
214,790
215,790
216,790
217,790
218,790
219,790
24,791
180,791
181,791
190,791
213,791
23,792
182,792
183,792
184,792
185,792
186,792
187,792
188,792
189,792
191,792
209,792
212,792
23,793
192,793
208,793
210,793
211,793
22,794
193,794
194,794
195,794
196,794
197,794
198,794
199,794
200,794
201,794
202,794
203,794
204,794
205,794
207,794
22,795
206,795
22,796
22,797
22,798
21,799
20,800
20,801
20,802
21,803
21,804
21,805
21,806
21,807
22,808
22,809
23,810
23,811
23,812
22,813
23,814
22,815
21,816
21,817
21,818
21,819
21,820
20,821
20,822
20,823
20,824
20,825
20,826
20,827
21,828
20,829
19,830
19,831
19,832
18,833
18,834
17,835
16,836
17,837
17,838
18,839
19,840
20,841
20,842
20,843
20,844
20,845
20,846
20,847
20,848
19,849
19,850
19,851
19,852
19,853
19,854
18,855
18,856
17,857
17,858
17,859
17,860
17,861
17,862
17,863
17,864
17,865
17,866
17,867
17,868
17,869
17,870
17,871
16,872
16,873
16,874
15,875
15,876
15,877
15,878
16,879
17,880
18,881
18,882
18,883
18,884
17,885
16,886
16,887
17,888
17,889
17,890
17,891
17,892
16,893
16,894
15,895
15,896
14,897
13,898
13,899
13,900
12,901
13,902
13,903
14,904
15,905
15,906
14,907
14,908
14,909
14,910
14,911
14,912
15,913
14,914
13,915
13,916
13,917
13,918
13,919
13,920
12,921
12,922
12,923
12,924
12,925
12,926
11,927
11,928
11,929
11,930
11,931
11,932
11,933
11,934
11,935
11,936
11,937
11,938
11,939
11,940
11,941
11,942
11,943
11,944
11,945
11,946
11,947
12,948
13,949
14,950
13,951
13,952
13,953
13,954
13,955
13,956
13,957
12,958
12,959
11,960
10,961
9,962
10,963
11,964
11,965
11,966
10,967
11,968
11,969
11,970
10,971
10,972
9,973
9,974
9,975
9,976
10,977
10,978
9,979
8,980
9,981
9,982
9,983
9,984
8,985
7,986
6,987
6,988
6,989
6,990
6,991
6,992
7,993
8,994
8,995
8,996
7,997
7,998
7,999
7,1000
7,1001
7,1002
6,1003
6,1004
6,1005
6,1006
5,1007
5,1008
5,1009
4,1010
4,1011
4,1012
4,1013
4,1014
4,1015
4,1016
4,1017
5,1018
6,1019
5,1020
4,1021
4,1022
3,1023
4,1024
5,1024
6,1025
6,1026
6,1027
4,1028
5,1028
3,1029
4,1030
3,1031
3,1032
3,1033
2,1034
2,1035
2,1036
1,1037
1,1038
2,1039
2,1040
1,1041
1,1042
1,1043
2,1044
3,1045
3,1046
3,1047
3,1048
2,1049
3,1050
3,1051
3,1052
4,1053
5,1054
5,1055
6,1056
7,1057
7,1058
8,1059
9,1060
8,1061