18,0
19,1
20,2
19,3
20,4
21,4
22,5
23,5
24,6
25,6
26,7
28,7
27,8
29,8
28,9
27,10
26,11
27,12
28,12
29,12
30,13
27,14
28,14
29,14
26,15
26,16
26,17
26,18
26,19
26,20
25,21
25,22
25,23
25,24
25,25
26,26
27,27
27,28
27,29
27,30
27,31
27,32
27,33
27,34
27,35
27,36
26,37
27,38
27,39
27,40
27,41
27,42
27,43
27,44
28,45
28,46
28,47
28,48
29,49
30,50
29,51
29,52
29,53
29,54
29,55
29,56
28,57
27,58
27,59
27,60
27,61
27,62
27,63
27,64
27,65
26,66
26,67
26,68
26,69
26,70
26,71
27,72
27,73
28,74
28,75
28,76
28,77
28,78
29,79
29,80
29,81
28,82
28,83
28,84
28,85
28,86
28,87
29,88
29,89
29,90
29,91
29,92
29,93
28,94
28,95
28,96
28,97
29,98
29,99
29,100
29,101
30,102
31,103
31,104
30,105
30,106
30,107
30,108
29,109
29,110
30,111
31,112
31,113
31,114
31,115
31,116
31,117
30,118
30,119
29,120
29,121
30,122
29,123
28,124
28,125
29,126
30,127
31,128
30,129
31,130
32,131
32,132
32,133
32,134
33,135
32,136
31,137
31,138
30,139
30,140
30,141
31,142
31,143
31,144
31,145
31,146
31,147
31,148
31,149
31,150
31,151
30,152
30,153
30,154
31,155
32,156
32,157
32,158
32,159
31,160
31,161
31,162
32,163
32,164
33,165
32,166
32,167
33,168
33,169
34,170
33,171
33,172
33,173
34,174
35,175
35,176
35,177
35,178
35,179
34,180
33,181
33,182
32,183
32,184
33,185
33,186
33,187
34,188
34,189
34,190
35,191
34,192
35,193
35,194
34,195
36,195
35,196
35,197
35,198
35,199
35,200
34,201
34,202
34,203
34,204
34,205
34,206
34,207
34,208
33,209
33,210
33,211
32,212
32,213
32,214
32,215
32,216
32,217
33,218
33,219
33,220
33,221
34,222
33,223
33,224
33,225
33,226
34,227
34,228
34,229
35,230
35,231
36,232
37,233
36,234
36,235
37,236
37,237
36,238
36,239
36,240
36,241
36,242
35,243
36,244
37,244
38,245
37,246
36,247
36,248
36,249
36,250
36,251
36,252
36,253
36,254
37,255
37,256
37,257
37,258
38,259
38,260
38,261
37,262
37,263
38,264
40,264
39,265
41,265
39,266
40,266
38,267
242,267
243,267
244,267
245,267
246,267
247,267
248,267
276,267
38,268
241,268
249,268
250,268
251,268
254,268
255,268
256,268
257,268
271,268
272,268
273,268
274,268
275,268
277,268
38,269
240,269
252,269
253,269
258,269
259,269
260,269
270,269
277,269
38,270
239,270
261,270
262,270
270,270
277,270
37,271
238,271
263,271
264,271
265,271
266,271
270,271
278,271
279,271
280,271
281,271
38,272
237,272
267,272
268,272
269,272
282,272
283,272
284,272
37,273
231,273
232,273
233,273
234,273
235,273
236,273
285,273
286,273
287,273
38,274
230,274
288,274
38,275
228,275
229,275
289,275
38,276
226,276
227,276
290,276
38,277
223,277
224,277
225,277
291,277
292,277
38,278
222,278
293,278
294,278
295,278
39,279
221,279
296,279
39,280
220,280
297,280
38,281
218,281
219,281
298,281
39,282
216,282
217,282
299,282
300,282
39,283
215,283
301,283
39,284
215,284
302,284
39,285
215,285
303,285
40,286
215,286
304,286
41,287
214,287
305,287
41,288
214,288
306,288
307,288
308,288
41,289
203,289
204,289
215,289
309,289
41,290
202,290
205,290
206,290
207,290
208,290
209,290
214,290
309,290
41,291
201,291
210,291
213,291
309,291
41,292
200,292
211,292
212,292
310,292
41,293
199,293
311,293
42,294
198,294
311,294
41,295
197,295
312,295
41,296
197,296
313,296
314,296
42,297
195,297
196,297
315,297
42,298
194,298
315,298
43,299
193,299
316,299
43,300
190,300
191,300
192,300
317,300
44,301
189,301
318,301
44,302
186,302
187,302
188,302
319,302
44,303
184,303
185,303
319,303
44,304
182,304
183,304
319,304
44,305
181,305
319,305
45,306
181,306
320,306
321,306
46,307
180,307
322,307
46,308
179,308
322,308
46,309
179,309
322,309
47,310
178,310
323,310
47,311
177,311
323,311
47,312
176,312
324,312
325,312
48,313
173,313
174,313
175,313
326,313
49,314
171,314
172,314
326,314
50,315
51,315
170,315
327,315
52,316
167,316
168,316
169,316
328,316
53,317
54,317
55,317
166,317
328,317
56,318
165,318
329,318
57,319
165,319
330,319
58,320
164,320
331,320
57,321
163,321
331,321
58,322
59,322
162,322
330,322
60,323
158,323
159,323
160,323
161,323
331,323
60,324
156,324
157,324
331,324
59,325
153,325
154,325
155,325
332,325
58,326
152,326
333,326
59,327
60,327
152,327
333,327
61,328
151,328
333,328
61,329
150,329
334,329
62,330
63,330
64,330
65,330
149,330
335,330
66,331
149,331
335,331
67,332
144,332
145,332
148,332
335,332
66,333
143,333
146,333
147,333
335,333
66,334
142,334
334,334
66,335
141,335
334,335
65,336
140,336
335,336
66,337
139,337
335,337
67,338
139,338
336,338
65,339
66,339
69,339
72,339
75,339
76,339
77,339
78,339
138,339
337,339
338,339
64,340
66,340
67,340
68,340
70,340
71,340
73,340
74,340
79,340
128,340
129,340
130,340
131,340
132,340
133,340
136,340
137,340
339,340
65,341
80,341
125,341
126,341
127,341
134,341
135,341
339,341
81,342
82,342
122,342
123,342
124,342
339,342
83,343
121,343
339,343
84,344
118,344
119,344
120,344
339,344
84,345
114,345
115,345
116,345
117,345
338,345
85,346
113,346
339,346
86,347
112,347
340,347
87,348
109,348
110,348
111,348
340,348
87,349
105,349
106,349
107,349
108,349
339,349
88,350
90,350
99,350
100,350
101,350
103,350
104,350
340,350
89,351
91,351
95,351
96,351
97,351
98,351
102,351
341,351
92,352
93,352
94,352
340,352
339,353
340,354
341,355
341,356
342,357
343,358
343,359
344,360
345,361
345,362
343,363
344,363
342,364
342,365
343,366
344,366
345,367
345,368
346,369
347,370
348,371
348,372
348,373
348,374
348,375
348,376
349,377
349,378
349,379
349,380
349,381
350,382
351,383
352,384
353,385
353,386
353,387
353,388
352,389
353,390
353,391
352,392
352,393
353,394
354,395
353,396
354,397
354,398
355,399
355,400
355,401
355,402
355,403
356,404
356,405
356,406
355,407
354,408
354,409
354,410
355,411
355,412
355,413
355,414
355,415
355,416
355,417
355,418
355,419
355,420
354,421
353,422
354,423
354,424
354,425
355,426
355,427
355,428
354,429
354,430
354,431
354,432
354,433
354,434
353,435
353,436
353,437
353,438
353,439
353,440
353,441
353,442
353,443
353,444
353,445
353,446
353,447
353,448
353,449
352,450
352,451
352,452
352,453
352,454
352,455
352,456
352,457
352,458
351,459
351,460
352,461
352,462
351,463
350,464
349,465
349,466
348,467
348,468
348,469
348,470
348,471
348,472
348,473
348,474
349,475
349,476
349,477
348,478
347,479
347,480
346,481
346,482
346,483
346,484
345,485
345,486
77,487
78,487
79,487
80,487
81,487
90,487
91,487
344,487
76,488
82,488
85,488
86,488
87,488
88,488
89,488
92,488
93,488
94,488
95,488
96,488
97,488
100,488
104,488
105,488
106,488
107,488
108,488
344,488
74,489
75,489
83,489
84,489
98,489
99,489
101,489
102,489
103,489
109,489
110,489
344,489
73,490
111,490
344,490
71,491
72,491
112,491
113,491
114,491
343,491
69,492
70,492
115,492
116,492
117,492
342,492
67,493
68,493
118,493
341,493
66,494
119,494
341,494
65,495
120,495
341,495
62,496
64,496
121,496
122,496
123,496
340,496
61,497
63,497
124,497
125,497
340,497
60,498
62,498
126,498
128,498
340,498
59,499
127,499
129,499
130,499
131,499
132,499
340,499
58,500
133,500
340,500
57,501
134,501
340,501
57,502
134,502
340,502
56,503
135,503
136,503
137,503
138,503
340,503
56,504
139,504
339,504
55,505
140,505
141,505
142,505
143,505
144,505
338,505
53,506
54,506
145,506
337,506
52,507
145,507
336,507
49,508
50,508
51,508
145,508
335,508
48,509
146,509
147,509
148,509
149,509
335,509
48,510
150,510
334,510
47,511
151,511
333,511
47,512
152,512
332,512
47,513
153,513
333,513
47,514
153,514
334,514
47,515
154,515
155,515
333,515
47,516
156,516
157,516
333,516
47,517
158,517
332,517
334,517
46,518
159,518
331,518
333,518
47,519
160,519
161,519
332,519
47,520
162,520
331,520
46,521
162,521
330,521
45,522
163,522
164,522
329,522
45,523
165,523
328,523
45,524
166,524
327,524
44,525
167,525
327,525
44,526
167,526
328,526
44,527
168,527
169,527
170,527
328,527
43,528
171,528
328,528
43,529
171,529
327,529
42,530
172,530
327,530
42,531
173,531
327,531
42,532
174,532
175,532
325,532
326,532
41,533
176,533
324,533
40,534
177,534
324,534
40,535
178,535
179,535
180,535
323,535
39,536
181,536
322,536
39,537
181,537
321,537
38,538
182,538
183,538
184,538
185,538
187,538
188,538
189,538
321,538
37,539
186,539
190,539
320,539
37,540
189,540
320,540
37,541
189,541
318,541
319,541
37,542
190,542
191,542
317,542
36,543
192,543
317,543
36,544
192,544
317,544
36,545
193,545
194,545
316,545
35,546
195,546
316,546
35,547
196,547
315,547
35,548
197,548
314,548
34,549
198,549
312,549
313,549
34,550
199,550
200,550
201,550
311,550
34,551
202,551
310,551
34,552
203,552
309,552
33,553
204,553
308,553
32,554
205,554
206,554
207,554
208,554
209,554
307,554
32,555
210,555
211,555
305,555
306,555
32,556
212,556
302,556
304,556
33,557
213,557
301,557
303,557
33,558
213,558
301,558
33,559
212,559
302,559
32,560
212,560
301,560
32,561
212,561
299,561
300,561
32,562
213,562
214,562
298,562
32,563
215,563
294,563
295,563
297,563
31,564
216,564
292,564
293,564
296,564
31,565
216,565
291,565
31,566
217,566
290,566
30,567
218,567
219,567
289,567
30,568
220,568
221,568
288,568
30,569
222,569
288,569
30,570
223,570
286,570
287,570
30,571
224,571
225,571
226,571
285,571
30,572
227,572
228,572
229,572
230,572
280,572
284,572
30,573
231,573
232,573
233,573
234,573
235,573
236,573
237,573
279,573
281,573
282,573
283,573
30,574
238,574
276,574
277,574
278,574
30,575
239,575
245,575
246,575
275,575
30,576
240,576
241,576
242,576
243,576
244,576
247,576
272,576
273,576
274,576
29,577
247,577
271,577
29,578
248,578
249,578
250,578
262,578
263,578
264,578
265,578
271,578
29,579
251,579
259,579
260,579
261,579
266,579
267,579
268,579
269,579
270,579
29,580
252,580
253,580
255,580
256,580
257,580
258,580
29,581
254,581
28,582
28,583
28,584
28,585
28,586
28,587
28,588
28,589
28,590
28,591
28,592
29,593
29,594
29,595
28,596
27,597
27,598
27,599
26,600
26,601
26,602
26,603
25,604
25,605
25,606
25,607
25,608
25,609
24,610
24,611
24,612
24,613
25,614
26,614
27,615
26,616
26,617
26,618
25,619
25,620
25,621
24,622
24,623
24,624
23,625
23,626
24,627
24,628
24,629
23,630
23,631
23,632
23,633
23,634
23,635
23,636
23,637
23,638
22,639
21,640
21,641
21,642
21,643
21,644
21,645
21,646
21,647
22,648
22,649
22,650
22,651
22,652
21,653
21,654
21,655
21,656
20,657
20,658
19,659
19,660
19,661
19,662
19,663
19,664
20,665
20,666
19,667
20,668
20,669
20,670
20,671
20,672
19,673
18,674
18,675
18,676
17,677
18,678
17,679
16,680
16,681
15,682
15,683
15,684
16,685
16,686
16,687
16,688
16,689
17,690
17,691
17,692
17,693
17,694
17,695
16,696
17,697
16,698
18,698
15,699
17,699
15,700
15,701
16,702
16,703
15,704
14,705
15,706
15,707
15,708
15,709
15,710
15,711
14,712
14,713
15,714
15,715
14,716
14,717
14,718
13,719
14,720
14,721
13,722
13,723
12,724
12,725
12,726
12,727
12,728
12,729
12,730
12,731
12,732
12,733
12,734
12,735
12,736
12,737
12,738
11,739
11,740
11,741
11,742
11,743
11,744
11,745
11,746
11,747
10,748
10,749
10,750
10,751
11,752
10,753
10,754
10,755
10,756
10,757
10,758
10,759
10,760
10,761
10,762
10,763
10,764
10,765
10,766
9,767
9,768
9,769
9,770
10,771
10,772
11,773
11,774
11,775
11,776
10,777
10,778
9,779
8,780
9,781
8,782
8,783
8,784
8,785
8,786
8,787
8,788
7,789
7,790
7,791
6,792
6,793
6,794
6,795
5,796
5,797
5,798
5,799
5,800
5,801
5,802
5,803
4,804
5,805
4,806
4,807
5,808
4,809
3,810
3,811
4,812
3,813
3,814
3,815
3,816
4,817
4,818
3,819
3,820
3,821
3,822
4,823
5,824
5,825
5,826
5,827
5,828
5,829
5,830
5,831
4,832
4,833
4,834
4,835
5,836
5,837
5,838
4,839
5,840
5,841
3,842
4,842
2,843
4,843
3,844
2,845
1,846
1,847
0,848
0,849
1,850
2,851
3,851
4,851
5,852
4,853
5,854
5,855
5,856
5,857
4,858
4,859
6,859
4,860
5,860
7,860
3,861
5,861
6,861
2,862
4,862
2,863
2,864
2,865
3,866
2,867
2,868
2,869
1,870
0,871
1,872
1,873
2,874
2,875
3,876
2,877
3,878
3,879
5,879
6,879
4,880
7,880
7,881
6,882
5,883
6,884
7,884
8,885
9,886
10,886
11,886
12,887
12,888