452,315
176,505
175,504
175,503
174,502
175,501
175,500
174,499
173,498
173,497
173,496
173,495
173,494
174,493
174,492
174,491
174,490
173,489
173,488
173,487
173,486
173,485
173,484
172,483
172,482
172,481
172,480
172,479
172,478
172,477
172,476
172,475
172,474
172,473
172,472
172,471
173,470
173,469
173,468
173,467
173,466
173,465
173,464
173,463
173,462
173,461
173,460
173,459
173,458
173,457
174,456
173,455
173,454
174,453
173,452
174,451
174,450
174,449
174,448
173,447
173,446
173,445
173,444
173,443
172,442
172,441
172,440
171,439
171,438
170,437
170,436
170,435
170,434
170,433
170,432
169,431
170,430
169,429
169,428
168,427
167,426
166,425
166,424
165,423
164,422
164,421
163,420
162,420
161,420
160,420
159,420
158,420
157,420
156,420
155,420
154,420
153,420
152,420
151,420
150,420
149,420
148,420
147,420
146,421
145,421
144,422
143,422
142,422
141,423
140,424
139,424
138,425
137,425
136,425
135,426
134,426
133,427
132,428
131,428
130,429
129,429
128,429
127,429
126,429
125,430
124,430
123,430
122,430
121,430
120,430
119,430
118,430
117,431
116,431
115,431
114,430
113,430
112,430
111,430
110,430
109,430
109,429
108,428
107,428
106,427
105,427
104,427
103,426
102,425
101,425
100,424
99,423
99,422
99,421
99,420
98,419
97,418
97,417
96,416
95,415
94,414
93,413
93,412
92,411
92,410
92,409
91,408
91,407
91,406
91,405
91,404
91,403
90,402
90,401
90,400
90,399
90,398
90,397
90,396
91,395
91,394
91,393
91,392
91,391
91,390
91,389
91,388
91,387
91,386
91,385
91,384
91,383
91,382
92,381
93,380
94,379
94,378
95,377
95,376
95,375
96,374
96,373
96,372
97,372
98,371
99,370
99,369
99,368
99,367
100,366
101,366
102,365
103,364
104,363
105,362
105,361
106,361
107,360
108,359
109,360
110,359
111,359
112,359
113,359
114,359
115,359
116,359
117,359
118,359
119,359
120,359
121,360
122,360
123,360
124,360
124,359
125,361
126,362
127,362
128,362
129,363
130,363
131,363
132,364
133,365
134,365
135,366
136,366
137,366
138,366
139,366
140,366
141,366
142,367
143,367
144,368
145,368
146,368
147,369
148,369
149,369
150,369
151,369
152,369
153,369
154,369
155,369
156,369
157,369
158,369
159,369
160,369
161,369
162,369
163,369
164,368
165,367
166,366
167,365
167,364
167,363
168,362
169,361
170,360
170,359
170,358
170,357
171,356
171,355
171,354
172,353
172,352
173,351
174,350
175,349
175,348
175,347
175,346
175,345
175,344
175,343
175,342
175,341
175,340
175,339
175,338
175,337
175,336
175,335
175,334
175,333
175,332
175,331
175,330
175,329
175,328
175,327
175,326
175,325
175,324
175,323
175,322
175,321
175,320
175,319
175,318
175,317
175,316
175,315
175,314
176,313
176,312
176,311
176,310
176,309
176,308
176,307
176,306
177,305