270,0
270,1
270,2
270,3
270,4
270,5
270,6
270,7
270,8
270,9
269,10
268,11
268,12
269,13
269,14
268,15
269,16
268,17
269,18
268,19
267,20
265,21
266,21
264,22
263,23
263,24
264,25
264,26
264,27
265,28
266,28
267,29
267,30
267,31
267,32
268,33
269,34
269,35
269,36
268,37
269,38
268,39
268,40
269,41
269,42
269,43
268,44
268,45
268,46
268,47
268,48
269,49
269,50
269,51
269,52
269,53
269,54
270,55
269,56
269,57
269,58
268,59
268,60
268,61
269,62
269,63
269,64
269,65
269,66
268,67
268,68
268,69
268,70
269,71
268,72
268,73
268,74
268,75
268,76
269,77
269,78
269,79
269,80
269,81
270,82
270,83
270,84
269,85
270,86
270,87
269,88
270,89
270,90
270,91
270,92
271,93
271,94
271,95
271,96
271,97
272,98
272,99
272,100
271,101
271,102
271,103
271,104
271,105
270,106
270,107
270,108
270,109
270,110
271,111
270,112
271,113
270,114
271,115
271,116
271,117
271,118
271,119
272,120
272,121
272,122
273,123
273,124
272,125
272,126
273,127
273,128
273,129
272,130
272,131
271,132
270,133
270,134
270,135
269,136
268,137
268,138
269,139
270,140
270,141
269,142
270,143
270,144
271,145
270,146
271,147
271,148
271,149
271,150
271,151
271,152
271,153
271,154
271,155
271,156
271,157
271,158
271,159
271,160
271,161
271,162
271,163
272,164
272,165
272,166
272,167
272,168
271,169
271,170
272,171
272,172
272,173
272,174
272,175
271,176
271,177
271,178
272,179
271,180
271,181
270,182
270,183
271,184
271,185
270,186
270,187
271,188
271,189
271,190
270,191
270,192
269,193
269,194
268,195
268,196
267,197
267,198
268,199
269,199
270,200
270,201
270,202
270,203
270,204
270,205
269,206
270,207
271,207
272,208
272,209
272,210
272,211
272,212
272,213
272,214
272,215
272,216
272,217
272,218
272,219
272,220
271,221
272,222
273,223
272,224
271,225
272,226
272,227
273,228
273,229
274,230
274,231
274,232
274,233
274,234
273,235
273,236
273,237
272,238
271,239
271,240
271,241
271,242
271,243
271,244
271,245
272,246
272,247
271,248
272,249
271,250
272,251
272,252
272,253
272,254
272,255
273,256
273,257
273,258
274,259
273,260
273,261
273,262
273,263
273,264
273,265
273,266
273,267
273,268
273,269
273,270
274,271
274,272
274,273
274,274
274,275
273,276
272,277
272,278
273,279
273,280
273,281
273,282
273,283
273,284
274,285
274,286
274,287
274,288
273,289
273,290
273,291
273,292
273,293
273,294
273,295
272,296
272,297
272,298
273,299
273,300
273,301
273,302
273,303
274,304
275,305
275,306
275,307
275,308
274,309
274,310
274,311
274,312
273,313
273,314
274,315
274,316
274,317
274,318
274,319
275,320
276,321
275,322
275,323
274,324
274,325
274,326
275,327
275,328
275,329
275,330
275,331
275,332
275,333
275,334
275,335
275,336
274,337
274,338
274,339
274,340
274,341
275,342
274,343
274,344
275,345
276,346
276,347
277,348
276,349
275,350
274,351
275,352
276,353
276,354
275,355
275,356
275,357
275,358
275,359
275,360
275,361
275,362
275,363
275,364
275,365
275,366
276,367
276,368
276,369
276,370
276,371
276,372
276,373
276,374
276,375
276,376
277,377
277,378
276,379
275,380
276,381
276,382
275,383
275,384
275,385
275,386
275,387
275,388
275,389
275,390
275,391
275,392
274,393
275,394
75,395
81,395
82,395
83,395
84,395
88,395
89,395
90,395
274,395
74,396
76,396
77,396
78,396
79,396
80,396
85,396
86,396
87,396
91,396
92,396
275,396
73,397
93,397
94,397
276,397
68,398
69,398
70,398
71,398
72,398
95,398
96,398
97,398
98,398
99,398
277,398
67,399
100,399
277,399
62,400
63,400
64,400
65,400
66,400
101,400
102,400
103,400
104,400
105,400
277,400
61,401
106,401
277,401
62,402
106,402
278,402
60,403
61,403
107,403
108,403
109,403
110,403
278,403
57,404
59,404
111,404
278,404
56,405
58,405
111,405
279,405
54,406
55,406
112,406
113,406
278,406
53,407
114,407
278,407
53,408
114,408
278,408
51,409
52,409
114,409
277,409
50,410
115,410
116,410
118,410
277,410
48,411
49,411
117,411
119,411
276,411
47,412
119,412
275,412
46,413
120,413
275,413
46,414
121,414
275,414
45,415
122,415
123,415
124,415
274,415
44,416
125,416
274,416
43,417
125,417
274,417
42,418
125,418
273,418
42,419
126,419
127,419
128,419
272,419
40,420
41,420
129,420
132,420
272,420
39,421
130,421
131,421
133,421
271,421
38,422
133,422
270,422
37,423
134,423
135,423
270,423
36,424
136,424
269,424
36,425
137,425
269,425
37,426
138,426
268,426
37,427
139,427
140,427
268,427
36,428
141,428
268,428
35,429
141,429
267,429
34,430
141,430
267,430
33,431
141,431
143,431
144,431
145,431
146,431
147,431
267,431
33,432
142,432
148,432
267,432
32,433
149,433
150,433
267,433
31,434
151,434
266,434
30,435
152,435
266,435
30,436
153,436
154,436
266,436
30,437
155,437
265,437
30,438
155,438
265,438
29,439
156,439
265,439
28,440
157,440
264,440
28,441
158,441
264,441
26,442
27,442
159,442
264,442
25,443
160,443
161,443
264,443
25,444
162,444
264,444
24,445
162,445
165,445
264,445
24,446
161,446
164,446
166,446
263,446
24,447
162,447
163,447
165,447
262,447
25,448
165,448
168,448
262,448
25,449
166,449
167,449
169,449
171,449
262,449
24,450
168,450
170,450
172,450
173,450
174,450
262,450
24,451
169,451
175,451
263,451
24,452
176,452
263,452
23,453
175,453
261,453
262,453
23,454
175,454
260,454
22,455
174,455
259,455
22,456
173,456
176,456
259,456
20,457
21,457
174,457
175,457
177,457
258,457
19,458
178,458
258,458
19,459
179,459
258,459
19,460
180,460
258,460
19,461
181,461
183,461
184,461
185,461
258,461
20,462
182,462
186,462
187,462
189,462
258,462
19,463
188,463
190,463
257,463
18,464
189,464
191,464
192,464
193,464
194,464
195,464
257,464
18,465
196,465
257,465
17,466
197,466
256,466
17,467
197,467
199,467
200,467
201,467
255,467
17,468
198,468
202,468
252,468
253,468
254,468
16,469
203,469
204,469
207,469
208,469
209,469
210,469
211,469
212,469
213,469
243,469
244,469
245,469
246,469
247,469
250,469
251,469
15,470
205,470
206,470
214,470
215,470
216,470
235,470
236,470
241,470
242,470
248,470
249,470
14,471
217,471
218,471
232,471
233,471
234,471
237,471
238,471
239,471
240,471
14,472
219,472
220,472
221,472
222,472
228,472
230,472
231,472
13,473
223,473
224,473
225,473
226,473
227,473
229,473
13,474
13,475
13,476
13,477
13,478
13,479
13,480
13,481
13,482
13,483
13,484
13,485
13,486
12,487
12,488
11,489
11,490
11,491
10,492
9,493
9,494
9,495
9,496
9,497
9,498
9,499
9,500
9,501
9,502
9,503
9,504
9,505
9,506
9,507
8,508
7,509
6,510
5,511
4,512
5,513
5,514
6,515
5,516
2,517
3,517
4,517
1,518
2,519
3,519
4,520
3,521
3,522
1,523
2,523
0,524
1,525
2,526
1,527
3,527
2,528
4,528
4,529
5,530
6,531
6,532
6,533
5,534
4,535
4,536
3,537
2,538
1,539
2,540
2,541
2,542
2,543
3,544
3,545
4,546
4,547
4,548
4,549
4,550
3,551
2,552
2,553
3,554
4,555
4,556
3,557
2,558
2,559
2,560
3,561
3,562
3,563
3,564
3,565
4,566
4,567
4,568
4,569
4,570
3,571
2,572
2,573
2,574
2,575
2,576
3,577
4,578
4,579
3,580
2,581
3,582
3,583
3,584
3,585
3,586
3,587
3,588
4,589
5,589
6,590
5,591
5,592
5,593
5,594
6,595
5,596
6,597
6,598
6,599
6,600
6,601
5,602
5,603
6,604
5,605
6,606
5,607
6,608
7,609
7,610
7,611
7,612
7,613
8,614
8,615
8,616
8,617
7,618
7,619
8,620
9,621
9,622
9,623
8,624
8,625
8,626
9,627
9,628
10,629
10,630
10,631
10,632
10,633
10,634
10,635
10,636
11,637
11,638
12,639
12,640
12,641
11,642
10,643
11,644
12,644
234,644
235,644
236,644
237,644
238,644
239,644
240,644
241,644
242,644
243,644
244,644
245,644
13,645
230,645
231,645
232,645
233,645
246,645
247,645
248,645
249,645
250,645
251,645
13,646
227,646
228,646
229,646
252,646
253,646
254,646
12,647
220,647
221,647
222,647
223,647
224,647
225,647
226,647
255,647
256,647
257,647
13,648
219,648
258,648
259,648
260,648
14,649
215,649
216,649
217,649
218,649
261,649
14,650
214,650
262,650
263,650
14,651
209,651
213,651
264,651
15,652
208,652
210,652
213,652
265,652
266,652
16,653
207,653
210,653
213,653
267,653
16,654
207,654
211,654
212,654
267,654
16,655
204,655
205,655
206,655
268,655
16,656
200,656
203,656
269,656
16,657
198,657
199,657
201,657
202,657
270,657
16,658
194,658
195,658
196,658
197,658
271,658
16,659
192,659
193,659
272,659
16,660
191,660
272,660
16,661
191,661
273,661
16,662
191,662
273,662
15,663
187,663
188,663
189,663
190,663
274,663
275,663
16,664
186,664
276,664
17,665
185,665
277,665
16,666
185,666
278,666
279,666
17,667
185,667
280,667
18,668
19,668
20,668
185,668
281,668
21,669
184,669
281,669
22,670
184,670
281,670
22,671
183,671
282,671
22,672
182,672
282,672
23,673
179,673
180,673
181,673
282,673
23,674
178,674
283,674
22,675
174,675
175,675
176,675
177,675
283,675
23,676
24,676
173,676
283,676
25,677
173,677
283,677
26,678
173,678
283,678
26,679
169,679
170,679
171,679
172,679
284,679
26,680
168,680
284,680
26,681
166,681
167,681
285,681
26,682
164,682
165,682
285,682
26,683
163,683
285,683
26,684
163,684
286,684
26,685
163,685
286,685
26,686
160,686
161,686
162,686
286,686
27,687
159,687
286,687
28,688
158,688
286,688
29,689
158,689
286,689
29,690
158,690
287,690
30,691
158,691
287,691
31,692
157,692
288,692
289,692
30,693
32,693
157,693
290,693
31,694
155,694
156,694
289,694
31,695
151,695
152,695
153,695
154,695
288,695
32,696
150,696
288,696
33,697
149,697
288,697
33,698
149,698
287,698
34,699
35,699
36,699
148,699
287,699
37,700
147,700
287,700
37,701
146,701
287,701
36,702
145,702
286,702
37,703
145,703
285,703
37,704
143,704
144,704
285,704
38,705
39,705
142,705
286,705
40,706
141,706
286,706
40,707
140,707
286,707
41,708
42,708
43,708
139,708
286,708
44,709
137,709
138,709
287,709
288,709
45,710
135,710
136,710
289,710
45,711
133,711
134,711
289,711
45,712
132,712
289,712
46,713
132,713
289,713
45,714
130,714
131,714
289,714
46,715
129,715
289,715
47,716
125,716
126,716
127,716
128,716
289,716
48,717
124,717
290,717
49,718
124,718
291,718
50,719
124,719
291,719
51,720
52,720
121,720
122,720
123,720
291,720
53,721
120,721
290,721
54,722
117,722
118,722
119,722
290,722
55,723
116,723
291,723
55,724
115,724
291,724
56,725
57,725
58,725
114,725
291,725
59,726
111,726
113,726
291,726
59,727
109,727
110,727
112,727
292,727
60,728
108,728
292,728
61,729
106,729
107,729
292,729
62,730
103,730
104,730
105,730
291,730
62,731
101,731
102,731
292,731
63,732
99,732
100,732
292,732
64,733
65,733
66,733
67,733
96,733
97,733
98,733
291,733
68,734
94,734
95,734
291,734
69,735
90,735
91,735
92,735
93,735
290,735
70,736
81,736
82,736
83,736
86,736
87,736
88,736
89,736
290,736
71,737
72,737
73,737
74,737
75,737
76,737
77,737
78,737
79,737
80,737
84,737
85,737
290,737
290,738
290,739
290,740
290,741
290,742
290,743
291,744
292,745
292,746
291,747
291,748
290,749
291,750
290,751
289,752
289,753
289,754
289,755
290,756
290,757
290,758
290,759
290,760
289,761
289,762
289,763
289,764
290,765
290,766
290,767
289,768
289,769
289,770
289,771
289,772
290,773
289,774
289,775
290,776
290,777
290,778
290,779
290,780
290,781
290,782
290,783
290,784
290,785
290,786
289,787
290,788
290,789
290,790
289,791
289,792
289,793
287,794
288,794
286,795
286,796
285,797
286,798
287,799
288,800
289,800
290,801
290,802
289,803
288,804
288,805
288,806
287,807
286,808
286,809
286,810
286,811
286,812
285,813
285,814
285,815
286,816
286,817
287,818
287,819
287,820
288,821
289,822
289,823
289,824
289,825
289,826
289,827
289,828
289,829
289,830
289,831
289,832
290,833
289,834
289,835
289,836
290,837
289,838
288,839
288,840
287,841
289,841
288,842
288,843
288,844
287,845
287,846
287,847
287,848
287,849
288,850
287,851
288,852
287,853
288,854
288,855
288,856
288,857
287,858
287,859
286,860
286,861
286,862
286,863
286,864
287,865
287,866
287,867
288,868
287,869
287,870
287,871
287,872
287,873
287,874
287,875
287,876
287,877
288,878
288,879
288,880
288,881
288,882
288,883
288,884
288,885
288,886
288,887
288,888
288,889
288,890
288,891
288,892
288,893
288,894
288,895
288,896
288,897
287,898
287,899
288,900
288,901
288,902
287,903
288,904
288,905
288,906
288,907
288,908
288,909
287,910
287,911
286,912
286,913
285,914
285,915
285,916
285,917
286,918
286,919
286,920
286,921
286,922
286,923
286,924
287,925
287,926
286,927
286,928
286,929
286,930
286,931
287,932
287,933
287,934
288,935
288,936
287,937
287,938
287,939
287,940
288,941
289,941
290,942
290,943
288,944
289,944
287,945
287,946
288,947
287,948
287,949
286,950
287,951
287,952
286,953
285,954
285,955
285,956
285,957
286,958
286,959
285,960
285,961
284,962
285,963
285,964
285,965
285,966
285,967
285,968
285,969
285,970
286,971
285,972
285,973
285,974
285,975
285,976
285,977
285,978
285,979
285,980
285,981
285,982
285,983
284,984
284,985
284,986
284,987
285,988
285,989
285,990
285,991
285,992
286,993
286,994
286,995
285,996
285,997
286,998
286,999
285,1000
285,1001
284,1002
284,1003
284,1004
284,1005
284,1006
284,1007
284,1008
285,1009
286,1010
286,1011
286,1012
286,1013
286,1014
287,1015
286,1016
285,1017
284,1018
284,1019
284,1020
284,1021
285,1022
285,1023
285,1024
285,1025
284,1026
284,1027
284,1028
284,1029
284,1030
285,1031
284,1032
284,1033
283,1034
282,1035
283,1036
284,1037
284,1038
284,1039
285,1040
284,1041
285,1042
284,1043
283,1044
283,1045
282,1046
279,1047
280,1047
281,1047
278,1048
276,1049
277,1049
275,1050
275,1051
275,1052
275,1053
276,1054
277,1054