48,0
47,1
49,1
48,2
47,3
47,4
47,5
47,6
47,7
46,8
46,9
47,10
46,11
43,12
46,12
42,13
44,13
45,13
43,14
43,15
44,16
44,17
44,18
44,19
43,20
41,21
43,21
40,22
42,22
41,23
41,24
41,25
41,26
41,27
42,28
42,29
42,30
43,31
43,32
43,33
42,34
42,35
42,36
40,37
41,37
39,38
39,39
40,40
40,41
40,42
39,43
38,44
37,45
38,46
38,47
39,48
39,49
38,50
38,51
38,52
38,53
37,54
36,55
36,56
35,57
35,58
35,59
34,60
34,61
34,62
33,63
32,64
32,65
32,66
32,67
31,68
31,69
31,70
31,71
31,72
31,73
31,74
31,75
31,76
31,77
31,78
30,79
30,80
30,81
30,82
30,83
30,84
30,85
30,86
30,87
29,88
29,89
30,90
29,91
28,92
29,93
29,94
29,95
29,96
28,97
28,98
28,99
27,100
27,101
26,102
26,103
26,104
26,105
26,106
26,107
26,108
26,109
26,110
26,111
27,112
27,113
26,114
25,115
25,116
25,117
25,118
25,119
25,120
24,121
23,122
24,123
23,124
23,125
22,126
22,127
22,128
22,129
22,130
22,131
22,132
20,133
21,133
19,134
19,135
19,136
19,137
19,138
20,139
19,140
18,141
18,142
19,143
18,144
18,145
18,146
19,147
18,148
17,149
17,150
18,151
18,152
18,153
18,154
18,155
18,156
18,157
18,158
17,159
17,160
17,161
18,162
18,163
18,164
18,165
17,166
17,167
17,168
17,169
17,170
16,171
16,172
15,173
15,174
15,175
15,176
16,177
16,178
15,179
16,180
16,181
15,182
15,183
15,184
15,185
15,186
14,187
14,188
14,189
15,190
15,191
14,192
13,193
13,194
14,195
14,196
13,197
12,198
12,199
12,200
12,201
12,202
11,203
12,204
11,205
11,206
11,207
10,208
9,209
9,210
9,211
9,212
9,213
9,214
9,215
8,216
8,217
9,218
9,219
8,220
8,221
7,222
7,223
7,224
6,225
6,226
5,227
5,228
5,229
5,230
5,231
4,232
5,233
6,234
6,235
6,236
6,237
6,238
5,239
5,240
5,241
5,242
5,243
5,244
5,245
5,246
5,247
5,248
5,249
4,250
3,251
4,252
4,253
4,254
4,255
3,256
3,257
4,258
4,259
5,260
6,261
5,262
4,263
4,264
5,265
6,265
7,266
6,267
5,268
5,269
6,270
6,271
6,272
5,273
4,274
5,275
6,276
6,277
7,278
8,279
8,280
8,281
9,282
9,283
9,284
8,285
9,286
9,287
9,288
9,289
10,290
10,291
10,292
10,293
9,294
172,294
173,294
174,294
175,294
190,294
9,295
170,295
171,295
176,295
186,295
187,295
189,295
191,295
192,295
193,295
198,295
199,295
203,295
8,296
161,296
162,296
163,296
168,296
169,296
177,296
185,296
188,296
194,296
195,296
197,296
200,296
201,296
202,296
204,296
9,297
158,297
159,297
160,297
164,297
167,297
178,297
179,297
180,297
181,297
182,297
183,297
184,297
196,297
205,297
206,297
207,297
220,297
223,297
10,298
157,298
165,298
166,298
208,298
219,298
221,298
222,298
224,298
11,299
155,299
156,299
209,299
210,299
217,299
218,299
223,299
11,300
150,300
151,300
152,300
153,300
154,300
211,300
212,300
213,300
214,300
215,300
216,300
224,300
225,300
11,301
148,301
149,301
226,301
11,302
145,302
146,302
147,302
226,302
12,303
144,303
226,303
228,303
229,303
230,303
12,304
141,304
143,304
227,304
231,304
12,305
139,305
140,305
142,305
232,305
233,305
13,306
14,306
15,306
136,306
138,306
234,306
16,307
130,307
134,307
135,307
137,307
235,307
15,308
129,308
131,308
132,308
133,308
236,308
237,308
14,309
127,309
128,309
238,309
14,310
123,310
124,310
125,310
126,310
239,310
240,310
14,311
122,311
241,311
242,311
243,311
247,311
15,312
121,312
244,312
245,312
246,312
248,312
16,313
120,313
248,313
16,314
119,314
247,314
252,314
253,314
16,315
118,315
248,315
250,315
251,315
254,315
255,315
17,316
117,316
249,316
256,316
17,317
115,317
116,317
256,317
18,318
114,318
257,318
19,319
112,319
113,319
258,319
19,320
111,320
259,320
260,320
20,321
111,321
261,321
21,322
106,322
108,322
109,322
110,322
262,322
263,322
21,323
101,323
102,323
104,323
105,323
107,323
264,323
265,323
21,324
24,324
33,324
99,324
100,324
103,324
266,324
21,325
23,325
25,325
32,325
34,325
59,325
60,325
61,325
93,325
94,325
97,325
98,325
267,325
22,326
25,326
27,326
28,326
29,326
32,326
33,326
58,326
62,326
92,326
95,326
96,326
267,326
26,327
30,327
31,327
34,327
58,327
63,327
64,327
65,327
92,327
268,327
33,328
55,328
56,328
57,328
66,328
67,328
68,328
91,328
269,328
34,329
54,329
69,329
91,329
270,329
271,329
35,330
36,330
53,330
69,330
87,330
88,330
90,330
272,330
37,331
40,331
41,331
50,331
51,331
52,331
69,331
82,331
83,331
84,331
85,331
86,331
89,331
273,331
37,332
39,332
42,332
43,332
44,332
47,332
48,332
49,332
70,332
72,332
73,332
74,332
76,332
77,332
78,332
79,332
80,332
81,332
273,332
36,333
38,333
45,333
46,333
71,333
75,333
273,333
35,334
37,334
274,334
36,335
275,335
275,336
276,337
277,338
277,339
278,340
278,341
278,342
279,343
279,344
280,345
281,345
282,346
283,346
284,346
285,346
286,347
287,348
288,349
288,350
288,351
288,352
288,353
288,354
288,355
288,356
289,357
289,358
290,359
291,360
291,361
292,362
293,363
293,364
294,365
293,366
294,367
295,368
295,369
296,370
296,371
296,372
296,373
297,374
298,374
299,375
300,376
300,377
300,378
300,379
301,380
302,381
303,382
302,383
301,384
302,385
302,386
303,387
303,388
303,389
303,390
303,391
304,392
304,393
304,394
304,395
306,395
305,396
307,396
307,397
308,398
308,399
308,400
308,401
309,402
309,403
309,404
309,405
309,406
309,407
309,408
309,409
309,410
309,411
309,412
308,413
308,414
308,415
308,416
308,417
307,418
307,419
307,420
308,421
308,422
308,423
307,424
307,425
307,426
307,427
308,428
309,429
310,430
308,431
309,431
307,432
307,433
307,434
307,435
306,436
306,437
306,438
306,439
306,440
306,441
307,442
307,443
307,444
306,445
306,446
305,447
305,448
305,449
305,450
305,451
305,452
305,453
305,454
305,455
305,456
305,457
304,458
304,459
304,460
303,461
304,462
304,463
304,464
305,465
305,466
305,467
305,468
306,469
305,470
306,471
306,472
306,473
306,474
306,475
306,476
306,477
306,478
306,479
306,480
306,481
304,482
305,482
303,483
302,484
302,485
301,486
301,487
301,488
301,489
300,490
300,491
300,492
299,493
298,494
297,495
296,496
295,497
295,498
293,499
294,499
292,500
291,501
291,502
291,503
289,504
290,504
288,505
288,506
287,507
286,508
286,509
286,510
285,511
283,512
284,512
282,513
280,514
281,514
279,515
279,516
278,517
278,518
279,519
40,520
49,520
60,520
62,520
63,520
279,520
37,521
38,521
39,521
41,521
42,521
43,521
44,521
45,521
46,521
47,521
48,521
50,521
51,521
53,521
54,521
56,521
57,521
58,521
59,521
61,521
64,521
67,521
279,521
35,522
36,522
52,522
55,522
65,522
66,522
68,522
69,522
70,522
71,522
72,522
73,522
74,522
75,522
76,522
279,522
32,523
33,523
34,523
77,523
278,523
28,524
29,524
30,524
31,524
78,524
277,524
27,525
78,525
277,525
26,526
79,526
81,526
82,526
83,526
84,526
85,526
86,526
276,526
25,527
80,527
87,527
88,527
89,527
90,527
91,527
276,527
24,528
92,528
276,528
23,529
93,529
94,529
275,529
23,530
95,530
96,530
274,530
23,531
97,531
274,531
23,532
98,532
99,532
100,532
273,532
22,533
24,533
101,533
272,533
23,534
102,534
103,534
272,534
23,535
104,535
271,535
23,536
105,536
106,536
267,536
268,536
269,536
270,536
20,537
21,537
22,537
107,537
266,537
19,538
107,538
265,538
17,539
18,539
107,539
264,539
16,540
108,540
263,540
16,541
109,541
263,541
16,542
110,542
111,542
112,542
262,542
16,543
113,543
114,543
115,543
261,543
14,544
15,544
116,544
117,544
118,544
119,544
260,544
12,545
13,545
120,545
259,545
11,546
121,546
259,546
10,547
122,547
123,547
124,547
255,547
256,547
257,547
258,547
8,548
9,548
125,548
126,548
254,548
7,549
127,549
253,549
7,550
128,550
252,550
7,551
129,551
249,551
250,551
251,551
6,552
130,552
245,552
246,552
247,552
248,552
5,553
131,553
244,553
6,554
132,554
242,554
243,554
6,555
133,555
134,555
135,555
136,555
241,555
6,556
137,556
138,556
139,556
140,556
240,556
5,557
141,557
238,557
239,557
5,558
142,558
233,558
234,558
235,558
236,558
237,558
5,559
143,559
144,559
231,559
232,559
6,560
145,560
230,560
6,561
146,561
230,561
5,562
147,562
148,562
151,562
229,562
5,563
149,563
150,563
152,563
153,563
154,563
155,563
156,563
157,563
226,563
227,563
228,563
5,564
158,564
196,564
197,564
215,564
216,564
217,564
218,564
219,564
220,564
221,564
225,564
6,565
159,565
160,565
168,565
169,565
193,565
195,565
198,565
208,565
209,565
210,565
214,565
222,565
223,565
224,565
5,566
161,566
162,566
163,566
164,566
166,566
167,566
170,566
171,566
172,566
173,566
174,566
175,566
176,566
190,566
191,566
192,566
194,566
199,566
207,566
211,566
212,566
213,566
5,567
165,567
177,567
178,567
179,567
185,567
186,567
187,567
189,567
199,567
201,567
203,567
205,567
206,567
4,568
180,568
181,568
182,568
183,568
184,568
188,568
200,568
202,568
204,568
4,569
4,570
4,571
3,572
3,573
3,574
3,575
3,576
3,577
3,578
3,579
2,580
2,581
2,582
1,583
1,584
0,585
0,586
0,587
1,588
1,589
1,590
1,591
1,592
1,593
0,594
0,595
0,596
0,597
1,598
0,599
0,600
0,601
0,602
1,603
1,604
2,605
1,606
1,607
1,608
1,609
1,610
1,611
2,612
2,613
2,614
1,615
1,616
2,617
3,618
3,619
2,620
3,621
4,622
4,623
5,624
5,625
5,626
5,627
5,628
4,629
4,630
4,631
4,632
4,633
4,634
4,635
4,636
3,637
3,638
4,639
3,640
4,641
5,642
4,643
4,644
5,645
5,646
4,647
3,648
2,649
2,650
2,651
2,652
2,653
3,654
3,655
4,656
5,657
6,658
7,659
7,660
7,661
7,662
7,663
7,664
7,665
8,666
8,667
8,668
9,669
8,670
7,671
7,672
8,673
8,674
7,675
7,676
7,677
8,678
8,679
8,680
9,681
9,682
9,683
10,684
10,685
11,686
11,687
11,688
11,689
11,690
11,691
11,692
12,693
12,694
13,695
13,696
13,697
12,698
12,699
12,700
12,701
12,702
12,703
13,704
13,705
13,706
13,707
12,708
12,709
11,710
11,711
11,712
12,713
12,714
13,715
13,716
13,717
13,718
14,719
14,720
13,721
14,722
15,723
15,724
15,725
15,726
15,727
15,728
16,729
16,730
16,731
16,732
16,733
16,734
15,735
16,736
16,737
16,738
16,739
17,740
17,741
17,742
18,743
17,744
17,745
18,746
18,747
17,748
18,749
18,750
18,751
18,752
18,753
18,754
18,755
18,756
18,757
18,758
18,759
19,760
19,761
19,762
19,763
19,764
19,765
20,766
19,767
20,768
20,769
21,770
22,771
22,772
22,773
22,774
22,775
21,776
21,777
22,778
21,779
21,780
22,781
22,782
23,783
24,784
24,785
23,786
24,787
23,788
23,789
23,790
23,791
23,792
24,793
25,794
24,795
25,796
24,797
25,798
24,799
24,800
24,801
23,802
23,803
24,804
24,805
25,806
25,807
25,808
26,809
26,810
26,811
26,812
27,813
26,814
26,815
26,816
27,817
28,818
28,819
28,820
29,821
29,822
29,823
29,824
28,825
27,826
27,827
27,828
27,829
27,830
28,831
28,832
29,833
29,834
29,835
30,836
30,837
30,838
30,839
30,840
30,841
30,842
30,843
30,844
31,845
31,846
31,847
30,848
30,849
30,850
31,851
31,852
31,853
31,854
31,855
31,856
31,857
31,858
32,859
32,860
32,861
33,862
33,863
34,864
34,865
34,866
34,867
34,868
34,869
34,870
33,871
33,872
33,873
34,874
35,875
35,876
36,877
37,878
37,879
37,880
37,881
37,882
36,883
36,884
36,885
36,886
36,887
36,888
36,889
36,890
37,891
38,892
38,893
37,894
36,895
36,896
37,897
37,898
37,899
37,900
37,901
38,902
37,903
37,904
38,905
37,906
36,907
37,908
37,909
37,910
38,911
39,911
40,912
41,913
42,914
41,915
42,916
41,917
40,918
41,919
41,920
41,921
41,922
41,923
42,924
42,925
41,926
41,927
41,928
41,929
42,930
42,931
42,932
42,933
42,934
43,935
44,936
44,937
44,938
43,939
44,940
43,941
43,942
43,943
44,944
45,945
45,946
45,947
46,948
47,949
47,950
47,951
46,952
45,953
46,954
46,955
46,956
46,957
46,958
46,959
46,960
46,961
46,962
47,963
46,964
46,965
46,966
46,967
46,968
45,969
45,970
45,971
45,972
45,973
45,974
44,975
44,976
44,977
44,978
44,979
44,980
45,981