7,49
6,50
5,51
5,52
6,53
6,54
6,55
5,56
5,57
5,58
4,59
4,60
4,61
4,62
5,63
4,64
4,65
4,66
3,67
3,68
3,69
3,70
3,71
3,72
3,73
3,74
3,75
2,76
1,76
1,77
0,78
0,79
0,80
0,81
1,82
1,83
1,84
1,85
1,86
1,87
1,88
1,89
1,90
0,91
1,92
0,93
0,94
0,95
0,96
0,97
0,98
0,99
0,100
1,101
1,102
1,103
1,104
1,105
1,106
1,107
1,108
1,109
1,110
2,111
2,112
3,113
3,114
4,114
5,114
6,115
6,116
7,117
8,118
8,119
9,119
10,120
11,121
11,122
12,122
13,122
14,122
15,122
16,122
17,122
18,122
19,122
19,121
20,120
21,120
22,119
23,119
24,119
25,118
26,117
27,117
28,117
29,116
30,115
31,115
32,115
33,116
34,115
35,114
36,113
37,112
38,111
39,111
40,111
41,110
42,110
43,110
44,110
45,110
46,110
47,110
48,109
49,109
50,109
51,109
52,109
53,109
54,109
55,109
56,109
57,109
58,110
59,110
60,111
60,112
61,113
62,114
63,115
64,116
65,116
66,117
67,117
68,117
69,118
70,119
70,120
70,121
71,122
72,123
73,124
73,125
74,126
75,127
76,128
76,129
76,130
76,131
76,132
77,133
78,134
78,135
79,135
80,136
80,137
80,138
81,139
81,140
81,141
81,142
81,143
81,144
82,145
82,146
82,147
82,148
82,149
82,150
82,151
81,152
81,153
81,154
82,155
82,156
81,157
81,158
80,159
80,160
79,161
79,162
79,163
79,164
79,165
78,166
78,167
77,168
77,169
76,170
75,171
74,172
73,173
74,174
73,175
72,176
71,176
71,177
70,178
69,178
68,179
67,180
66,181
65,182
64,183
63,184
62,184
61,185
60,185
59,185
58,186
57,186
56,186
55,186
54,186
53,186
52,186
51,187
50,187
49,187
48,187
47,187
46,187
45,187
44,186
43,185
42,185
41,184
40,184
39,184
38,184
37,184
36,183
35,182
34,182
33,182
32,182
31,182
30,182
29,182
28,182
27,182
26,182
25,182
24,182
23,183
22,183
21,183
20,183
19,183
18,182
17,182
16,182
15,182
14,183
13,184
12,183
11,183
10,183
9,183
8,184
7,184
6,185
6,186
7,187
6,188
5,189
5,190
5,191
5,192
5,193
5,194
4,195
3,196
4,197
4,198
4,199
3,200
3,201
3,202
4,203
3,204
2,205
2,206
3,207
2,208
2,209
2,210
2,211
2,212
2,213
2,214
2,215
3,216
3,217
3,218
3,219
3,220
3,221
3,222
3,223
3,224
3,225
4,226
4,227
4,228
4,229
4,230
3,231
3,232
3,233
3,234
4,235
4,236
4,237
4,238
4,239
4,240
4,241
4,242
4,243
4,244
5,245
5,246
5,247
5,248
5,249
5,250
5,251
5,252
5,253
6,254
6,255
5,256
5,257
5,258
5,259
5,260
5,261
5,262
99,0
200,103
201,102