232,247
231,248
230,249
230,250
230,251
230,252
230,253
229,254
229,255
229,256
230,257
231,258
231,259
231,260
231,261
231,262
231,263
231,264
231,265
231,266
231,267
231,268
231,269
232,270
232,271
232,272
232,273
232,274
232,275
232,276
232,277
232,278
232,279
232,280
233,280
234,281
234,282
234,283
234,284
234,285
234,286
234,287
234,288
234,289
234,290
234,291
235,292
235,293
235,294
235,295
235,296
235,297
235,298
235,299
235,300
235,301
236,302
236,303
237,304
237,305
237,306
237,307
237,308
237,309
237,310
236,311
236,312
237,313
236,314
237,315
237,316
237,317
237,318
237,319
237,320
236,321
236,322
235,323
234,324
233,325
232,326
232,327
231,328
230,328
229,329
228,330
227,330
226,330
225,330
224,330
223,330
222,330
221,329
220,329
219,329
218,328
217,328
216,328
215,328
214,327
213,327
212,326
211,326
210,325
209,324
208,324
207,324
206,324
205,324
204,323
204,322
203,321
202,321
201,320
200,319
199,319
198,319
197,318
196,317
195,317
194,317
193,317
192,317
191,316
190,316
189,315
188,314
187,313
186,313
185,313
184,313
183,313
182,313
181,312
180,312
179,312
178,312
177,313
177,314
177,315
176,316
175,317
174,318
173,319
172,319
171,319
170,319
169,319
168,319
167,320
166,321
166,322
165,323
165,324
165,325
165,326
164,327
163,327
162,328
161,329
162,330
162,331
162,332
162,333
162,334
162,335
162,336
162,337
162,338
162,339
162,340
162,341
163,342
163,343
162,344
162,345
162,346
162,347
162,348
162,349
162,350
162,351
161,352
162,353
163,354
163,355
163,356
163,357
162,358
162,359
163,360
163,361
163,362
163,363
164,364
164,365
164,366
164,367
164,368
165,369
165,370
165,371
165,372
165,373
165,374
166,375
167,376
168,377
168,378
169,379
169,380
170,381
170,382
171,382
172,383
172,384
172,385
172,386
173,386
174,387
174,388
175,389
175,390
176,390
177,390
178,391
179,392
180,392
181,393
182,393
183,394
184,394
185,394
186,394
187,394
188,394
188,393
189,392
190,392
191,392
192,392
193,391
194,391
195,390
196,390
197,389
198,388
199,388
200,387
201,387
202,387
202,386
201,385
201,384
202,383
202,382
203,381
204,381
205,380
206,379
207,379
208,378
208,377
209,376
210,375
211,374
212,373
213,373
214,373
215,373
216,372
217,371
217,370
218,369
219,368
220,368
221,369
222,369
223,368
224,368
225,369
226,369
226,368
225,367
226,366
227,366
228,366
229,365
230,366
230,367
231,368
231,369
232,370
233,370
234,369
235,369
236,370
237,371
238,372
239,373
239,374
240,375
240,376
241,376
242,377
242,378
242,379
242,380
242,381
242,382
242,383
243,384
243,385
243,386
243,387
243,388
243,389
243,390
243,391
243,392
243,393
243,394
244,395
244,396
244,397
243,398
243,399
243,400
242,401
242,402
242,403
242,404
242,405
242,406
242,407
242,408
241,409
241,410
241,411
241,412
240,413
240,414
240,415
240,416
241,417
242,418
242,419
242,420
241,421
241,422
241,423
241,424
241,425
240,426
240,427
240,428
239,429
240,430
240,431
240,432
239,433
239,434
239,435
239,436
239,437
239,438
239,439
239,440
240,441
240,442
240,443
240,444
240,445
240,446
240,447
240,448
239,449
239,450
239,451
239,452
240,453
240,454
240,455
240,456
239,457
239,458
239,459
239,460
240,461
240,462
240,463
241,464
240,465
240,466
240,467
239,468
239,469
238,470
238,471
238,472
237,473
237,474
237,475
237,476
237,477
237,478
237,479
237,480
237,481
236,482
235,482
235,483
234,484
234,485
234,486
234,487
235,488
235,489
235,490
235,491
235,492
235,493
235,494
235,495
234,496
234,497
234,498
235,499
235,500
235,501
235,502
235,503
235,504
235,505
234,506
234,507
234,508
233,509
233,510
234,511
234,512