236,0
216,1
217,1
218,1
219,1
220,1
221,1
222,1
223,1
224,1
225,1
226,1
227,1
228,1
229,1
230,1
231,1
232,1
233,1
234,1
235,1
237,1
238,1
239,1
240,1
241,1
242,1
243,1
244,1
245,1
246,1
247,1
250,1
251,1
252,1
212,2
213,2
214,2
215,2
248,2
249,2
253,2
254,2
255,2
256,2
257,2
258,2
259,2
260,2
261,2
262,2
263,2
269,2
270,2
271,2
272,2
273,2
274,2
208,3
209,3
210,3
211,3
264,3
265,3
266,3
267,3
268,3
275,3
276,3
277,3
278,3
279,3
280,3
281,3
282,3
283,3
284,3
206,4
207,4
285,4
286,4
287,4
288,4
289,4
290,4
291,4
292,4
293,4
294,4
205,5
295,5
296,5
106,6
107,6
108,6
109,6
110,6
111,6
112,6
204,6
297,6
100,7
104,7
105,7
113,7
114,7
115,7
116,7
117,7
118,7
119,7
120,7
203,7
298,7
87,8
88,8
89,8
90,8
91,8
92,8
93,8
94,8
95,8
96,8
97,8
98,8
99,8
101,8
102,8
103,8
121,8
202,8
298,8
74,9
75,9
76,9
77,9
78,9
79,9
80,9
81,9
82,9
83,9
84,9
85,9
86,9
122,9
123,9
201,9
298,9
69,10
70,10
71,10
72,10
73,10
124,10
125,10
200,10
297,10
52,11
53,11
54,11
55,11
56,11
57,11
58,11
59,11
60,11
61,11
62,11
63,11
64,11
65,11
66,11
67,11
68,11
126,11
127,11
199,11
298,11
41,12
42,12
43,12
44,12
45,12
46,12
47,12
48,12
49,12
50,12
51,12
128,12
129,12
197,12
198,12
298,12
38,13
39,13
40,13
130,13
196,13
298,13
28,14
29,14
30,14
31,14
32,14
33,14
34,14
35,14
36,14
37,14
131,14
132,14
196,14
298,14
12,15
13,15
14,15
15,15
16,15
17,15
18,15
19,15
20,15
21,15
22,15
23,15
24,15
25,15
26,15
27,15
133,15
196,15
298,15
9,16
10,16
11,16
134,16
195,16
298,16
3,17
4,17
5,17
6,17
7,17
8,17
135,17
194,17
298,17
2,18
136,18
194,18
197,18
198,18
298,18
1,19
137,19
195,19
196,19
199,19
299,19
1,20
137,20
200,20
299,20
1,21
138,21
200,21
299,21
1,22
138,22
200,22
299,22
2,23
138,23
201,23
299,23
2,24
138,24
201,24
300,24
2,25
138,25
201,25
300,25
2,26
138,26
202,26
300,26
2,27
138,27
202,27
300,27
2,28
138,28
203,28
300,28
3,29
138,29
204,29
300,29
3,30
137,30
204,30
300,30
2,31
137,31
205,31
300,31
2,32
136,32
206,32
300,32
2,33
136,33
207,33
300,33
2,34
135,34
208,34
300,34
2,35
135,35
209,35
301,35
2,36
134,36
209,36
301,36
2,37
134,37
210,37
301,37
3,38
133,38
211,38
301,38
2,39
132,39
211,39
301,39
2,40
132,40
212,40
301,40
2,41
131,41
213,41
301,41
2,42
130,42
213,42
301,42
2,43
130,43
214,43
301,43
3,44
129,44
215,44
301,44
3,45
128,45
216,45
301,45
3,46
127,46
217,46
302,46
3,47
126,47
217,47
301,47
3,48
125,48
218,48
302,48
2,49
125,49
218,49
302,49
2,50
124,50
219,50
302,50
2,51
124,51
219,51
303,51
2,52
123,52
220,52
303,52
2,53
123,53
220,53
303,53
2,54
124,54
220,54
303,54
2,55
124,55
220,55
303,55
3,56
124,56
220,56
303,56
3,57
124,57
219,57
303,57
3,58
124,58
219,58
303,58
3,59
124,59
219,59
303,59
3,60
124,60
219,60
303,60
3,61
124,61
218,61
303,61
3,62
125,62
217,62
303,62
3,63
125,63
216,63
304,63
3,64
126,64
216,64
304,64
3,65
126,65
215,65
304,65
3,66
127,66
214,66
304,66
3,67
127,67
213,67
304,67
3,68
128,68
212,68
304,68
4,69
129,69
212,69
304,69
4,70
130,70
210,70
211,70
304,70
3,71
130,71
209,71
304,71
3,72
131,72
206,72
207,72
208,72
304,72
3,73
131,73
205,73
304,73
3,74
132,74
133,74
204,74
304,74
3,75
134,75
203,75
304,75
3,76
135,76
201,76
202,76
304,76
3,77
136,77
137,77
198,77
199,77
200,77
304,77
4,78
138,78
139,78
140,78
141,78
195,78
196,78
197,78
304,78
4,79
142,79
143,79
144,79
187,79
188,79
189,79
190,79
191,79
192,79
193,79
194,79
304,79
4,80
145,80
146,80
147,80
183,80
184,80
185,80
186,80
304,80
4,81
148,81
149,81
150,81
151,81
152,81
153,81
154,81
155,81
156,81
173,81
174,81
175,81
176,81
177,81
178,81
179,81
180,81
181,81
182,81
304,81
4,82
157,82
158,82
159,82
160,82
161,82
162,82
163,82
164,82
165,82
166,82
167,82
168,82
169,82
170,82
171,82
172,82
304,82
4,83
304,83
4,84
305,84
3,85
306,85
4,86
306,86
4,87
306,87
5,88
306,88
358,88
359,88
360,88
5,89
306,89
354,89
355,89
356,89
357,89
361,89
362,89
363,89
5,90
306,90
351,90
352,90
353,90
364,90
365,90
366,90
368,90
5,91
306,91
349,91
350,91
367,91
369,91
5,92
307,92
348,92
370,92
371,92
5,93
307,93
345,93
346,93
347,93
372,93
5,94
307,94
343,94
344,94
373,94
5,95
307,95
342,95
374,95
5,96
308,96
340,96
341,96
375,96
5,97
50,97
51,97
52,97
308,97
338,97
339,97
376,97
5,98
48,98
49,98
53,98
54,98
309,98
337,98
377,98
5,99
46,99
47,99
55,99
310,99
336,99
378,99
5,100
45,100
56,100
57,100
310,100
336,100
378,100
5,101
43,101
44,101
58,101
310,101
334,101
335,101
379,101
6,102
42,102
59,102
311,102
332,102
333,102
379,102
6,103
41,103
60,103
312,103
330,103
331,103
380,103
6,104
39,104
40,104
61,104
313,104
328,104
329,104
381,104
6,105
37,105
38,105
62,105
314,105
323,105
324,105
325,105
326,105
327,105
381,105
7,106
35,106
36,106
63,106
315,106
316,106
319,106
320,106
321,106
322,106
382,106
7,107
33,107
34,107
64,107
317,107
318,107
382,107
8,108
28,108
29,108
30,108
31,108
32,108
65,108
383,108
9,109
10,109
26,109
27,109
66,109
384,109
11,110
25,110
66,110
384,110
11,111
22,111
23,111
24,111
67,111
384,111
12,112
13,112
14,112
17,112
18,112
19,112
20,112
21,112
67,112
384,112
15,113
16,113
67,113
385,113
68,114
385,114
69,115
386,115
69,116
387,116
69,117
387,117
69,118
387,118
70,119
387,119
71,120
387,120
70,121
387,121
70,122
387,122
70,123
387,123
71,124
387,124
72,125
387,125
73,126
388,126
73,127
388,127
73,128
388,128
73,129
387,129
73,130
387,130
73,131
387,131
73,132
387,132
74,133
387,133
74,134
387,134
74,135
387,135
73,136
387,136
73,137
386,137
74,138
386,138
74,139
386,139
74,140
385,140
73,141
385,141
73,142
385,142
73,143
384,143
73,144
384,144
73,145
384,145
73,146
383,146
72,147
382,147
72,148
383,148
71,149
315,149
316,149
317,149
318,149
319,149
320,149
321,149
322,149
323,149
324,149
382,149
71,150
314,150
325,150
326,150
327,150
382,150
71,151
313,151
328,151
382,151
72,152
312,152
329,152
330,152
381,152
72,153
311,153
331,153
332,153
380,153
72,154
311,154
333,154
334,154
379,154
71,155
310,155
335,155
337,155
378,155
17,156
18,156
19,156
20,156
21,156
22,156
71,156
310,156
336,156
338,156
378,156
15,157
16,157
23,157
24,157
25,157
69,157
70,157
309,157
339,157
340,157
377,157
14,158
26,158
27,158
68,158
309,158
341,158
376,158
11,159
12,159
13,159
28,159
29,159
30,159
67,159
309,159
342,159
375,159
10,160
31,160
32,160
66,160
308,160
343,160
344,160
374,160
10,161
33,161
34,161
35,161
36,161
65,161
308,161
345,161
346,161
373,161
10,162
37,162
38,162
39,162
65,162
308,162
347,162
348,162
372,162
10,163
40,163
41,163
65,163
307,163
349,163
370,163
371,163
10,164
42,164
44,164
45,164
64,164
166,164
167,164
168,164
171,164
172,164
173,164
174,164
175,164
176,164
177,164
178,164
179,164
180,164
307,164
350,164
351,164
369,164
10,165
43,165
46,165
47,165
64,165
163,165
164,165
165,165
169,165
170,165
181,165
182,165
307,165
352,165
368,165
9,166
48,166
49,166
63,166
162,166
183,166
184,166
185,166
186,166
307,166
353,166
354,166
368,166
9,167
50,167
51,167
52,167
61,167
62,167
159,167
160,167
161,167
187,167
307,167
355,167
356,167
357,167
358,167
359,167
363,167
365,167
366,167
367,167
8,168
53,168
54,168
55,168
56,168
57,168
58,168
59,168
60,168
157,168
158,168
188,168
189,168
190,168
306,168
360,168
361,168
362,168
364,168
8,169
155,169
156,169
191,169
306,169
8,170
153,170
154,170
192,170
193,170
306,170
8,171
151,171
152,171
194,171
195,171
306,171
8,172
150,172
196,172
197,172
306,172
7,173
149,173
198,173
306,173
7,174
147,174
148,174
199,174
306,174
7,175
146,175
200,175
306,175
7,176
145,176
201,176
305,176
7,177
144,177
201,177
305,177
6,178
143,178
202,178
305,178
6,179
142,179
201,179
305,179
6,180
141,180
200,180
305,180
6,181
141,181
200,181
202,181
203,181
305,181
6,182
140,182
201,182
204,182
205,182
305,182
6,183
140,183
206,183
305,183
6,184
140,184
206,184
305,184
6,185
139,185
207,185
305,185
6,186
139,186
207,186
305,186
6,187
138,187
207,187
305,187
6,188
138,188
207,188
305,188
6,189
138,189
207,189
304,189
6,190
137,190
207,190
304,190
6,191
136,191
206,191
304,191
6,192
136,192
206,192
304,192
6,193
136,193
206,193
304,193
5,194
135,194
206,194
304,194
5,195
135,195
205,195
304,195
4,196
135,196
205,196
304,196
4,197
135,197
205,197
304,197
5,198
135,198
204,198
304,198
4,199
135,199
204,199
304,199
4,200
136,200
204,200
304,200
4,201
136,201
203,201
304,201
4,202
136,202
203,202
303,202
4,203
136,203
203,203
303,203
4,204
136,204
202,204
303,204
3,205
136,205
202,205
303,205
3,206
137,206
201,206
303,206
3,207
137,207
201,207
303,207
3,208
137,208
200,208
303,208
3,209
137,209
199,209
303,209
3,210
138,210
199,210
302,210
3,211
138,211
198,211
302,211
3,212
139,212
198,212
302,212
3,213
139,213
197,213
302,213
2,214
139,214
197,214
303,214
3,215
140,215
196,215
303,215
3,216
141,216
197,216
303,216
3,217
142,217
196,217
302,217
3,218
142,218
196,218
302,218
4,219
142,219
196,219
302,219
3,220
143,220
195,220
302,220
3,221
143,221
195,221
302,221
3,222
143,222
194,222
302,222
3,223
143,223
194,223
302,223
3,224
143,224
193,224
301,224
3,225
143,225
193,225
301,225
2,226
143,226
193,226
301,226
2,227
144,227
192,227
301,227
2,228
144,228
192,228
301,228
2,229
144,229
192,229
300,229
2,230
144,230
192,230
300,230
2,231
144,231
182,231
192,231
300,231
1,232
144,232
181,232
183,232
191,232
300,232
2,233
143,233
182,233
192,233
300,233
1,234
142,234
183,234
193,234
300,234
1,235
142,235
182,235
184,235
193,235
300,235
1,236
141,236
183,236
185,236
187,236
193,236
300,236
1,237
141,237
184,237
186,237
188,237
193,237
300,237
1,238
141,238
187,238
194,238
195,238
300,238
1,239
139,239
140,239
196,239
197,239
299,239
1,240
137,240
138,240
198,240
199,240
298,240
1,241
136,241
200,241
201,241
202,241
297,241
1,242
135,242
203,242
204,242
205,242
206,242
208,242
209,242
240,242
241,242
242,242
249,242
250,242
255,242
256,242
257,242
258,242
259,242
260,242
261,242
262,242
263,242
273,242
274,242
275,242
276,242
277,242
278,242
279,242
280,242
281,242
282,242
283,242
284,242
285,242
286,242
287,242
288,242
289,242
290,242
291,242
292,242
293,242
294,242
295,242
296,242
1,243
133,243
134,243
207,243
210,243
211,243
212,243
213,243
214,243
215,243
216,243
217,243
218,243
219,243
220,243
221,243
222,243
223,243
224,243
225,243
226,243
227,243
228,243
229,243
230,243
231,243
232,243
233,243
234,243
235,243
236,243
237,243
238,243
239,243
243,243
244,243
245,243
246,243
247,243
248,243
251,243
252,243
253,243
254,243
264,243
265,243
266,243
267,243
268,243
269,243
270,243
271,243
272,243
1,244
129,244
130,244
131,244
132,244
1,245
128,245
0,246
117,246
118,246
119,246
120,246
121,246
122,246
123,246
124,246
125,246
126,246
127,246
0,247
89,247
90,247
91,247
92,247
94,247
110,247
111,247
112,247
113,247
114,247
115,247
116,247
1,248
77,248
79,248
80,248
81,248
82,248
83,248
84,248
85,248
86,248
87,248
88,248
93,248
95,248
96,248
97,248
98,248
99,248
100,248
101,248
102,248
103,248
104,248
105,248
106,248
107,248
108,248
109,248
1,249
76,249
78,249
1,250
45,250
46,250
52,250
53,250
54,250
55,250
56,250
57,250
58,250
59,250
60,250
61,250
62,250
63,250
64,250
65,250
66,250
67,250
68,250
69,250
70,250
71,250
72,250
73,250
74,250
75,250
2,251
20,251
21,251
22,251
29,251
30,251
31,251
32,251
33,251
34,251
35,251
36,251
37,251
38,251
39,251
40,251
41,251
42,251
43,251
44,251
47,251
48,251
49,251
50,251
51,251
3,252
4,252
12,252
13,252
14,252
15,252
16,252
17,252
18,252
19,252
23,252
24,252
25,252
26,252
27,252
28,252
5,253
6,253
7,253
8,253
9,253
10,253
11,253