92,0
93,0
94,0
98,0
99,0
100,0
101,0
102,0
103,0
105,0
106,0
91,1
95,1
96,1
97,1
104,1
107,1
108,1
109,1
110,1
111,1
112,1
113,1
114,1
115,1
116,1
117,1
118,1
130,1
90,2
119,2
120,2
122,2
123,2
124,2
125,2
126,2
127,2
128,2
129,2
131,2
132,2
133,2
134,2
135,2
136,2
137,2
89,3
121,3
138,3
139,3
140,3
141,3
142,3
143,3
144,3
145,3
146,3
147,3
148,3
149,3
150,3
90,4
151,4
152,4
153,4
154,4
155,4
156,4
157,4
158,4
159,4
160,4
161,4
162,4
163,4
164,4
165,4
166,4
167,4
168,4
169,4
170,4
171,4
172,4
90,5
173,5
174,5
175,5
176,5
177,5
178,5
179,5
180,5
181,5
182,5
183,5
194,5
195,5
196,5
197,5
198,5
199,5
209,5
210,5
211,5
212,5
213,5
214,5
215,5
216,5
90,6
184,6
185,6
186,6
187,6
188,6
189,6
190,6
191,6
192,6
193,6
200,6
201,6
202,6
203,6
204,6
208,6
217,6
218,6
219,6
90,7
205,7
206,7
207,7
220,7
226,7
227,7
228,7
229,7
91,8
221,8
222,8
223,8
224,8
225,8
230,8
231,8
232,8
233,8
234,8
235,8
236,8
237,8
238,8
239,8
245,8
246,8
247,8
248,8
249,8
250,8
251,8
257,8
258,8
90,9
240,9
241,9
242,9
243,9
244,9
252,9
253,9
254,9
255,9
256,9
259,9
260,9
261,9
262,9
263,9
264,9
265,9
266,9
267,9
268,9
272,9
90,10
269,10
270,10
271,10
273,10
274,10
275,10
276,10
277,10
278,10
279,10
280,10
281,10
282,10
283,10
289,10
290,10
291,10
292,10
293,10
294,10
295,10
296,10
297,10
298,10
299,10
300,10
90,11
284,11
285,11
286,11
287,11
288,11
301,11
302,11
303,11
304,11
305,11
306,11
307,11
89,12
308,12
309,12
310,12
311,12
312,12
313,12
314,12
315,12
316,12
317,12
318,12
321,12
322,12
323,12
324,12
325,12
326,12
327,12
328,12
329,12
330,12
331,12
340,12
88,13
319,13
320,13
332,13
333,13
334,13
335,13
336,13
337,13
338,13
339,13
341,13
342,13
343,13
344,13
345,13
348,13
349,13
350,13
354,13
355,13
356,13
357,13
88,14
346,14
347,14
351,14
352,14
353,14
358,14
359,14
360,14
361,14
362,14
88,15
363,15
88,16
363,16
88,17
363,17
88,18
363,18
89,19
363,19
89,20
363,20
89,21
363,21
89,22
363,22
89,23
363,23
89,24
362,24
89,25
362,25
89,26
362,26
88,27
362,27
88,28
362,28
88,29
362,29
88,30
362,30
88,31
362,31
88,32
363,32
88,33
364,33
88,34
364,34
88,35
363,35
89,36
363,36
88,37
363,37
88,38
363,38
88,39
363,39
88,40
362,40
88,41
362,41
88,42
362,42
88,43
362,43
88,44
362,44
88,45
362,45
87,46
362,46
87,47
362,47
87,48
362,48
87,49
362,49
87,50
362,50
87,51
361,51
87,52
361,52
87,53
361,53
87,54
361,54
87,55
361,55
87,56
361,56
87,57
361,57
87,58
361,58
87,59
361,59
87,60
361,60
87,61
361,61
86,62
361,62
86,63
360,63
86,64
361,64
86,65
361,65
86,66
361,66
86,67
361,67
87,68
361,68
86,69
361,69
86,70
361,70
86,71
361,71
86,72
360,72
86,73
360,73
86,74
360,74
86,75
360,75
86,76
360,76
86,77
360,77
86,78
360,78
86,79
360,79
86,80
360,80
85,81
360,81
85,82
360,82
85,83
360,83
21,84
22,84
23,84
24,84
25,84
26,84
27,84
85,84
360,84
20,85
28,85
29,85
85,85
359,85
17,86
18,86
19,86
30,86
31,86
32,86
85,86
359,86
16,87
33,87
34,87
36,87
85,87
359,87
15,88
35,88
37,88
38,88
84,88
359,88
14,89
39,89
84,89
359,89
13,90
40,90
41,90
84,90
359,90
12,91
42,91
43,91
83,91
359,91
11,92
44,92
83,92
359,92
10,93
45,93
83,93
359,93
9,94
46,94
47,94
82,94
358,94
9,95
48,95
82,95
359,95
8,96
49,96
50,96
81,96
359,96
8,97
51,97
80,97
359,97
7,98
52,98
80,98
308,98
309,98
310,98
311,98
312,98
313,98
314,98
359,98
7,99
53,99
79,99
307,99
315,99
316,99
317,99
318,99
358,99
6,100
54,100
55,100
56,100
78,100
305,100
306,100
319,100
320,100
358,100
7,101
57,101
58,101
77,101
304,101
321,101
322,101
323,101
358,101
6,102
59,102
60,102
61,102
72,102
73,102
74,102
75,102
76,102
303,102
324,102
325,102
357,102
5,103
62,103
63,103
68,103
70,103
71,103
302,103
326,103
327,103
357,103
5,104
64,104
65,104
66,104
67,104
69,104
301,104
328,104
329,104
357,104
4,105
300,105
330,105
356,105
4,106
299,106
331,106
332,106
356,106
4,107
299,107
333,107
334,107
355,107
4,108
298,108
335,108
354,108
3,109
297,109
336,109
337,109
354,109
3,110
297,110
338,110
339,110
354,110
2,111
296,111
340,111
341,111
353,111
2,112
295,112
342,112
343,112
350,112
351,112
352,112
2,113
295,113
344,113
345,113
346,113
347,113
348,113
349,113
2,114
295,114
2,115
294,115
2,116
294,116
1,117
293,117
1,118
293,118
1,119
293,119
1,120
292,120
1,121
292,121
1,122
292,122
0,123
291,123
0,124
291,124
0,125
291,125
0,126
291,126
1,127
290,127
1,128
291,128
1,129
291,129
1,130
291,130
1,131
291,131
2,132
291,132
3,133
291,133
3,134
291,134
3,135
291,135
3,136
291,136
4,137
291,137
4,138
291,138
4,139
291,139
4,140
291,140
4,141
292,141
4,142
292,142
5,143
292,143
6,144
292,144
7,145
293,145
7,146
69,146
70,146
71,146
72,146
73,146
293,146
7,147
64,147
65,147
66,147
67,147
68,147
74,147
75,147
293,147
8,148
60,148
61,148
62,148
63,148
76,148
293,148
8,149
57,149
58,149
59,149
77,149
294,149
9,150
55,150
56,150
78,150
294,150
10,151
53,151
54,151
79,151
294,151
11,152
52,152
79,152
295,152
11,153
49,153
50,153
51,153
79,153
295,153
12,154
47,154
48,154
80,154
81,154
296,154
12,155
45,155
46,155
82,155
297,155
343,155
344,155
345,155
346,155
347,155
13,156
43,156
44,156
82,156
297,156
340,156
341,156
342,156
348,156
349,156
350,156
14,157
15,157
41,157
42,157
83,157
297,157
337,157
338,157
339,157
351,157
16,158
39,158
40,158
83,158
298,158
335,158
336,158
352,158
17,159
18,159
37,159
38,159
83,159
299,159
333,159
334,159
353,159
354,159
19,160
35,160
36,160
83,160
300,160
301,160
332,160
355,160
20,161
21,161
22,161
32,161
33,161
34,161
83,161
302,161
328,161
329,161
330,161
331,161
355,161
23,162
24,162
25,162
26,162
27,162
28,162
29,162
30,162
31,162
84,162
303,162
326,162
327,162
355,162
85,163
304,163
325,163
356,163
85,164
305,164
324,164
356,164
85,165
306,165
322,165
323,165
356,165
85,166
307,166
320,166
321,166
356,166
85,167
308,167
309,167
310,167
317,167
318,167
319,167
357,167
85,168
311,168
312,168
313,168
314,168
315,168
316,168
357,168
86,169
357,169
86,170
357,170
86,171
357,171
86,172
357,172
86,173
357,173
86,174
357,174
86,175
357,175
86,176
357,176
86,177
357,177
86,178
357,178
86,179
357,179
86,180
357,180
86,181
357,181
86,182
357,182
86,183
357,183
86,184
357,184
86,185
357,185
86,186
357,186
86,187
357,187
86,188
357,188
86,189
357,189
86,190
357,190
86,191
358,191
86,192
359,192
86,193
359,193
86,194
359,194
87,195
359,195
87,196
359,196
87,197
359,197
87,198
358,198
87,199
358,199
87,200
358,200
88,201
358,201
88,202
358,202
87,203
359,203
87,204
359,204
88,205
359,205
88,206
359,206
88,207
359,207
88,208
359,208
87,209
359,209
87,210
359,210
87,211
359,211
87,212
359,212
87,213
359,213
87,214
359,214
87,215
359,215
87,216
359,216
87,217
359,217
88,218
359,218
89,219
90,219
91,219
92,219
359,219
93,220
94,220
95,220
96,220
97,220
102,220
103,220
104,220
359,220
98,221
99,221
100,221
101,221
105,221
106,221
107,221
108,221
109,221
110,221
111,221
112,221
113,221
114,221
115,221
116,221
117,221
360,221
118,222
119,222
120,222
121,222
122,222
123,222
124,222
125,222
126,222
359,222
127,223
128,223
129,223
133,223
134,223
135,223
136,223
137,223
138,223
139,223
140,223
141,223
142,223
360,223
130,224
131,224
132,224
143,224
144,224
145,224
146,224
147,224
148,224
149,224
360,224
150,225
151,225
152,225
153,225
154,225
155,225
165,225
361,225
156,226
157,226
158,226
159,226
160,226
161,226
162,226
163,226
164,226
166,226
167,226
168,226
169,226
170,226
361,226
171,227
172,227
361,227
173,228
361,228
174,229
175,229
176,229
177,229
261,229
262,229
263,229
264,229
268,229
269,229
295,229
361,229
178,230
179,230
180,230
252,230
253,230
254,230
255,230
258,230
259,230
260,230
265,230
266,230
267,230
270,230
271,230
272,230
273,230
274,230
275,230
276,230
277,230
278,230
279,230
280,230
281,230
282,230
283,230
284,230
285,230
286,230
287,230
288,230
293,230
294,230
296,230
297,230
298,230
299,230
300,230
301,230
302,230
303,230
304,230
305,230
306,230
307,230
308,230
312,230
313,230
314,230
315,230
325,230
326,230
327,230
328,230
329,230
330,230
331,230
332,230
333,230
334,230
335,230
336,230
337,230
360,230
181,231
182,231
247,231
248,231
249,231
250,231
251,231
256,231
257,231
289,231
290,231
291,231
292,231
309,231
310,231
311,231
316,231
317,231
318,231
319,231
320,231
321,231
322,231
323,231
324,231
338,231
339,231
340,231
341,231
342,231
343,231
344,231
345,231
346,231
347,231
348,231
349,231
350,231
351,231
352,231
353,231
356,231
357,231
358,231
359,231
183,232
244,232
245,232
246,232
354,232
355,232
184,233
242,233
243,233
185,234
241,234
185,235
240,235
186,236
238,236
239,236
186,237
237,237
186,238
236,238
186,239
235,239
187,240
235,240
187,241
234,241
188,242
234,242
187,243
234,243
187,244
234,244
187,245
233,245
187,246
233,246
187,247
234,247
186,248
234,248
186,249
234,249
186,250
235,250
185,251
235,251
185,252
236,252
185,253
236,253
184,254
236,254
183,255
236,255
182,256
236,256
183,257
237,257
182,258
238,258
181,259
239,259
180,260
240,260
180,261
241,261
179,262
241,262
178,263
242,263
177,264
242,264
176,265
242,265
175,266
243,266
175,267
244,267
174,268
245,268
173,269
245,269
172,270
246,270
171,271
247,271
171,272
247,272
170,273
248,273
169,274
248,274
169,275
248,275
168,276
249,276
168,277
249,277
168,278
249,278
167,279
250,279
167,280
251,280
167,281
251,281
167,282
251,282
167,283
251,283
168,284
251,284
168,285
251,285
168,286
251,286
169,287
251,287
170,288
252,288
171,289
251,289
172,290
251,290
172,291
250,291
173,292
249,292
174,293
248,293
175,294
247,294
176,295
245,295
246,295
177,296
244,296
178,297
179,297
243,297
180,298
241,298
242,298
181,299
182,299
183,299
238,299
239,299
240,299
184,300
237,300
185,301
186,301
233,301
234,301
235,301
236,301
187,302
188,302
230,302
231,302
232,302
189,303
190,303
229,303
191,304
192,304
193,304
194,304
198,304
199,304
223,304
224,304
225,304
226,304
227,304
228,304
195,305
196,305
197,305
200,305
201,305
204,305
205,305
206,305
207,305
208,305
210,305
217,305
218,305
219,305
220,305
221,305
222,305
202,306
203,306
209,306
211,306
212,306
213,306
214,306
215,306
216,306