56,0
56,1
56,2
56,3
55,4
55,5
55,6
55,7
55,8
54,9
54,10
54,11
54,12
54,13
53,14
53,15
53,16
53,17
53,18
52,19
52,20
52,21
52,22
52,23
51,24
51,25
50,26
51,27
51,28
50,29
50,30
49,31
49,32
49,33
49,34
49,35
49,36
49,37
49,38
48,39
48,40
48,41
48,42
48,43
47,44
47,45
46,46
47,47
47,48
46,49
45,50
45,51
45,52
45,53
44,54
44,55
44,56
44,57
44,58
43,59
43,60
43,61
43,62
43,63
42,64
42,65
42,66
42,67
42,68
41,69
41,70
40,71
40,72
40,73
39,74
40,75
40,76
40,77
40,78
39,79
39,80
39,81
38,82
38,83
38,84
38,85
38,86
38,87
38,88
37,89
36,90
36,91
36,92
36,93
35,94
35,95
35,96
36,97
36,98
35,99
35,100
35,101
35,102
35,103
34,104
34,105
33,106
33,107
33,108
32,109
32,110
32,111
33,112
33,113
32,114
32,115
32,116
32,117
32,118
31,119
31,120
31,121
31,122
31,123
32,124
31,125
31,126
31,127
32,128
32,129
81,129
82,129
83,129
86,129
87,129
31,130
77,130
78,130
79,130
80,130
84,130
85,130
88,130
32,131
76,131
89,131
90,131
91,131
92,131
32,132
75,132
93,132
33,133
71,133
72,133
73,133
74,133
94,133
33,134
69,134
70,134
94,134
32,135
67,135
68,135
95,135
33,136
66,136
95,136
34,137
35,137
62,137
63,137
64,137
65,137
95,137
36,138
61,138
96,138
37,139
60,139
97,139
38,140
39,140
56,140
58,140
59,140
98,140
40,141
41,141
43,141
44,141
50,141
51,141
53,141
54,141
55,141
57,141
98,141
42,142
45,142
46,142
47,142
48,142
49,142
52,142
98,142
98,143
98,144
98,145
98,146
98,147
98,148
99,149
99,150
99,151
98,152
99,153
99,154
99,155
99,156
98,157
98,158
99,159
99,160
99,161
98,162
99,163
99,164
99,165
99,166
98,167
98,168
98,169
98,170
98,171
97,172
97,173
97,174
97,175
97,176
96,177
96,178
96,179
96,180
96,181
95,182
95,183
95,184
30,185
31,185
32,185
34,185
35,185
36,185
95,185
26,186
28,186
29,186
33,186
37,186
94,186
25,187
27,187
38,187
39,187
93,187
25,188
40,188
41,188
93,188
24,189
42,189
93,189
23,190
43,190
93,190
22,191
44,191
92,191
21,192
45,192
91,192
21,193
46,193
91,193
21,194
46,194
91,194
20,195
47,195
90,195
20,196
48,196
49,196
90,196
19,197
50,197
89,197
19,198
51,198
88,198
18,199
51,199
88,199
17,200
52,200
88,200
17,201
53,201
88,201
17,202
53,202
86,202
87,202
17,203
54,203
85,203
17,204
55,204
85,204
16,205
56,205
84,205
16,206
57,206
83,206
16,207
58,207
82,207
16,208
59,208
81,208
16,209
60,209
80,209
15,210
60,210
79,210
15,211
61,211
62,211
63,211
64,211
77,211
78,211
15,212
65,212
74,212
75,212
76,212
15,213
66,213
70,213
71,213
72,213
73,213
15,214
67,214
68,214
69,214
14,215
14,216
14,217
14,218
14,219
13,220
13,221
13,222
13,223
13,224
12,225
12,226
12,227
12,228
12,229
11,230
11,231
11,232
11,233
11,234
10,235
10,236
10,237
9,238
9,239
9,240
9,241
8,242
8,243
8,244
7,245
7,246
7,247
7,248
7,249
6,250
6,251
6,252
6,253
6,254
6,255
5,256
5,257
5,258
6,259
5,260
5,261
4,262
4,263
4,264
4,265
3,266
3,267
3,268
3,269
2,270
2,271
2,272
3,273
3,274
2,275
2,276
2,277
2,278
2,279
1,280
1,281
1,282
1,283
1,284
0,285
1,286
2,287
3,287
4,287
5,287
6,287
7,288
8,289
9,289
10,289
11,289
12,290
13,290
14,290
15,290
16,290
17,291
18,291
19,291
20,291
21,291
22,292
23,292
24,292
25,292
26,292
27,293
28,293
29,293
30,293
31,293
32,294
33,294
34,294
35,294
36,294
37,295
38,295
39,295
40,295
41,295
42,296
43,296
44,296
45,296
46,296
47,297
48,297
49,297
50,297
51,297
52,298
53,298
54,298
55,298
56,298
57,299
58,299
59,299
60,299
61,299
62,300
63,301
64,301
65,301
66,302
67,303
68,303
69,303
70,304
71,304
72,305
72,306
72,307
73,308
74,309
74,310
75,311
75,312
74,313
74,314
74,315
74,316
74,317
73,318
73,319
73,320
73,321
72,322
71,323
71,324
70,325
70,326
69,327
68,328
67,329
66,330
66,331
64,332
65,332
63,333
63,334
62,335
61,336
60,337
60,338
60,339
60,340
59,341
58,342
58,343
57,344
57,345
56,346
56,347
56,348
56,349
56,350
55,351
56,352
56,353