59,0
59,1
58,2
57,3
56,4
56,5
55,6
54,7
54,8
54,9
53,10
53,11
53,12
53,13
53,14
53,15
54,16
54,17
54,18
54,19
55,20
55,21
56,22
56,23
57,24
57,25
57,26
58,27
59,28
59,29
60,30
61,31
62,32
63,33
64,34
64,35
64,36
65,37
66,37
67,38
67,39
68,40
69,41
70,42
71,43
71,44
72,45
73,45
74,46
74,47
75,48
76,49
76,50
76,51
76,52
76,53
76,54
75,55
75,56
74,57
73,58
72,59
70,60
71,60
69,61
69,62
67,63
68,63
63,64
64,64
65,64
66,64
62,65
59,66
60,66
61,66
57,67
58,67
55,68
56,68
49,69
50,69
51,69
52,69
53,69
54,69
48,70
43,71
44,71
45,71
46,71
47,71
41,72
42,72
40,73
33,74
34,74
35,74
36,74
37,74
38,74
39,74
32,75
29,76
30,76
31,76
25,77
26,77
27,77
28,77
20,78
21,78
22,78
23,78
24,78
17,79
18,79
19,79
12,80
13,80
14,80
15,80
16,80
10,81
11,81
7,82
9,82
2,83
3,83
4,83
5,83
6,83
8,83
1,84
0,85
1,86
0,87
1,88
2,88
3,89
3,90
3,91
3,92
4,93
3,94
4,95
4,96
5,97
6,98
6,99
6,100
6,101
6,102
7,103
8,104
8,105
8,106
8,107
9,108
9,109
9,110
10,111
11,112
11,113
11,114
12,115
12,116
12,117
13,118
14,119
14,120
14,121
14,122
15,123
15,124
16,125
82,125
83,125
16,126
75,126
76,126
77,126
78,126
79,126
80,126
81,126
84,126
17,127
74,127
85,127
86,127
17,128
71,128
72,128
73,128
87,128
88,128
18,129
70,129
89,129
90,129
91,129
18,130
69,130
92,130
18,131
68,131
93,131
18,132
67,132
94,132
18,133
66,133
95,133
19,134
65,134
96,134
20,135
64,135
97,135
20,136
63,136
98,136
99,136
20,137
62,137
100,137
21,138
60,138
61,138
101,138
21,139
59,139
102,139
21,140
59,140
102,140
22,141
59,141
102,141
23,142
59,142
102,142
24,143
57,143
58,143
103,143
24,144
56,144
104,144
25,145
55,145
105,145
25,146
54,146
105,146
26,147
53,147
105,147
26,148
53,148
106,148
27,149
28,149
52,149
106,149
29,150
30,150
50,150
51,150
107,150
31,151
48,151
49,151
107,151
32,152
46,152
47,152
108,152
32,153
45,153
109,153
33,154
34,154
38,154
39,154
40,154
41,154
42,154
43,154
44,154
109,154
35,155
36,155
37,155
109,155
109,156
109,157
110,158
110,159
111,160
111,161
111,162
111,163
112,164
112,165
112,166
113,167
113,168
113,169
113,170
113,171
113,172
114,173
114,174
115,175
115,176
115,177
115,178
115,179
115,180
115,181
115,182
116,183
116,184
115,185
115,186
115,187
115,188
115,189
115,190
115,191
115,192
114,193
114,194
114,195
114,196
113,197
113,198
113,199
113,200
112,201
112,202
111,203
111,204
111,205
54,206
56,206
57,206
58,206
59,206
60,206
61,206
62,206
64,206
65,206
111,206
53,207
55,207
63,207
66,207
67,207
110,207
51,208
52,208
68,208
69,208
109,208
50,209
70,209
71,209
72,209
73,209
108,209
50,210
74,210
75,210
108,210
49,211
76,211
106,211
107,211
49,212
77,212
80,212
105,212
48,213
78,213
79,213
81,213
104,213
48,214
82,214
83,214
104,214
48,215
84,215
104,215
47,216
85,216
86,216
88,216
89,216
97,216
98,216
99,216
100,216
101,216
102,216
103,216
47,217
87,217
90,217
92,217
96,217
47,218
91,218
93,218
94,218
95,218
47,219
46,220
46,221
46,222
46,223
45,224
45,225
46,226
46,227
46,228
46,229
46,230
46,231
46,232
46,233
46,234
46,235
46,236
47,237
46,238
47,239
47,240
47,241
48,242
48,243
48,244
48,245
48,246
48,247
48,248
49,249
49,250
49,251
50,252
50,253
50,254
50,255
50,256
51,257
51,258
51,259
51,260
51,261
51,262
51,263
51,264
52,265
53,266
53,267
53,268
53,269
53,270
53,271
54,272
54,273
54,274
54,275
54,276
54,277
54,278
54,279
55,280
55,281
55,282
56,283
56,284
56,285
56,286
56,287
57,288
57,289
57,290
57,291
57,292
57,293
57,294
58,295
58,296
58,297
58,298
59,299
59,300
59,301