80,0
80,1
81,2
80,3
80,4
81,5
81,6
82,7
82,8
82,9
82,10
82,11
82,12
82,13
81,14
81,15
81,16
81,17
81,18
81,19
82,20
82,21
82,22
82,23
82,24
82,25
82,26
82,27
83,28
83,29
83,30
83,31
83,32
83,33
83,34
84,35
83,36
83,37
83,38
83,39
83,40
83,41
83,42
83,43
83,44
84,45
84,46
84,47
84,48
84,49
84,50
84,51
84,52
84,53
84,54
84,55
84,56
85,57
84,58
84,59
84,60
84,61
84,62
84,63
85,64
85,65
85,66
85,67
85,68
85,69
85,70
85,71
85,72
85,73
85,74
86,75
86,76
86,77
86,78
86,79
85,80
85,81
85,82
86,83
86,84
85,85
85,86
86,87
86,88
86,89
86,90
86,91
86,92
86,93
86,94
86,95
86,96
86,97
85,98
85,99
85,100
33,101
34,101
35,101
85,101
27,102
28,102
29,102
30,102
31,102
32,102
36,102
37,102
84,102
24,103
25,103
26,103
38,103
39,103
83,103
23,104
40,104
41,104
42,104
83,104
21,105
22,105
43,105
44,105
83,105
19,106
20,106
45,106
46,106
83,106
18,107
47,107
83,107
17,108
48,108
49,108
82,108
15,109
16,109
50,109
81,109
14,110
51,110
52,110
80,110
13,111
53,111
54,111
80,111
12,112
55,112
56,112
80,112
12,113
57,113
58,113
79,113
11,114
59,114
78,114
11,115
60,115
61,115
77,115
10,116
62,116
63,116
64,116
75,116
76,116
9,117
65,117
66,117
67,117
68,117
72,117
73,117
74,117
8,118
69,118
70,118
71,118
8,119
7,120
6,121
5,122
5,123
5,124
4,125
4,126
3,127
3,128
3,129
2,130
2,131
1,132
1,133
1,134
1,135
1,136
1,137
1,138
1,139
0,140
0,141
0,142
1,143
0,144
0,145
0,146
0,147
1,148
1,149
2,150
2,151
2,152
3,153
3,154
4,155
4,156
5,157
6,158
6,159
69,159
70,159
71,159
72,159
73,159
6,160
66,160
67,160
68,160
74,160
75,160
7,161
63,161
64,161
65,161
76,161
77,161
8,162
61,162
62,162
78,162
9,163
57,163
58,163
59,163
60,163
79,163
10,164
55,164
56,164
80,164
10,165
53,165
54,165
81,165
11,166
51,166
52,166
81,166
11,167
49,167
50,167
81,167
12,168
46,168
47,168
48,168
80,168
13,169
14,169
45,169
80,169
15,170
42,170
43,170
44,170
81,170
16,171
36,171
40,171
41,171
81,171
17,172
18,172
19,172
32,172
33,172
34,172
35,172
37,172
39,172
81,172
20,173
21,173
22,173
23,173
24,173
25,173
26,173
27,173
28,173
29,173
30,173
31,173
38,173
81,173
82,174
82,175
82,176
82,177
83,178
83,179
83,180
83,181
83,182
83,183
83,184
83,185
83,186
83,187
82,188
82,189
81,190
82,191
82,192
82,193
82,194
82,195
82,196
82,197
82,198
82,199
82,200
82,201
82,202
82,203
82,204
82,205
82,206
82,207
82,208
82,209
82,210
82,211
81,212
81,213
81,214
81,215
81,216
80,217
81,218
81,219
81,220
81,221
81,222
81,223
81,224
81,225
80,226
80,227
80,228
80,229
81,230
81,231
81,232
81,233
80,234
80,235
80,236
80,237