4,0
4,1
4,2
5,3
5,4
5,5
6,6
6,7
6,8
6,9
6,10
7,11
7,12
7,13
7,14
7,15
7,16
7,17
7,18
7,19
7,20
7,21
7,22
6,23
6,24
6,25
6,26
6,27
6,28
6,29
6,30
6,31
5,32
5,33
5,34
5,35
5,36
5,37
5,38
4,39
4,40
4,41
4,42
4,43
4,44
4,45
4,46
4,47
3,48
3,49
3,50
3,51
3,52
3,53
3,54
3,55
3,56
3,57
3,58
3,59
2,60
2,61
2,62
1,63
1,64
1,65
1,66
1,67
1,68
1,69
1,70
1,71
1,72
1,73
1,74
1,75
1,76
1,77
1,78
1,79
1,80
1,81
2,82
2,83
3,84
2,85
50,85
51,85
52,85
53,85
54,85
3,86
47,86
48,86
49,86
55,86
3,87
41,87
42,87
43,87
44,87
45,87
46,87
56,87
57,87
3,88
40,88
58,88
4,89
38,89
39,89
59,89
4,90
37,90
60,90
5,91
35,91
36,91
61,91
5,92
34,92
62,92
5,93
31,93
32,93
33,93
63,93
4,94
28,94
29,94
30,94
64,94
65,94
4,95
27,95
66,95
5,96
6,96
7,96
8,96
9,96
10,96
24,96
25,96
26,96
66,96
11,97
23,97
66,97
11,98
19,98
20,98
21,98
22,98
67,98
11,99
18,99
67,99
12,100
19,100
68,100
13,101
20,101
21,101
68,101
14,102
15,102
22,102
68,102
16,103
17,103
18,103
19,103
20,103
21,103
68,103
68,104
69,105
69,106
69,107
70,108
70,109
70,110
71,111
71,112
71,113
71,114
70,115
70,116
70,117
70,118
70,119
70,120
71,121
70,122
70,123
70,124
69,125
69,126
69,127
69,128
69,129
68,130
68,131
68,132
67,133
67,134
68,135
67,136
13,137
14,137
15,137
16,137
17,137
18,137
19,137
20,137
66,137
12,138
21,138
22,138
65,138
11,139
23,139
63,139
64,139
10,140
24,140
25,140
26,140
62,140
9,141
27,141
28,141
62,141
8,142
29,142
30,142
62,142
7,143
31,143
32,143
33,143
62,143
7,144
34,144
35,144
62,144
6,145
36,145
59,145
60,145
61,145
6,146
37,146
39,146
55,146
56,146
57,146
58,146
5,147
38,147
40,147
53,147
54,147
5,148
41,148
52,148
5,149
42,149
43,149
51,149
4,150
44,150
45,150
46,150
47,150
48,150
49,150
50,150
5,151
5,152
5,153
4,154
4,155
4,156
3,157
3,158
3,159
3,160
3,161
3,162
3,163
3,164
3,165
4,166
4,167
3,168
3,169
2,170
2,171
2,172
2,173
2,174
2,175
2,176
3,177
3,178
3,179
3,180
3,181
3,182
2,183
2,184
2,185
2,186
2,187
2,188
2,189
2,190
3,191
2,192
2,193
2,194
2,195
2,196
2,197
2,198
2,199
1,200
1,201
1,202
1,203
2,204
2,205
2,206
2,207
2,208
2,209
2,210
1,211
1,212
1,213
1,214
1,215
1,216
1,217
1,218
1,219
1,220
1,221
1,222
1,223
1,224
1,225
1,226
1,227
1,228
1,229
0,230
1,231
2,232
3,233