199,0
200,0
201,0
182,1
183,1
184,1
185,1
186,1
187,1
188,1
189,1
190,1
191,1
192,1
193,1
194,1
195,1
196,1
197,1
198,1
202,1
203,1
204,1
205,1
206,1
207,1
179,2
180,2
181,2
208,2
209,2
210,2
211,2
212,2
213,2
214,2
215,2
172,3
175,3
176,3
177,3
178,3
216,3
217,3
218,3
219,3
220,3
221,3
222,3
223,3
224,3
170,4
171,4
173,4
174,4
225,4
226,4
227,4
168,5
169,5
228,5
229,5
167,6
230,6
231,6
232,6
166,7
233,7
234,7
165,8
235,8
236,8
164,9
237,9
238,9
163,10
239,10
162,11
240,11
241,11
161,12
242,12
160,13
243,13
159,14
244,14
158,15
245,15
158,16
246,16
157,17
246,17
157,18
247,18
157,19
247,19
157,20
248,20
249,20
157,21
250,21
158,22
250,22
158,23
250,23
158,24
250,24
158,25
250,25
159,26
250,26
159,27
250,27
159,28
250,28
160,29
250,29
160,30
249,30
161,31
248,31
162,32
247,32
162,33
247,33
163,34
247,34
164,35
246,35
165,36
245,36
166,37
245,37
166,38
244,38
167,39
243,39
167,40
242,40
168,41
241,41
168,42
240,42
168,43
240,43
169,44
238,44
239,44
170,45
237,45
170,46
237,46
171,47
236,47
171,48
235,48
171,49
235,49
172,50
234,50
172,51
234,51
172,52
233,52
172,53
233,53
172,54
233,54
173,55
232,55
173,56
232,56
173,57
232,57
173,58
231,58
172,59
231,59
172,60
231,60
172,61
231,61
172,62
231,62
1,63
2,63
3,63
4,63
5,63
6,63
7,63
8,63
9,63
10,63
11,63
12,63
13,63
14,63
15,63
171,63
231,63
0,64
16,64
17,64
18,64
19,64
20,64
21,64
22,64
23,64
24,64
25,64
26,64
27,64
170,64
232,64
0,65
28,65
29,65
35,65
36,65
37,65
38,65
39,65
40,65
41,65
42,65
43,65
169,65
232,65
0,66
30,66
31,66
32,66
33,66
34,66
44,66
45,66
46,66
47,66
48,66
49,66
50,66
51,66
52,66
53,66
54,66
55,66
56,66
57,66
168,66
232,66
0,67
58,67
59,67
60,67
62,67
63,67
64,67
65,67
66,67
67,67
68,67
69,67
70,67
71,67
167,67
232,67
1,68
61,68
72,68
78,68
79,68
80,68
165,68
166,68
233,68
2,69
73,69
74,69
75,69
76,69
77,69
81,69
82,69
83,69
84,69
85,69
97,69
164,69
234,69
2,70
86,70
87,70
88,70
89,70
90,70
91,70
92,70
93,70
94,70
95,70
96,70
98,70
99,70
162,70
163,70
235,70
3,71
100,71
101,71
102,71
103,71
104,71
105,71
106,71
107,71
108,71
109,71
110,71
111,71
112,71
113,71
119,71
120,71
121,71
122,71
123,71
124,71
125,71
126,71
127,71
156,71
159,71
160,71
161,71
236,71
237,71
3,72
114,72
115,72
116,72
117,72
118,72
128,72
135,72
136,72
137,72
139,72
140,72
141,72
142,72
154,72
155,72
157,72
158,72
238,72
3,73
129,73
130,73
131,73
132,73
133,73
134,73
138,73
143,73
144,73
145,73
146,73
147,73
148,73
149,73
150,73
151,73
152,73
153,73
238,73
3,74
239,74
3,75
240,75
4,76
241,76
242,76
243,76
4,77
244,77
245,77
4,78
246,78
247,78
248,78
249,78
250,78
3,79
251,79
252,79
253,79
254,79
3,80
255,80
256,80
3,81
257,81
258,81
259,81
260,81
261,81
262,81
263,81
264,81
265,81
266,81
267,81
268,81
3,82
269,82
270,82
271,82
272,82
273,82
274,82
3,83
275,83
276,83
277,83
278,83
279,83
280,83
281,83
282,83
283,83
3,84
284,84
285,84
286,84
287,84
288,84
289,84
290,84
291,84
292,84
293,84
3,85
294,85
295,85
296,85
297,85
3,86
298,86
299,86
300,86
301,86
302,86
303,86
304,86
305,86
306,86
307,86
3,87
308,87
309,87
310,87
311,87
4,88
312,88
313,88
314,88
315,88
316,88
317,88
318,88
319,88
320,88
321,88
322,88
323,88
324,88
4,89
325,89
4,90
324,90
4,91
323,91
4,92
323,92
3,93
322,93
3,94
322,94
3,95
322,95
3,96
322,96
3,97
322,97
3,98
322,98
3,99
322,99
3,100
321,100
4,101
321,101
4,102
321,102
3,103
321,103
4,104
320,104
4,105
320,105
4,106
320,106
3,107
320,107
3,108
320,108
3,109
320,109
3,110
320,110
3,111
320,111
3,112
319,112
3,113
319,113
3,114
319,114
2,115
319,115
3,116
319,116
3,117
319,117
3,118
319,118
3,119
318,119
3,120
318,120
2,121
318,121
2,122
317,122
2,123
317,123
3,124
317,124
3,125
317,125
3,126
316,126
3,127
316,127
3,128
316,128
3,129
316,129
3,130
316,130
3,131
316,131
3,132
316,132
3,133
315,133
3,134
315,134
3,135
314,135
2,136
314,136
2,137
314,137
2,138
314,138
2,139
314,139
3,140
314,140
3,141
53,141
54,141
57,141
58,141
59,141
60,141
61,141
314,141
3,142
51,142
52,142
55,142
56,142
62,142
63,142
64,142
65,142
66,142
67,142
314,142
3,143
49,143
50,143
68,143
314,143
3,144
46,144
47,144
48,144
69,144
70,144
314,144
4,145
43,145
44,145
45,145
71,145
314,145
4,146
42,146
72,146
314,146
4,147
40,147
41,147
73,147
74,147
313,147
5,148
37,148
38,148
39,148
75,148
312,148
5,149
36,149
76,149
77,149
312,149
5,150
33,150
34,150
35,150
78,150
265,150
266,150
312,150
5,151
31,151
32,151
79,151
264,151
267,151
312,151
6,152
30,152
79,152
256,152
257,152
258,152
259,152
260,152
261,152
262,152
263,152
268,152
269,152
270,152
312,152
7,153
29,153
79,153
255,153
271,153
272,153
312,153
8,154
9,154
24,154
25,154
26,154
27,154
28,154
80,154
254,154
273,154
274,154
311,154
10,155
11,155
12,155
22,155
23,155
81,155
253,155
275,155
311,155
13,156
17,156
18,156
19,156
20,156
21,156
81,156
252,156
276,156
277,156
311,156
14,157
15,157
16,157
82,157
250,157
251,157
278,157
279,157
310,157
82,158
249,158
280,158
310,158
83,159
248,159
281,159
310,159
83,160
247,160
282,160
309,160
83,161
247,161
283,161
308,161
84,162
247,162
284,162
307,162
84,163
246,163
285,163
307,163
84,164
245,164
286,164
287,164
307,164
85,165
245,165
288,165
289,165
290,165
306,165
86,166
245,166
291,166
292,166
305,166
85,167
245,167
293,167
294,167
303,167
304,167
85,168
244,168
295,168
296,168
297,168
298,168
299,168
300,168
301,168
302,168
86,169
244,169
86,170
244,170
86,171
243,171
86,172
242,172
87,173
242,173
87,174
242,174
87,175
242,175
87,176
242,176
87,177
242,177
87,178
241,178
87,179
240,179
87,180
240,180
86,181
240,181
85,182
240,182
85,183
240,183
85,184
240,184
85,185
240,185
85,186
240,186
84,187
240,187
84,188
240,188
83,189
240,189
83,190
240,190
83,191
240,191
82,192
240,192
82,193
240,193
81,194
241,194
80,195
241,195
80,196
241,196
79,197
241,197
78,198
242,198
78,199
242,199
10,200
11,200
12,200
13,200
14,200
15,200
16,200
17,200
18,200
19,200
20,200
21,200
22,200
23,200
77,200
242,200
9,201
24,201
77,201
241,201
8,202
25,202
26,202
27,202
76,202
241,202
8,203
28,203
29,203
76,203
242,203
7,204
30,204
31,204
75,204
242,204
7,205
32,205
74,205
242,205
6,206
33,206
34,206
73,206
243,206
5,207
35,207
73,207
243,207
5,208
36,208
72,208
244,208
292,208
300,208
5,209
37,209
38,209
70,209
71,209
244,209
290,209
291,209
293,209
294,209
295,209
296,209
297,209
298,209
299,209
301,209
5,210
39,210
69,210
245,210
288,210
289,210
302,210
303,210
4,211
40,211
41,211
68,211
246,211
287,211
304,211
4,212
42,212
43,212
65,212
66,212
67,212
246,212
285,212
286,212
305,212
4,213
44,213
45,213
63,213
64,213
247,213
283,213
284,213
306,213
4,214
46,214
47,214
48,214
61,214
62,214
248,214
282,214
306,214
4,215
49,215
50,215
51,215
59,215
60,215
247,215
282,215
306,215
4,216
52,216
53,216
54,216
55,216
56,216
57,216
58,216
248,216
277,216
278,216
279,216
280,216
281,216
307,216
4,217
249,217
276,217
306,217
4,218
249,218
275,218
307,218
4,219
249,219
273,219
274,219
307,219
3,220
250,220
271,220
272,220
307,220
3,221
251,221
252,221
270,221
308,221
3,222
253,222
269,222
308,222
3,223
254,223
255,223
256,223
263,223
267,223
268,223
308,223
3,224
257,224
258,224
259,224
260,224
261,224
262,224
264,224
265,224
266,224
308,224
3,225
308,225
3,226
308,226
3,227
308,227
3,228
308,228
3,229
309,229
3,230
309,230
3,231
308,231
3,232
308,232
3,233
308,233
2,234
308,234
2,235
308,235
2,236
308,236
2,237
308,237
3,238
309,238
3,239
309,239
3,240
309,240
3,241
309,241
3,242
309,242
3,243
308,243
2,244
308,244
2,245
307,245
3,246
308,246
3,247
308,247
3,248
308,248
2,249
308,249
2,250
308,250
2,251
308,251
2,252
308,252
2,253
308,253
2,254
308,254
2,255
308,255
2,256
308,256
2,257
308,257
2,258
308,258
2,259
307,259
2,260
307,260
2,261
307,261
2,262
307,262
1,263
307,263
2,264
307,264
2,265
307,265
2,266
307,266
2,267
307,267
2,268
308,268
2,269
308,269
1,270
308,270
1,271
308,271
1,272
308,272
1,273
307,273
2,274
307,274
2,275
307,275
2,276
307,276
1,277
307,277
1,278
307,278
1,279
307,279
1,280
307,280
1,281
307,281
1,282
307,282
1,283
307,283
1,284
307,284
1,285
308,285
2,286
308,286
2,287
307,287
2,288
306,288
1,289
306,289
2,290
306,290
1,291
306,291
1,292
306,292
1,293
307,293
1,294
307,294
1,295
307,295
1,296
307,296
1,297
307,297
1,298
307,298
1,299
307,299
1,300
307,300
1,301
307,301
1,302
306,302
1,303
306,303
1,304
306,304
0,305
306,305
1,306
306,306
1,307
306,307
1,308
306,308
0,309
306,309
0,310
306,310
0,311
306,311
1,312
307,312
1,313
307,313
1,314
307,314
1,315
307,315
1,316
306,316
1,317
305,317
1,318
305,318
0,319
305,319
0,320
305,320
0,321
305,321
0,322
305,322
0,323
306,323
0,324
306,324
0,325
305,325
0,326
305,326
0,327
305,327
0,328
306,328
0,329
306,329
0,330
305,330
0,331
305,331
1,332
2,332
3,332
4,332
5,332
6,332
12,332
13,332
305,332
7,333
8,333
9,333
10,333
11,333
14,333
15,333
16,333
17,333
18,333
19,333
25,333
26,333
27,333
28,333
29,333
30,333
31,333
32,333
33,333
305,333
20,334
21,334
22,334
23,334
24,334
34,334
35,334
36,334
37,334
38,334
39,334
40,334
41,334
42,334
43,334
44,334
45,334
46,334
47,334
48,334
305,334
49,335
50,335
51,335
52,335
53,335
54,335
55,335
56,335
57,335
58,335
59,335
60,335
61,335
62,335
305,335
63,336
64,336
65,336
66,336
67,336
68,336
69,336
70,336
71,336
72,336
73,336
74,336
75,336
76,336
82,336
83,336
84,336
85,336
86,336
87,336
88,336
89,336
90,336
305,336
77,337
78,337
79,337
80,337
81,337
91,337
92,337
93,337
94,337
95,337
96,337
97,337
98,337
99,337
100,337
101,337
102,337
103,337
104,337
305,337
105,338
106,338
107,338
108,338
109,338
110,338
111,338
112,338
113,338
114,338
115,338
116,338
117,338
118,338
125,338
126,338
127,338
132,338
305,338
119,339
120,339
121,339
122,339
123,339
124,339
128,339
129,339
130,339
131,339
133,339
134,339
135,339
136,339
137,339
138,339
139,339
140,339
141,339
142,339
143,339
144,339
145,339
146,339
305,339
147,340
148,340
149,340
150,340
151,340
152,340
153,340
154,340
155,340
156,340
157,340
158,340
159,340
160,340
163,340
164,340
165,340
166,340
167,340
168,340
169,340
170,340
171,340
172,340
173,340
174,340
175,340
183,340
305,340
161,341
162,341
176,341
177,341
178,341
179,341
180,341
181,341
182,341
184,341
185,341
186,341
187,341
188,341
189,341
194,341
195,341
196,341
198,341
199,341
200,341
201,341
202,341
203,341
305,341
190,342
191,342
192,342
193,342
197,342
204,342
205,342
206,342
207,342
208,342
210,342
211,342
212,342
213,342
214,342
215,342
216,342
217,342
223,342
224,342
225,342
226,342
227,342
230,342
231,342
305,342
209,343
218,343
219,343
220,343
221,343
222,343
228,343
229,343
232,343
233,343
234,343
235,343
236,343
237,343
238,343
239,343
240,343
241,343
242,343
243,343
244,343
245,343
252,343
253,343
254,343
255,343
256,343
257,343
258,343
259,343
305,343
246,344
247,344
248,344
249,344
250,344
251,344
260,344
261,344
262,344
263,344
264,344
265,344
266,344
267,344
268,344
269,344
270,344
271,344
272,344
273,344
278,344
279,344
280,344
281,344
282,344
283,344
284,344
285,344
286,344
287,344
295,344
296,344
299,344
300,344
301,344
304,344
274,345
275,345
276,345
277,345
288,345
289,345
290,345
291,345
292,345
293,345
294,345
297,345
298,345
302,345
303,345