205,0
206,0
207,0
208,0
209,0
210,0
211,0
212,0
200,1
201,1
202,1
203,1
204,1
213,1
214,1
215,1
216,1
217,1
218,1
219,1
198,2
199,2
220,2
221,2
222,2
194,3
195,3
196,3
197,3
223,3
224,3
225,3
192,4
193,4
226,4
227,4
190,5
191,5
228,5
229,5
230,5
231,5
188,6
189,6
232,6
233,6
234,6
185,7
186,7
187,7
235,7
182,8
183,8
184,8
236,8
181,9
237,9
238,9
179,10
180,10
239,10
240,10
178,11
241,11
177,12
242,12
176,13
243,13
175,14
244,14
174,15
245,15
246,15
173,16
247,16
173,17
247,17
172,18
247,18
172,19
248,19
171,20
249,20
170,21
249,21
169,22
249,22
169,23
249,23
169,24
248,24
169,25
248,25
169,26
248,26
169,27
248,27
170,28
248,28
170,29
247,29
170,30
246,30
170,31
246,31
170,32
246,32
171,33
246,33
170,34
246,34
171,35
245,35
172,36
244,36
172,37
243,37
173,38
242,38
173,39
242,39
174,40
242,40
174,41
241,41
175,42
241,42
176,43
240,43
176,44
240,44
177,45
239,45
178,46
239,46
177,47
238,47
178,48
237,48
178,49
236,49
179,50
236,50
180,51
235,51
181,52
235,52
181,53
234,53
181,54
234,54
182,55
234,55
182,56
233,56
183,57
233,57
183,58
233,58
184,59
233,59
183,60
232,60
183,61
232,61
183,62
231,62
184,63
231,63
184,64
232,64
184,65
232,65
183,66
232,66
181,67
183,67
233,67
85,68
86,68
87,68
88,68
89,68
90,68
180,68
182,68
234,68
82,69
83,69
84,69
91,69
92,69
93,69
94,69
179,69
235,69
81,70
95,70
96,70
97,70
98,70
99,70
100,70
101,70
102,70
103,70
178,70
236,70
81,71
104,71
105,71
106,71
107,71
108,71
109,71
110,71
111,71
112,71
113,71
114,71
115,71
116,71
177,71
237,71
238,71
81,72
117,72
118,72
119,72
122,72
176,72
239,72
240,72
81,73
120,73
121,73
123,73
124,73
125,73
126,73
127,73
128,73
129,73
175,73
241,73
242,73
243,73
244,73
81,74
130,74
131,74
132,74
133,74
134,74
135,74
136,74
137,74
138,74
139,74
140,74
141,74
174,74
245,74
82,75
142,75
143,75
144,75
145,75
146,75
147,75
148,75
149,75
150,75
151,75
152,75
153,75
154,75
161,75
162,75
163,75
164,75
165,75
166,75
167,75
172,75
173,75
246,75
247,75
248,75
249,75
250,75
251,75
252,75
253,75
254,75
255,75
256,75
257,75
258,75
260,75
261,75
262,75
263,75
264,75
265,75
266,75
267,75
268,75
269,75
270,75
271,75
276,75
277,75
278,75
279,75
280,75
281,75
282,75
283,75
284,75
292,75
293,75
294,75
295,75
296,75
300,75
301,75
302,75
303,75
304,75
305,75
306,75
307,75
308,75
309,75
312,75
313,75
314,75
315,75
316,75
317,75
318,75
319,75
320,75
321,75
322,75
323,75
324,75
325,75
326,75
327,75
328,75
329,75
330,75
331,75
332,75
333,75
334,75
335,75
337,75
338,75
339,75
340,75
341,75
342,75
343,75
344,75
82,76
155,76
159,76
160,76
168,76
169,76
170,76
171,76
259,76
272,76
273,76
274,76
275,76
285,76
286,76
287,76
288,76
289,76
290,76
291,76
297,76
298,76
299,76
310,76
311,76
336,76
345,76
82,77
156,77
157,77
158,77
345,77
82,78
344,78
82,79
343,79
82,80
343,80
82,81
343,81
81,82
343,82
81,83
343,83
81,84
343,84
81,85
343,85
81,86
343,86
81,87
343,87
81,88
343,88
81,89
343,89
81,90
343,90
81,91
343,91
81,92
342,92
81,93
342,93
81,94
342,94
80,95
342,95
81,96
342,96
81,97
342,97
81,98
342,98
81,99
342,99
81,100
342,100
81,101
342,101
81,102
342,102
81,103
342,103
81,104
342,104
82,105
341,105
82,106
341,106
82,107
341,107
81,108
341,108
80,109
341,109
80,110
341,110
80,111
340,111
81,112
340,112
81,113
340,113
81,114
340,114
81,115
340,115
81,116
340,116
81,117
340,117
81,118
340,118
81,119
340,119
81,120
340,120
80,121
339,121
80,122
339,122
80,123
339,123
80,124
339,124
81,125
339,125
81,126
339,126
81,127
339,127
81,128
339,128
23,129
25,129
26,129
27,129
28,129
29,129
30,129
31,129
32,129
81,129
339,129
21,130
22,130
24,130
33,130
34,130
80,130
339,130
19,131
20,131
35,131
80,131
338,131
18,132
36,132
80,132
338,132
17,133
37,133
80,133
338,133
16,134
38,134
79,134
338,134
15,135
39,135
40,135
79,135
338,135
14,136
41,136
79,136
338,136
14,137
42,137
43,137
79,137
338,137
13,138
44,138
45,138
46,138
79,138
338,138
12,139
47,139
78,139
338,139
12,140
48,140
78,140
338,140
11,141
49,141
78,141
338,141
10,142
50,142
78,142
338,142
10,143
51,143
52,143
78,143
337,143
9,144
53,144
54,144
77,144
278,144
279,144
280,144
281,144
287,144
288,144
289,144
336,144
8,145
55,145
76,145
277,145
282,145
283,145
284,145
285,145
286,145
290,145
291,145
292,145
293,145
294,145
336,145
8,146
56,146
74,146
75,146
274,146
275,146
276,146
295,146
335,146
7,147
57,147
58,147
59,147
73,147
273,147
296,147
297,147
298,147
335,147
7,148
60,148
61,148
72,148
271,148
272,148
299,148
300,148
301,148
335,148
6,149
62,149
69,149
70,149
71,149
268,149
270,149
302,149
303,149
335,149
6,150
63,150
64,150
65,150
66,150
67,150
68,150
267,150
269,150
304,150
305,150
306,150
334,150
6,151
266,151
307,151
334,151
6,152
265,152
308,152
333,152
5,153
264,153
309,153
310,153
311,153
312,153
332,153
5,154
263,154
313,154
314,154
315,154
316,154
330,154
331,154
5,155
262,155
317,155
318,155
319,155
328,155
329,155
5,156
261,156
320,156
321,156
323,156
324,156
325,156
326,156
327,156
4,157
260,157
322,157
4,158
260,158
4,159
259,159
3,160
258,160
3,161
258,161
3,162
257,162
2,163
257,163
2,164
256,164
2,165
256,165
2,166
255,166
2,167
254,167
2,168
253,168
1,169
253,169
1,170
253,170
1,171
252,171
1,172
252,172
1,173
252,173
1,174
252,174
1,175
251,175
1,176
251,176
1,177
251,177
1,178
251,178
1,179
250,179
1,180
250,180
1,181
250,181
0,182
250,182
0,183
251,183
1,184
251,184
1,185
251,185
1,186
251,186
1,187
252,187
1,188
252,188
1,189
252,189
1,190
253,190
2,191
253,191
2,192
253,192
2,193
253,193
2,194
253,194
1,195
253,195
1,196
254,196
1,197
255,197
2,198
255,198
2,199
256,199
3,200
257,200
3,201
257,201
3,202
258,202
3,203
259,203
4,204
259,204
5,205
259,205
5,206
260,206
6,207
261,207
315,207
316,207
317,207
5,208
262,208
263,208
311,208
312,208
313,208
314,208
318,208
319,208
320,208
321,208
322,208
323,208
324,208
325,208
5,209
57,209
58,209
59,209
60,209
61,209
62,209
63,209
64,209
65,209
66,209
264,209
309,209
310,209
326,209
327,209
328,209
6,210
55,210
56,210
67,210
265,210
307,210
308,210
329,210
6,211
52,211
53,211
54,211
68,211
266,211
304,211
305,211
306,211
330,211
7,212
50,212
51,212
69,212
267,212
302,212
303,212
330,212
8,213
49,213
70,213
71,213
268,213
269,213
300,213
301,213
330,213
8,214
45,214
46,214
47,214
48,214
72,214
270,214
271,214
272,214
298,214
299,214
331,214
9,215
43,215
44,215
72,215
273,215
274,215
275,215
297,215
332,215
10,216
42,216
73,216
276,216
277,216
278,216
291,216
294,216
295,216
296,216
332,216
11,217
40,217
41,217
73,217
279,217
280,217
281,217
282,217
283,217
284,217
285,217
286,217
287,217
288,217
289,217
290,217
292,217
293,217
332,217
12,218
39,218
74,218
332,218
13,219
38,219
74,219
332,219
14,220
36,220
37,220
74,220
332,220
15,221
32,221
34,221
35,221
75,221
332,221
16,222
30,222
31,222
33,222
75,222
332,222
17,223
18,223
19,223
28,223
29,223
75,223
332,223
20,224
25,224
26,224
27,224
75,224
332,224
21,225
22,225
23,225
24,225
75,225
332,225
75,226
332,226
75,227
333,227
76,228
333,228
76,229
333,229
76,230
333,230
76,231
333,231
76,232
333,232
76,233
333,233
76,234
332,234
77,235
332,235
77,236
332,236
76,237
332,237
76,238
332,238
77,239
332,239
77,240
332,240
77,241
332,241
77,242
332,242
77,243
332,243
77,244
332,244
77,245
332,245
77,246
332,246
77,247
331,247
78,248
331,248
78,249
331,249
77,250
331,250
77,251
331,251
77,252
331,252
77,253
332,253
77,254
332,254
77,255
332,255
78,256
331,256
78,257
331,257
78,258
331,258
78,259
331,259
78,260
330,260
78,261
330,261
79,262
330,262
78,263
330,263
78,264
330,264
78,265
330,265
78,266
330,266
78,267
330,267
78,268
330,268
79,269
330,269
79,270
330,270
79,271
331,271
79,272
331,272
79,273
330,273
79,274
330,274
79,275
330,275
78,276
329,276
79,277
329,277
79,278
329,278
79,279
330,279
79,280
330,280
79,281
329,281
79,282
329,282
79,283
329,283
79,284
329,284
80,285
329,285
80,286
329,286
80,287
329,287
80,288
329,288
79,289
329,289
80,290
329,290
79,291
329,291
79,292
329,292
79,293
329,293
79,294
329,294
79,295
329,295
79,296
329,296
80,297
329,297
81,298
328,298
82,299
83,299
84,299
328,299
85,300
86,300
87,300
88,300
89,300
90,300
91,300
92,300
93,300
94,300
328,300
95,301
96,301
97,301
98,301
99,301
100,301
101,301
102,301
103,301
104,301
105,301
106,301
107,301
120,301
327,301
108,302
109,302
110,302
111,302
112,302
113,302
114,302
115,302
116,302
117,302
118,302
119,302
121,302
122,302
123,302
124,302
125,302
327,302
126,303
127,303
128,303
129,303
130,303
131,303
132,303
133,303
139,303
140,303
141,303
327,303
134,304
135,304
136,304
137,304
138,304
142,304
143,304
144,304
145,304
146,304
147,304
148,304
149,304
150,304
151,304
152,304
153,304
154,304
155,304
156,304
157,304
158,304
273,304
274,304
275,304
327,304
159,305
160,305
161,305
162,305
163,305
164,305
165,305
259,305
260,305
261,305
262,305
264,305
265,305
266,305
267,305
268,305
269,305
270,305
271,305
272,305
276,305
277,305
278,305
279,305
282,305
283,305
284,305
285,305
286,305
287,305
288,305
327,305
166,306
167,306
168,306
169,306
170,306
171,306
258,306
263,306
280,306
281,306
289,306
290,306
291,306
292,306
293,306
294,306
295,306
296,306
297,306
298,306
299,306
300,306
305,306
306,306
307,306
308,306
309,306
310,306
311,306
312,306
313,306
326,306
172,307
255,307
256,307
257,307
301,307
302,307
303,307
304,307
314,307
315,307
316,307
317,307
318,307
319,307
320,307
321,307
322,307
323,307
324,307
325,307
173,308
253,308
254,308
174,309
175,309
251,309
252,309
176,310
177,310
178,310
250,310
179,311
249,311
180,312
248,312
181,313
247,313
182,314
247,314
183,315
246,315
183,316
246,316
184,317
246,317
184,318
246,318
183,319
246,319
183,320
246,320
183,321
245,321
183,322
245,322
183,323
245,323
183,324
246,324
182,325
246,325
182,326
246,326
182,327
247,327
181,328
247,328
181,329
248,329
181,330
248,330
180,331
248,331
179,332
249,332
179,333
249,333
178,334
249,334
177,335
249,335
176,336
250,336
176,337
251,337
175,338
252,338
175,339
253,339
174,340
253,340
173,341
254,341
172,342
255,342
172,343
256,343
169,344
170,344
171,344
257,344
168,345
257,345
168,346
258,346
167,347
257,347
167,348
258,348
166,349
259,349
165,350
260,350
165,351
260,351
165,352
260,352
164,353
261,353
164,354
261,354
164,355
261,355
164,356
262,356
164,357
262,357
164,358
262,358
164,359
262,359
165,360
261,360
165,361
261,361
166,362
260,362
167,363
260,363
167,364
259,364
168,365
258,365
169,366
258,366
170,367
257,367
170,368
256,368
171,369
255,369
172,370
255,370
173,371
253,371
254,371
174,372
251,372
252,372
175,373
176,373
250,373
177,374
178,374
249,374
179,375
180,375
246,375
248,375
181,376
243,376
244,376
245,376
247,376
182,377
183,377
184,377
241,377
242,377
185,378
186,378
187,378
188,378
189,378
190,378
238,378
239,378
240,378
191,379
192,379
193,379
194,379
232,379
233,379
235,379
236,379
237,379
195,380
196,380
197,380
198,380
199,380
200,380
201,380
202,380
203,380
204,380
205,380
206,380
207,380
220,380
227,380
228,380
229,380
230,380
231,380
234,380
208,381
209,381
210,381
211,381
212,381
213,381
214,381
215,381
216,381
217,381
218,381
219,381
221,381
222,381
223,381
224,381
225,381
226,381