79,0
78,1
78,2
78,3
78,4
77,5
76,6
76,7
76,8
76,9
76,10
76,11
76,12
76,13
76,14
76,15
76,16
76,17
76,18
76,19
76,20
76,21
76,22
76,23
76,24
76,25
76,26
76,27
76,28
76,29
76,30
75,31
75,32
75,33
75,34
75,35
75,36
75,37
75,38
75,39
76,40
76,41
76,42
76,43
76,44
76,45
76,46
75,47
75,48
75,49
75,50
75,51
75,52
75,53
75,54
75,55
75,56
74,57
74,58
74,59
75,60
75,61
75,62
74,63
74,64
74,65
74,66
75,67
75,68
75,69
75,70
75,71
75,72
75,73
75,74
75,75
75,76
75,77
75,78
75,79
75,80
75,81
75,82
75,83
74,84
74,85
23,86
24,86
25,86
26,86
74,86
20,87
21,87
22,87
27,87
28,87
29,87
73,87
18,88
19,88
30,88
73,88
15,89
17,89
31,89
32,89
73,89
14,90
16,90
33,90
34,90
73,90
13,91
35,91
73,91
12,92
36,92
73,92
11,93
37,93
38,93
72,93
10,94
39,94
72,94
10,95
40,95
71,95
9,96
41,96
71,96
8,97
42,97
70,97
7,98
43,98
44,98
70,98
7,99
45,99
70,99
6,100
46,100
69,100
6,101
47,101
48,101
49,101
67,101
68,101
5,102
50,102
51,102
52,102
66,102
5,103
53,103
54,103
55,103
64,103
65,103
4,104
56,104
57,104
58,104
59,104
60,104
61,104
62,104
63,104
4,105
4,106
4,107
3,108
2,109
2,110
2,111
2,112
2,113
1,114
1,115
1,116
1,117
1,118
1,119
1,120
1,121
1,122
1,123
1,124
1,125
1,126
1,127
1,128
1,129
1,130
1,131
1,132
1,133
0,134
0,135
0,136
0,137
0,138
0,139
0,140
0,141
0,142
1,143
1,144
1,145
1,146
1,147
1,148
1,149
2,150
2,151
2,152
2,153
2,154
3,155
3,156
3,157
4,158
4,159
3,160
4,161
4,162
4,163
5,164
5,165
6,166
59,166
60,166
61,166
62,166
63,166
64,166
65,166
66,166
6,167
56,167
57,167
58,167
67,167
6,168
54,168
55,168
68,168
69,168
7,169
52,169
53,169
70,169
7,170
50,170
51,170
71,170
8,171
48,171
49,171
72,171
73,171
9,172
47,172
74,172
10,173
46,173
74,173
11,174
45,174
75,174
12,175
43,175
44,175
75,175
12,176
42,176
76,176
13,177
41,177
76,177
14,178
38,178
39,178
40,178
77,178
15,179
36,179
37,179
78,179
16,180
35,180
78,180
17,181
18,181
34,181
78,181
19,182
20,182
32,182
33,182
78,182
21,183
22,183
29,183
30,183
31,183
78,183
23,184
24,184
25,184
26,184
27,184
28,184
79,184
79,185
79,186
79,187
78,188
78,189
78,190
78,191
78,192
79,193
79,194
79,195
79,196
79,197
79,198
79,199
78,200
78,201
79,202
79,203
79,204
79,205
79,206
79,207
79,208
79,209
79,210
79,211
79,212
79,213
78,214
78,215
78,216
78,217
78,218
78,219
78,220
78,221
78,222
78,223
78,224
79,225
79,226
79,227
79,228
79,229
79,230
79,231
79,232
79,233
79,234
79,235
79,236
79,237
79,238
79,239
78,240
78,241
78,242
78,243
78,244
78,245
79,246