231,0
232,0
233,0
239,0
240,0
241,0
247,0
248,0
249,0
256,0
257,0
305,0
306,0
229,1
230,1
234,1
235,1
236,1
237,1
238,1
242,1
243,1
244,1
245,1
246,1
250,1
251,1
252,1
253,1
254,1
255,1
258,1
259,1
260,1
261,1
262,1
263,1
264,1
265,1
268,1
269,1
270,1
271,1
272,1
273,1
278,1
279,1
280,1
281,1
282,1
284,1
285,1
286,1
287,1
288,1
289,1
290,1
296,1
297,1
298,1
301,1
302,1
303,1
304,1
307,1
308,1
309,1
310,1
311,1
312,1
313,1
314,1
315,1
316,1
317,1
318,1
127,2
132,2
133,2
134,2
135,2
136,2
137,2
138,2
139,2
140,2
141,2
142,2
143,2
224,2
226,2
227,2
228,2
266,2
267,2
274,2
275,2
276,2
277,2
283,2
291,2
292,2
293,2
294,2
295,2
299,2
300,2
319,2
101,3
102,3
109,3
110,3
115,3
116,3
117,3
118,3
119,3
120,3
121,3
122,3
123,3
124,3
125,3
126,3
128,3
129,3
130,3
131,3
144,3
145,3
146,3
147,3
148,3
149,3
150,3
151,3
222,3
223,3
225,3
320,3
76,4
77,4
80,4
81,4
82,4
83,4
84,4
85,4
86,4
88,4
89,4
90,4
91,4
92,4
93,4
94,4
95,4
96,4
97,4
98,4
99,4
100,4
103,4
104,4
105,4
106,4
107,4
108,4
111,4
112,4
113,4
114,4
152,4
221,4
320,4
37,5
44,5
45,5
52,5
53,5
60,5
61,5
67,5
68,5
69,5
70,5
71,5
72,5
73,5
74,5
75,5
78,5
79,5
87,5
153,5
154,5
155,5
156,5
220,5
319,5
20,6
26,6
27,6
28,6
33,6
34,6
35,6
36,6
38,6
39,6
40,6
41,6
42,6
43,6
46,6
47,6
48,6
49,6
50,6
51,6
54,6
55,6
56,6
57,6
58,6
59,6
62,6
63,6
64,6
65,6
66,6
157,6
158,6
219,6
318,6
9,7
10,7
11,7
12,7
13,7
14,7
15,7
16,7
17,7
18,7
19,7
21,7
22,7
23,7
24,7
25,7
29,7
30,7
31,7
32,7
159,7
218,7
318,7
8,8
160,8
217,8
318,8
7,9
161,9
162,9
216,9
318,9
6,10
163,10
216,10
318,10
5,11
164,11
215,11
318,11
6,12
163,12
216,12
318,12
7,13
163,13
216,13
318,13
7,14
163,14
216,14
317,14
7,15
163,15
215,15
317,15
6,16
163,16
215,16
317,16
6,17
163,17
216,17
317,17
6,18
163,18
216,18
317,18
5,19
164,19
216,19
317,19
5,20
163,20
217,20
317,20
6,21
163,21
217,21
318,21
5,22
162,22
217,22
317,22
5,23
162,23
218,23
317,23
5,24
162,24
218,24
317,24
6,25
162,25
218,25
317,25
6,26
162,26
219,26
317,26
5,27
162,27
219,27
317,27
5,28
161,28
220,28
317,28
5,29
160,29
221,29
317,29
5,30
160,30
222,30
316,30
5,31
159,31
223,31
316,31
5,32
159,32
223,32
316,32
5,33
158,33
224,33
316,33
5,34
158,34
224,34
316,34
4,35
157,35
225,35
316,35
5,36
156,36
226,36
316,36
5,37
155,37
227,37
316,37
5,38
154,38
228,38
315,38
5,39
154,39
229,39
315,39
5,40
154,40
230,40
315,40
4,41
153,41
230,41
315,41
4,42
153,42
231,42
315,42
3,43
151,43
152,43
231,43
315,43
4,44
150,44
232,44
315,44
4,45
150,45
233,45
315,45
3,46
149,46
234,46
314,46
3,47
149,47
234,47
315,47
4,48
149,48
234,48
314,48
4,49
149,49
233,49
314,49
4,50
148,50
232,50
315,50
3,51
148,51
233,51
315,51
2,52
147,52
234,52
315,52
2,53
147,53
235,53
315,53
3,54
148,54
235,54
314,54
3,55
148,55
236,55
314,55
3,56
148,56
237,56
314,56
3,57
148,57
237,57
314,57
3,58
148,58
236,58
314,58
2,59
148,59
235,59
314,59
1,60
147,60
235,60
314,60
1,61
148,61
234,61
314,61
1,62
149,62
234,62
313,62
1,63
150,63
151,63
233,63
313,63
2,64
152,64
232,64
313,64
2,65
153,65
229,65
230,65
231,65
313,65
2,66
154,66
228,66
313,66
2,67
155,67
227,67
313,67
1,68
156,68
157,68
218,68
219,68
225,68
226,68
313,68
1,69
158,69
215,69
216,69
217,69
220,69
224,69
313,69
1,70
159,70
160,70
161,70
162,70
214,70
221,70
222,70
223,70
312,70
1,71
163,71
213,71
312,71
1,72
164,72
165,72
166,72
167,72
168,72
169,72
170,72
171,72
210,72
211,72
212,72
312,72
1,73
172,73
173,73
174,73
175,73
176,73
177,73
178,73
179,73
204,73
208,73
209,73
312,73
0,74
180,74
181,74
182,74
183,74
184,74
185,74
186,74
187,74
196,74
199,74
200,74
201,74
202,74
203,74
205,74
206,74
207,74
312,74
0,75
188,75
189,75
190,75
191,75
192,75
193,75
194,75
195,75
197,75
198,75
312,75
0,76
312,76
0,77
313,77
0,78
313,78
0,79
312,79
0,80
311,80
0,81
312,81
1,82
311,82
1,83
312,83
0,84
312,84
1,85
312,85
1,86
312,86
1,87
311,87
1,88
311,88
1,89
311,89
1,90
311,90
1,91
54,91
55,91
56,91
312,91
1,92
51,92
52,92
53,92
57,92
58,92
59,92
60,92
61,92
62,92
63,92
64,92
312,92
1,93
46,93
47,93
48,93
49,93
50,93
65,93
312,93
2,94
43,94
44,94
45,94
66,94
312,94
2,95
39,95
42,95
67,95
311,95
3,96
38,96
40,96
41,96
68,96
69,96
312,96
365,96
3,97
37,97
70,97
312,97
360,97
361,97
362,97
363,97
364,97
366,97
367,97
368,97
369,97
4,98
35,98
36,98
71,98
312,98
355,98
356,98
357,98
358,98
359,98
370,98
371,98
372,98
5,99
33,99
34,99
71,99
312,99
353,99
354,99
373,99
5,100
29,100
30,100
31,100
32,100
72,100
313,100
349,100
351,100
352,100
373,100
6,101
27,101
28,101
73,101
313,101
348,101
350,101
374,101
375,101
376,101
7,102
22,102
25,102
26,102
74,102
313,102
347,102
377,102
8,103
20,103
21,103
23,103
24,103
75,103
313,103
345,103
346,103
378,103
379,103
9,104
10,104
11,104
12,104
13,104
14,104
16,104
17,104
18,104
19,104
76,104
314,104
340,104
341,104
343,104
344,104
380,104
15,105
76,105
315,105
337,105
338,105
339,105
342,105
381,105
77,106
316,106
336,106
381,106
77,107
316,107
332,107
334,107
335,107
381,107
78,108
317,108
318,108
330,108
331,108
333,108
381,108
79,109
319,109
321,109
324,109
328,109
329,109
382,109
80,110
320,110
322,110
323,110
325,110
326,110
327,110
383,110
80,111
384,111
80,112
385,112
80,113
386,113
80,114
386,114
81,115
387,115
81,116
387,116
82,117
387,117
83,118
388,118
83,119
388,119
84,120
388,120
83,121
389,121
84,122
390,122
84,123
390,123
84,124
390,124
84,125
390,125
85,126
391,126
85,127
391,127
86,128
391,128
86,129
392,129
85,130
393,130
84,131
393,131
84,132
392,132
84,133
392,133
84,134
392,134
84,135
392,135
84,136
392,136
84,137
392,137
83,138
392,138
83,139
392,139
83,140
392,140
82,141
391,141
82,142
391,142
82,143
391,143
81,144
391,144
82,145
391,145
81,146
390,146
80,147
390,147
79,148
390,148
79,149
389,149
79,150
389,150
78,151
388,151
78,152
388,152
78,153
388,153
76,154
77,154
387,154
75,155
387,155
17,156
18,156
19,156
74,156
386,156
11,157
14,157
15,157
16,157
20,157
21,157
22,157
23,157
24,157
25,157
26,157
27,157
73,157
385,157
8,158
9,158
10,158
12,158
13,158
28,158
29,158
30,158
73,158
385,158
7,159
31,159
32,159
73,159
384,159
6,160
33,160
34,160
35,160
72,160
383,160
6,161
36,161
37,161
71,161
383,161
5,162
38,162
39,162
40,162
41,162
42,162
68,162
69,162
70,162
382,162
5,163
43,163
67,163
320,163
321,163
324,163
325,163
326,163
327,163
328,163
329,163
381,163
4,164
44,164
45,164
46,164
66,164
318,164
319,164
322,164
323,164
330,164
331,164
332,164
380,164
4,165
47,165
48,165
49,165
50,165
65,165
317,165
333,165
334,165
335,165
336,165
337,165
380,165
3,166
51,166
55,166
56,166
57,166
58,166
59,166
61,166
62,166
63,166
64,166
317,166
338,166
339,166
379,166
3,167
52,167
53,167
54,167
60,167
317,167
340,167
341,167
342,167
343,167
344,167
379,167
3,168
318,168
345,168
377,168
378,168
3,169
314,169
315,169
316,169
317,169
346,169
347,169
376,169
3,170
313,170
348,170
349,170
350,170
351,170
352,170
353,170
374,170
375,170
3,171
313,171
354,171
372,171
373,171
3,172
313,172
355,172
356,172
357,172
358,172
359,172
360,172
361,172
367,172
368,172
369,172
371,172
3,173
313,173
362,173
363,173
364,173
365,173
366,173
370,173
2,174
313,174
1,175
313,175
2,176
312,176
2,177
312,177
2,178
312,178
2,179
312,179
2,180
312,180
2,181
312,181
1,182
312,182
1,183
312,183
1,184
312,184
2,185
311,185
2,186
311,186
2,187
311,187
2,188
311,188
2,189
311,189
1,190
311,190
1,191
311,191
1,192
311,192
1,193
310,193
1,194
311,194
2,195
311,195
2,196
311,196
3,197
311,197
2,198
311,198
1,199
311,199
1,200
311,200
1,201
311,201
2,202
311,202
2,203
311,203
2,204
311,204
2,205
311,205
1,206
311,206
1,207
311,207
1,208
311,208
1,209
311,209
1,210
311,210
1,211
311,211
1,212
311,212
2,213
311,213
2,214
311,214
2,215
312,215
1,216
312,216
1,217
311,217
1,218
311,218
1,219
311,219
1,220
311,220
2,221
311,221
2,222
311,222
2,223
312,223
2,224
312,224
2,225
311,225
2,226
311,226
2,227
311,227
2,228
312,228
2,229
312,229
2,230
312,230
1,231
312,231
1,232
312,232
1,233
312,233
2,234
311,234
3,235
311,235
3,236
311,236
3,237
312,237
3,238
312,238
2,239
312,239
1,240
312,240
1,241
312,241
2,242
312,242
3,243
311,243
3,244
311,244
3,245
311,245
3,246
311,246
2,247
312,247
2,248
312,248
2,249
312,249
3,250
311,250
3,251
311,251
3,252
312,252
2,253
312,253
3,254
312,254
2,255
312,255
2,256
312,256
2,257
312,257
2,258
311,258
2,259
312,259
2,260
312,260
3,261
312,261
4,262
312,262
5,263
6,263
7,263
8,263
9,263
10,263
11,263
12,263
15,263
16,263
17,263
18,263
19,263
20,263
21,263
312,263
13,264
14,264
22,264
23,264
24,264
25,264
26,264
27,264
28,264
29,264
31,264
32,264
33,264
34,264
35,264
36,264
37,264
43,264
44,264
45,264
312,264
30,265
38,265
39,265
40,265
41,265
42,265
46,265
47,265
48,265
49,265
50,265
51,265
52,265
53,265
55,265
56,265
57,265
58,265
59,265
60,265
61,265
312,265
54,266
62,266
63,266
64,266
65,266
66,266
67,266
68,266
69,266
74,266
75,266
76,266
77,266
78,266
82,266
83,266
84,266
85,266
86,266
311,266
70,267
71,267
72,267
73,267
79,267
80,267
81,267
87,267
88,267
89,267
90,267
91,267
92,267
93,267
94,267
95,267
96,267
97,267
102,267
107,267
108,267
109,267
110,267
311,267
98,268
99,268
100,268
101,268
103,268
104,268
105,268
106,268
111,268
112,268
113,268
114,268
115,268
116,268
118,268
119,268
120,268
121,268
122,268
123,268
124,268
125,268
126,268
311,268
117,269
127,269
212,269
214,269
215,269
216,269
219,269
220,269
221,269
222,269
223,269
224,269
311,269
127,270
211,270
213,270
217,270
218,270
225,270
227,270
228,270
229,270
230,270
231,270
232,270
311,270
128,271
129,271
130,271
131,271
132,271
133,271
134,271
208,271
209,271
210,271
226,271
233,271
234,271
235,271
236,271
237,271
238,271
239,271
240,271
312,271
135,272
206,272
207,272
241,272
242,272
243,272
244,272
245,272
246,272
247,272
248,272
249,272
312,272
136,273
137,273
205,273
250,273
251,273
252,273
253,273
254,273
255,273
256,273
257,273
312,273
138,274
205,274
258,274
259,274
260,274
261,274
262,274
263,274
264,274
265,274
311,274
139,275
204,275
266,275
267,275
268,275
269,275
270,275
271,275
272,275
311,275
139,276
203,276
273,276
276,276
277,276
278,276
279,276
280,276
281,276
283,276
287,276
288,276
289,276
311,276
139,277
203,277
274,277
275,277
282,277
284,277
285,277
286,277
290,277
293,277
294,277
295,277
296,277
297,277
311,277
139,278
203,278
291,278
292,278
298,278
299,278
300,278
301,278
302,278
303,278
304,278
305,278
308,278
309,278
310,278
139,279
203,279
306,279
307,279
138,280
203,280
138,281
203,281
139,282
203,282
140,283
203,283
140,284
202,284
140,285
203,285
140,286
203,286
140,287
203,287
139,288
204,288
140,289
204,289
139,290
205,290
138,291
206,291
137,292
205,292
137,293
206,293
137,294
206,294
138,295
206,295
135,296
136,296
137,296
206,296
134,297
207,297
133,298
208,298
132,299
209,299
131,300
210,300
130,301
210,301
130,302
211,302
130,303
211,303
129,304
212,304
128,305
213,305
127,306
214,306
127,307
214,307
128,308
214,308
127,309
214,309
125,310
126,310
215,310
124,311
215,311
123,312
216,312
122,313
217,313
120,314
121,314
217,314
119,315
218,315
119,316
218,316
120,317
219,317
120,318
218,318
120,319
219,319
119,320
219,320
119,321
219,321
120,322
219,322
120,323
219,323
121,324
219,324
122,325
218,325
123,326
217,326
123,327
217,327
123,328
217,328
124,329
216,329
124,330
216,330
125,331
215,331
126,332
215,332
127,333
128,333
214,333
129,334
130,334
212,334
213,334
131,335
211,335
131,336
210,336
132,337
133,337
209,337
134,338
207,338
208,338
135,339
136,339
137,339
138,339
206,339
139,340
202,340
203,340
204,340
205,340
140,341
141,341
142,341
201,341
143,342
144,342
145,342
146,342
195,342
198,342
199,342
200,342
147,343
148,343
149,343
150,343
193,343
194,343
196,343
197,343
151,344
152,344
153,344
154,344
178,344
179,344
184,344
185,344
186,344
187,344
189,344
190,344
191,344
192,344
155,345
156,345
157,345
158,345
159,345
160,345
161,345
162,345
168,345
169,345
170,345
171,345
172,345
173,345
174,345
175,345
176,345
177,345
180,345
181,345
182,345
183,345
188,345
163,346
164,346
165,346
166,346
167,346