10,0
10,1
9,2
9,3
9,4
9,5
9,6
9,7
9,8
9,9
9,10
9,11
9,12
8,13
8,14
8,15
8,16
8,17
8,18
8,19
8,20
8,21
8,22
8,23
8,24
7,25
7,26
7,27
7,28
7,29
7,30
7,31
7,32
6,33
6,34
6,35
5,36
5,37
5,38
5,39
5,40
5,41
5,42
5,43
5,44
5,45
5,46
4,47
4,48
4,49
5,50
5,51
4,52
4,53
4,54
4,55
4,56
4,57
4,58
3,59
3,60
3,61
3,62
3,63
3,64
3,65
3,66
3,67
3,68
4,69
3,70
3,71
3,72
3,73
3,74
3,75
3,76
3,77
3,78
3,79
3,80
3,81
2,82
2,83
2,84
2,85
2,86
2,87
2,88
2,89
2,90
45,90
46,90
3,91
42,91
43,91
44,91
47,91
48,91
49,91
50,91
51,91
52,91
53,91
54,91
55,91
3,92
40,92
41,92
56,92
57,92
2,93
39,93
58,93
2,94
36,94
37,94
38,94
59,94
60,94
3,95
34,95
35,95
61,95
62,95
3,96
32,96
33,96
63,96
3,97
31,97
64,97
4,98
29,98
30,98
65,98
66,98
5,99
27,99
28,99
67,99
68,99
6,100
26,100
69,100
7,101
23,101
25,101
70,101
8,102
9,102
10,102
11,102
19,102
20,102
21,102
22,102
24,102
71,102
12,103
13,103
14,103
15,103
16,103
17,103
18,103
70,103
71,104
72,105
73,106
73,107
73,108
74,109
75,110
76,111
76,112
77,113
78,114
78,115
78,116
78,117
79,118
78,119
79,120
80,121
80,122
80,123
80,124
81,125
81,126
81,127
81,128
80,129
81,130
81,131
82,132
82,133
82,134
82,135
82,136
82,137
82,138
81,139
81,140
81,141
80,142
80,143
80,144
79,145
78,146
78,147
78,148
9,149
10,149
11,149
12,149
13,149
14,149
15,149
16,149
17,149
78,149
8,150
18,150
19,150
20,150
75,150
76,150
77,150
6,151
7,151
21,151
74,151
5,152
22,152
23,152
75,152
4,153
24,153
25,153
26,153
27,153
28,153
75,153
3,154
29,154
74,154
3,155
30,155
31,155
73,155
3,156
32,156
70,156
71,156
72,156
3,157
33,157
34,157
35,157
69,157
2,158
36,158
69,158
2,159
37,159
38,159
39,159
40,159
41,159
68,159
2,160
42,160
43,160
65,160
66,160
67,160
2,161
44,161
45,161
62,161
63,161
64,161
1,162
46,162
47,162
61,162
1,163
48,163
49,163
50,163
56,163
57,163
58,163
60,163
1,164
51,164
52,164
53,164
54,164
55,164
59,164
1,165
1,166
1,167
1,168
1,169
1,170
1,171
1,172
0,173
0,174
1,175
1,176
1,177
1,178
1,179
2,180
2,181
2,182
2,183
3,184
2,185
2,186
2,187
2,188
2,189
3,190
3,191
3,192
3,193
3,194
4,195
3,196
3,197
3,198
4,199
4,200
4,201
4,202
4,203
5,204
5,205
5,206
5,207
4,208
5,209
5,210
5,211
5,212
5,213
6,214
6,215
6,216
7,217
7,218
7,219
6,220
7,221
7,222
7,223
7,224
7,225
7,226
7,227
8,228
9,229
9,230
8,231
8,232
8,233
9,234
9,235
9,236
9,237
9,238
10,239
10,240
10,241
11,242
10,243
10,244
10,245
10,246
10,247
11,248
10,249
10,250
10,251
10,252
10,253