2,0
1,1
1,2
1,3
1,4
2,5
2,6
2,7
2,8
2,9
2,10
2,11
2,12
2,13
2,14
2,15
2,16
2,17
2,18
2,19
2,20
3,21
2,22
2,23
2,24
2,25
2,26
2,27
2,28
2,29
2,30
2,31
1,32
1,33
1,34
1,35
1,36
2,37
2,38
2,39
1,40
1,41
1,42
1,43
1,44
1,45
1,46
1,47
1,48
1,49
1,50
1,51
1,52
2,53
2,54
1,55
1,56
1,57
1,58
1,59
1,60
49,60
50,60
51,60
52,60
53,60
54,60
55,60
2,61
48,61
56,61
57,61
2,62
47,62
58,62
59,62
60,62
2,63
46,63
61,63
62,63
2,64
43,64
44,64
45,64
63,64
2,65
42,65
64,65
2,66
40,66
41,66
65,66
66,66
2,67
39,67
67,67
3,68
38,68
68,68
4,69
36,69
37,69
69,69
4,70
34,70
35,70
70,70
5,71
32,71
33,71
71,71
5,72
31,72
71,72
5,73
30,73
72,73
6,74
28,74
29,74
72,74
7,75
25,75
26,75
27,75
72,75
8,76
21,76
22,76
23,76
24,76
73,76
9,77
10,77
15,77
16,77
17,77
18,77
19,77
20,77
73,77
11,78
12,78
13,78
14,78
73,78
74,79
74,80
74,81
75,82
76,83
76,84
76,85
77,86
77,87
77,88
77,89
77,90
77,91
78,92
78,93
78,94
78,95
78,96
78,97
79,98
79,99
79,100
79,101
79,102
79,103
79,104
79,105
79,106
79,107
79,108
79,109
79,110
79,111
79,112
79,113
80,114
79,115
79,116
79,117
79,118
79,119
79,120
79,121
79,122
79,123
78,124
78,125
78,126
78,127
77,128
77,129
78,130
78,131
78,132
78,133
77,134
77,135
77,136
77,137
76,138
76,139
76,140
17,141
18,141
19,141
76,141
16,142
20,142
21,142
22,142
75,142
12,143
13,143
14,143
15,143
23,143
24,143
74,143
11,144
25,144
26,144
73,144
10,145
27,145
28,145
73,145
9,146
29,146
30,146
73,146
8,147
31,147
73,147
9,148
32,148
33,148
34,148
72,148
8,149
35,149
36,149
71,149
8,150
37,150
70,150
7,151
38,151
39,151
69,151
7,152
40,152
67,152
68,152
6,153
41,153
66,153
5,154
42,154
65,154
5,155
43,155
64,155
5,156
44,156
64,156
5,157
45,157
62,157
63,157
4,158
46,158
58,158
59,158
60,158
61,158
4,159
47,159
48,159
50,159
51,159
52,159
56,159
57,159
4,160
49,160
53,160
54,160
55,160
4,161
4,162
3,163
4,164
4,165
4,166
4,167
4,168
4,169
4,170
4,171
4,172
4,173
4,174
4,175
3,176
3,177
3,178
3,179
4,180
4,181
4,182
4,183
4,184
4,185
4,186
4,187
4,188
4,189
4,190
3,191
3,192
3,193
3,194
3,195
4,196
3,197
3,198
3,199
3,200
3,201
3,202
3,203
2,204
2,205
3,206
2,207
2,208
2,209
2,210
2,211
3,212
3,213
2,214
2,215
2,216
2,217
2,218
2,219
2,220
2,221
2,222
1,223
1,224
1,225
1,226
1,227
2,228
2,229
2,230
2,231
2,232
1,233
1,234
1,235
1,236
1,237
1,238
1,239
1,240
0,241
0,242
0,243
1,244