186,0
187,0
188,0
189,0
190,0
171,1
172,1
173,1
174,1
175,1
176,1
177,1
178,1
179,1
180,1
181,1
182,1
183,1
184,1
185,1
191,1
192,1
193,1
194,1
195,1
156,2
157,2
158,2
159,2
160,2
162,2
163,2
164,2
165,2
166,2
167,2
168,2
169,2
170,2
196,2
197,2
198,2
199,2
134,3
135,3
136,3
137,3
138,3
139,3
140,3
141,3
142,3
143,3
144,3
145,3
146,3
147,3
148,3
149,3
150,3
151,3
152,3
153,3
154,3
155,3
161,3
200,3
118,4
119,4
120,4
121,4
122,4
123,4
124,4
125,4
126,4
127,4
128,4
129,4
130,4
131,4
132,4
133,4
201,4
202,4
203,4
106,5
107,5
108,5
109,5
110,5
111,5
112,5
113,5
114,5
115,5
116,5
117,5
204,5
269,5
270,5
271,5
273,5
274,5
275,5
276,5
277,5
278,5
279,5
280,5
281,5
282,5
95,6
96,6
97,6
98,6
99,6
100,6
101,6
102,6
103,6
104,6
105,6
204,6
264,6
265,6
266,6
267,6
268,6
272,6
283,6
284,6
285,6
286,6
287,6
83,7
84,7
85,7
86,7
87,7
88,7
89,7
90,7
91,7
92,7
93,7
94,7
205,7
262,7
263,7
288,7
289,7
290,7
291,7
292,7
293,7
294,7
295,7
296,7
297,7
298,7
299,7
301,7
302,7
303,7
304,7
305,7
306,7
307,7
308,7
309,7
320,7
82,8
206,8
261,8
300,8
310,8
311,8
312,8
313,8
314,8
315,8
316,8
317,8
318,8
319,8
321,8
322,8
323,8
324,8
325,8
326,8
327,8
328,8
329,8
330,8
331,8
81,9
206,9
260,9
332,9
333,9
334,9
81,10
205,10
259,10
335,10
336,10
337,10
338,10
339,10
81,11
205,11
258,11
340,11
81,12
205,12
257,12
340,12
81,13
205,13
257,13
340,13
81,14
205,14
257,14
340,14
80,15
205,15
257,15
340,15
80,16
205,16
257,16
339,16
80,17
204,17
257,17
339,17
80,18
203,18
257,18
339,18
81,19
203,19
257,19
339,19
81,20
202,20
257,20
339,20
81,21
202,21
258,21
339,21
81,22
201,22
258,22
339,22
81,23
201,23
258,23
339,23
81,24
200,24
258,24
339,24
81,25
200,25
259,25
339,25
81,26
199,26
259,26
338,26
80,27
198,27
259,27
338,27
80,28
198,28
259,28
338,28
80,29
197,29
259,29
338,29
80,30
196,30
260,30
338,30
80,31
196,31
261,31
338,31
80,32
195,32
261,32
339,32
80,33
195,33
262,33
339,33
81,34
194,34
263,34
339,34
81,35
194,35
263,35
339,35
81,36
194,36
264,36
339,36
81,37
193,37
264,37
339,37
80,38
192,38
265,38
339,38
80,39
192,39
265,39
338,39
81,40
191,40
266,40
338,40
81,41
191,41
266,41
338,41
80,42
190,42
267,42
338,42
80,43
190,43
267,43
338,43
81,44
189,44
267,44
338,44
81,45
189,45
267,45
338,45
80,46
189,46
267,46
338,46
80,47
188,47
267,47
338,47
80,48
188,48
267,48
338,48
80,49
188,49
267,49
338,49
80,50
187,50
267,50
338,50
80,51
187,51
267,51
338,51
80,52
187,52
266,52
338,52
80,53
187,53
266,53
338,53
81,54
187,54
265,54
338,54
80,55
187,55
265,55
338,55
80,56
187,56
265,56
338,56
80,57
187,57
264,57
337,57
80,58
187,58
263,58
337,58
80,59
187,59
263,59
337,59
79,60
188,60
262,60
337,60
79,61
188,61
261,61
337,61
79,62
189,62
260,62
337,62
79,63
189,63
259,63
337,63
79,64
190,64
258,64
337,64
79,65
191,65
257,65
337,65
79,66
192,66
256,66
337,66
79,67
193,67
254,67
255,67
337,67
79,68
194,68
253,68
337,68
78,69
195,69
251,69
252,69
336,69
23,70
24,70
78,70
196,70
197,70
198,70
249,70
250,70
336,70
20,71
21,71
22,71
25,71
26,71
27,71
28,71
78,71
199,71
200,71
246,71
247,71
248,71
336,71
18,72
19,72
29,72
30,72
78,72
201,72
244,72
245,72
336,72
17,73
31,73
32,73
78,73
202,73
203,73
241,73
242,73
243,73
336,73
15,74
16,74
33,74
34,74
35,74
77,74
204,74
205,74
206,74
236,74
237,74
238,74
239,74
240,74
336,74
14,75
36,75
37,75
77,75
207,75
208,75
209,75
235,75
337,75
13,76
38,76
76,76
210,76
211,76
212,76
232,76
233,76
234,76
337,76
12,77
39,77
40,77
41,77
76,77
213,77
214,77
215,77
216,77
217,77
218,77
222,77
223,77
224,77
225,77
226,77
227,77
228,77
229,77
230,77
231,77
337,77
11,78
42,78
76,78
219,78
220,78
221,78
337,78
10,79
43,79
44,79
75,79
336,79
9,80
45,80
46,80
75,80
336,80
8,81
47,81
74,81
337,81
8,82
48,82
49,82
73,82
337,82
7,83
50,83
51,83
72,83
337,83
6,84
52,84
71,84
337,84
5,85
53,85
54,85
70,85
337,85
5,86
55,86
56,86
67,86
68,86
69,86
338,86
386,86
387,86
388,86
389,86
390,86
391,86
392,86
4,87
57,87
58,87
59,87
60,87
66,87
338,87
381,87
382,87
383,87
384,87
385,87
393,87
394,87
395,87
396,87
397,87
4,88
61,88
62,88
63,88
64,88
65,88
338,88
378,88
379,88
380,88
398,88
399,88
4,89
338,89
375,89
376,89
377,89
400,89
3,90
339,90
373,90
374,90
401,90
402,90
3,91
339,91
371,91
372,91
403,91
3,92
339,92
369,92
370,92
404,92
2,93
340,93
367,93
368,93
404,93
2,94
341,94
366,94
405,94
2,95
342,95
364,95
365,95
406,95
2,96
343,96
362,96
363,96
407,96
2,97
344,97
345,97
346,97
357,97
358,97
359,97
360,97
361,97
408,97
2,98
347,98
348,98
349,98
350,98
351,98
352,98
353,98
354,98
355,98
356,98
409,98
1,99
409,99
2,100
410,100
2,101
411,101
2,102
411,102
1,103
412,103
1,104
412,104
1,105
412,105
1,106
413,106
1,107
413,107
1,108
414,108
0,109
414,109
0,110
414,110
0,111
414,111
1,112
415,112
1,113
415,113
1,114
416,114
1,115
416,115
1,116
416,116
1,117
417,117
1,118
417,118
1,119
417,119
1,120
417,120
1,121
417,121
1,122
417,122
1,123
417,123
1,124
417,124
1,125
417,125
1,126
417,126
1,127
418,127
1,128
417,128
1,129
417,129
1,130
417,130
1,131
417,131
1,132
417,132
1,133
416,133
1,134
416,134
1,135
415,135
1,136
415,136
2,137
415,137
2,138
414,138
2,139
414,139
3,140
413,140
3,141
413,141
3,142
412,142
3,143
412,143
4,144
411,144
4,145
410,145
4,146
410,146
4,147
409,147
5,148
408,148
6,149
408,149
6,150
54,150
55,150
56,150
57,150
58,150
59,150
60,150
61,150
62,150
63,150
64,150
65,150
349,150
350,150
351,150
352,150
353,150
354,150
407,150
6,151
51,151
52,151
53,151
66,151
345,151
346,151
347,151
348,151
355,151
356,151
407,151
7,152
49,152
50,152
67,152
68,152
69,152
70,152
343,152
344,152
357,152
358,152
359,152
360,152
361,152
406,152
7,153
47,153
48,153
71,153
72,153
341,153
342,153
362,153
363,153
405,153
8,154
45,154
46,154
73,154
190,154
191,154
192,154
193,154
194,154
195,154
196,154
197,154
198,154
199,154
200,154
201,154
202,154
203,154
204,154
205,154
206,154
207,154
208,154
209,154
210,154
211,154
212,154
213,154
214,154
215,154
340,154
364,154
365,154
367,154
368,154
369,154
404,154
9,155
42,155
43,155
44,155
74,155
188,155
189,155
216,155
217,155
218,155
219,155
220,155
221,155
222,155
223,155
224,155
340,155
366,155
370,155
371,155
403,155
10,156
41,156
74,156
182,156
183,156
184,156
185,156
186,156
187,156
225,156
226,156
227,156
228,156
229,156
230,156
339,156
372,156
373,156
374,156
402,156
10,157
40,157
74,157
180,157
181,157
231,157
232,157
233,157
338,157
375,157
376,157
401,157
11,158
39,158
75,158
178,158
179,158
234,158
235,158
236,158
237,158
238,158
338,158
377,158
378,158
379,158
399,158
400,158
12,159
37,159
38,159
75,159
176,159
177,159
239,159
240,159
241,159
337,159
380,159
381,159
397,159
398,159
13,160
14,160
36,160
76,160
173,160
174,160
175,160
242,160
243,160
337,160
382,160
383,160
396,160
15,161
33,161
34,161
35,161
76,161
172,161
244,161
245,161
337,161
384,161
385,161
386,161
387,161
388,161
389,161
390,161
391,161
392,161
393,161
394,161
395,161
16,162
17,162
31,162
32,162
76,162
172,162
246,162
247,162
337,162
18,163
19,163
30,163
77,163
172,163
248,163
249,163
337,163
20,164
21,164
22,164
28,164
29,164
78,164
172,164
250,164
337,164
23,165
24,165
25,165
26,165
27,165
78,165
172,165
251,165
336,165
78,166
172,166
252,166
336,166
79,167
172,167
253,167
336,167
79,168
169,168
170,168
171,168
253,168
336,168
79,169
168,169
254,169
336,169
79,170
169,170
255,170
336,170
79,171
169,171
256,171
336,171
79,172
169,172
256,172
336,172
79,173
168,173
257,173
336,173
79,174
168,174
257,174
335,174
79,175
168,175
257,175
336,175
79,176
168,176
258,176
336,176
79,177
169,177
258,177
336,177
79,178
169,178
257,178
336,178
79,179
170,179
257,179
336,179
80,180
170,180
257,180
336,180
80,181
171,181
256,181
336,181
80,182
172,182
255,182
336,182
80,183
172,183
255,183
336,183
80,184
173,184
254,184
336,184
80,185
173,185
254,185
336,185
80,186
174,186
253,186
336,186
80,187
174,187
252,187
336,187
80,188
175,188
252,188
336,188
80,189
176,189
251,189
336,189
80,190
176,190
249,190
250,190
336,190
80,191
177,191
248,191
336,191
80,192
177,192
248,192
336,192
80,193
178,193
247,193
336,193
80,194
179,194
246,194
336,194
80,195
180,195
245,195
336,195
80,196
180,196
245,196
336,196
80,197
181,197
244,197
336,197
80,198
181,198
243,198
336,198
80,199
182,199
242,199
336,199
80,200
182,200
242,200
336,200
80,201
183,201
241,201
336,201
81,202
183,202
241,202
336,202
81,203
184,203
240,203
336,203
81,204
184,204
239,204
336,204
81,205
184,205
238,205
336,205
81,206
185,206
238,206
336,206
81,207
185,207
237,207
336,207
81,208
185,208
237,208
337,208
80,209
185,209
237,209
337,209
80,210
185,210
236,210
337,210
80,211
186,211
236,211
337,211
80,212
186,212
235,212
337,212
81,213
186,213
235,213
337,213
81,214
186,214
235,214
337,214
81,215
186,215
234,215
337,215
81,216
186,216
234,216
337,216
81,217
186,217
234,217
337,217
81,218
186,218
235,218
337,218
81,219
186,219
235,219
337,219
81,220
186,220
235,220
337,220
81,221
185,221
236,221
337,221
80,222
184,222
236,222
337,222
80,223
183,223
237,223
238,223
337,223
80,224
182,224
239,224
240,224
337,224
80,225
180,225
181,225
241,225
337,225
80,226
178,226
179,226
242,226
243,226
337,226
80,227
173,227
174,227
175,227
176,227
177,227
244,227
245,227
246,227
247,227
338,227
79,228
172,228
248,228
249,228
250,228
338,228
80,229
108,229
109,229
110,229
111,229
112,229
113,229
114,229
125,229
126,229
127,229
128,229
129,229
130,229
131,229
132,229
133,229
134,229
135,229
136,229
137,229
138,229
139,229
140,229
141,229
142,229
143,229
144,229
145,229
146,229
147,229
148,229
149,229
150,229
151,229
152,229
153,229
154,229
155,229
156,229
157,229
158,229
159,229
160,229
161,229
162,229
163,229
164,229
165,229
166,229
167,229
168,229
169,229
170,229
171,229
251,229
252,229
253,229
254,229
255,229
256,229
338,229
81,230
82,230
83,230
84,230
96,230
97,230
98,230
99,230
100,230
101,230
102,230
103,230
104,230
105,230
106,230
107,230
115,230
116,230
117,230
118,230
119,230
120,230
121,230
122,230
123,230
124,230
257,230
258,230
259,230
260,230
261,230
262,230
263,230
338,230
85,231
86,231
87,231
88,231
89,231
90,231
91,231
92,231
93,231
94,231
95,231
264,231
265,231
266,231
267,231
268,231
269,231
270,231
338,231
271,232
272,232
273,232
274,232
275,232
276,232
277,232
278,232
339,232
279,233
280,233
281,233
282,233
283,233
284,233
285,233
286,233
287,233
338,233
288,234
289,234
290,234
291,234
338,234
292,235
293,235
294,235
295,235
296,235
297,235
298,235
299,235
300,235
301,235
303,235
304,235
305,235
306,235
338,235
302,236
307,236
308,236
309,236
310,236
311,236
312,236
313,236
314,236
315,236
338,236
316,237
317,237
318,237
319,237
320,237
321,237
322,237
323,237
324,237
338,237
325,238
326,238
327,238
328,238
329,238
330,238
331,238
332,238
333,238
334,238
335,238
336,238
337,238