101,0
102,0
103,0
104,0
105,0
106,0
107,0
123,0
124,0
125,0
126,0
127,0
99,1
100,1
108,1
109,1
110,1
111,1
112,1
113,1
114,1
115,1
116,1
117,1
118,1
119,1
120,1
121,1
122,1
128,1
129,1
131,1
132,1
133,1
134,1
135,1
136,1
137,1
138,1
139,1
140,1
141,1
142,1
143,1
144,1
145,1
146,1
147,1
148,1
149,1
150,1
151,1
152,1
153,1
154,1
155,1
156,1
157,1
158,1
159,1
160,1
161,1
162,1
163,1
164,1
165,1
166,1
98,2
130,2
167,2
168,2
169,2
170,2
97,3
171,3
172,3
173,3
174,3
175,3
96,4
176,4
177,4
243,4
244,4
250,4
251,4
252,4
253,4
254,4
255,4
256,4
257,4
258,4
259,4
260,4
261,4
262,4
263,4
270,4
271,4
272,4
273,4
274,4
275,4
276,4
277,4
278,4
279,4
280,4
281,4
282,4
283,4
96,5
178,5
241,5
242,5
245,5
246,5
247,5
248,5
249,5
264,5
265,5
266,5
267,5
268,5
269,5
284,5
290,5
291,5
292,5
302,5
96,6
179,6
239,6
240,6
285,6
286,6
287,6
288,6
289,6
293,6
294,6
295,6
296,6
297,6
298,6
299,6
300,6
301,6
303,6
304,6
305,6
311,6
312,6
313,6
314,6
315,6
316,6
317,6
318,6
319,6
320,6
321,6
96,7
180,7
238,7
306,7
307,7
308,7
309,7
310,7
322,7
324,7
325,7
326,7
327,7
328,7
329,7
330,7
331,7
332,7
333,7
335,7
336,7
337,7
338,7
339,7
96,8
181,8
236,8
237,8
323,8
334,8
340,8
341,8
343,8
344,8
345,8
346,8
347,8
348,8
349,8
350,8
351,8
352,8
353,8
354,8
355,8
356,8
357,8
358,8
359,8
360,8
361,8
96,9
181,9
235,9
342,9
362,9
363,9
364,9
365,9
366,9
367,9
368,9
369,9
370,9
371,9
372,9
373,9
374,9
375,9
376,9
377,9
378,9
379,9
380,9
96,10
182,10
235,10
381,10
96,11
182,11
234,11
382,11
96,12
182,12
234,12
383,12
96,13
182,13
234,13
383,13
96,14
182,14
234,14
382,14
96,15
182,15
234,15
382,15
95,16
182,16
234,16
382,16
95,17
182,17
234,17
382,17
95,18
182,18
235,18
382,18
95,19
182,19
235,19
382,19
95,20
181,20
235,20
382,20
95,21
181,21
235,21
382,21
95,22
180,22
235,22
382,22
95,23
179,23
236,23
382,23
94,24
179,24
236,24
382,24
93,25
178,25
237,25
382,25
93,26
177,26
237,26
382,26
93,27
176,27
236,27
382,27
93,28
176,28
237,28
383,28
93,29
176,29
238,29
383,29
92,30
175,30
238,30
383,30
92,31
175,31
238,31
382,31
92,32
174,32
239,32
382,32
93,33
173,33
239,33
382,33
93,34
173,34
240,34
382,34
92,35
172,35
240,35
382,35
92,36
172,36
241,36
382,36
92,37
171,37
241,37
382,37
92,38
171,38
242,38
382,38
92,39
170,39
242,39
382,39
92,40
170,40
243,40
382,40
92,41
169,41
243,41
383,41
91,42
169,42
244,42
383,42
90,43
168,43
244,43
383,43
90,44
168,44
245,44
383,44
90,45
167,45
246,45
383,45
90,46
167,46
246,46
383,46
90,47
167,47
245,47
383,47
89,48
167,48
245,48
383,48
89,49
167,49
245,49
383,49
89,50
166,50
245,50
382,50
89,51
166,51
245,51
382,51
89,52
166,52
245,52
382,52
89,53
165,53
245,53
382,53
89,54
165,54
245,54
382,54
89,55
165,55
244,55
382,55
89,56
165,56
244,56
382,56
89,57
165,57
243,57
382,57
89,58
165,58
243,58
383,58
89,59
165,59
242,59
383,59
89,60
165,60
241,60
383,60
89,61
166,61
241,61
383,61
88,62
166,62
240,62
383,62
87,63
167,63
239,63
383,63
87,64
166,64
238,64
383,64
87,65
167,65
237,65
383,65
87,66
168,66
169,66
235,66
236,66
383,66
86,67
170,67
234,67
384,67
86,68
171,68
232,68
233,68
384,68
86,69
172,69
231,69
384,69
86,70
173,70
174,70
230,70
383,70
86,71
175,71
176,71
228,71
229,71
383,71
85,72
177,72
178,72
179,72
226,72
227,72
383,72
85,73
180,73
181,73
182,73
222,73
224,73
225,73
383,73
85,74
183,74
219,74
220,74
221,74
223,74
383,74
85,75
184,75
185,75
217,75
218,75
383,75
85,76
186,76
187,76
214,76
215,76
216,76
383,76
26,77
27,77
84,77
188,77
189,77
190,77
191,77
192,77
211,77
212,77
213,77
383,77
23,78
24,78
25,78
28,78
29,78
30,78
31,78
32,78
33,78
34,78
35,78
84,78
193,78
194,78
195,78
196,78
197,78
198,78
199,78
200,78
201,78
202,78
203,78
204,78
205,78
206,78
207,78
208,78
209,78
210,78
383,78
21,79
22,79
36,79
37,79
84,79
383,79
18,80
19,80
20,80
38,80
39,80
40,80
41,80
83,80
383,80
17,81
42,81
83,81
383,81
16,82
43,82
44,82
45,82
46,82
82,82
383,82
15,83
47,83
81,83
383,83
14,84
48,84
80,84
383,84
13,85
49,85
50,85
51,85
52,85
79,85
383,85
12,86
53,86
54,86
55,86
56,86
79,86
384,86
11,87
57,87
58,87
59,87
78,87
320,87
322,87
323,87
383,87
10,88
60,88
61,88
62,88
63,88
64,88
65,88
66,88
75,88
76,88
77,88
318,88
319,88
321,88
324,88
325,88
326,88
327,88
328,88
329,88
330,88
331,88
332,88
333,88
383,88
10,89
67,89
68,89
73,89
74,89
315,89
316,89
317,89
334,89
335,89
336,89
382,89
9,90
69,90
70,90
71,90
72,90
314,90
337,90
338,90
382,90
8,91
313,91
339,91
382,91
8,92
311,92
312,92
340,92
382,92
7,93
310,93
341,93
342,93
343,93
382,93
7,94
310,94
344,94
345,94
382,94
7,95
309,95
346,95
347,95
382,95
6,96
309,96
348,96
349,96
381,96
6,97
308,97
350,97
351,97
381,97
6,98
307,98
352,98
353,98
380,98
4,99
5,99
307,99
354,99
355,99
380,99
3,100
306,100
356,100
357,100
358,100
380,100
3,101
306,101
359,101
378,101
379,101
3,102
305,102
360,102
376,102
377,102
2,103
304,103
361,103
362,103
363,103
375,103
2,104
304,104
364,104
365,104
366,104
367,104
368,104
369,104
370,104
371,104
372,104
373,104
374,104
2,105
304,105
2,106
303,106
1,107
302,107
1,108
301,108
1,109
301,109
1,110
301,110
1,111
301,111
1,112
300,112
0,113
300,113
0,114
299,114
0,115
299,115
0,116
299,116
1,117
299,117
1,118
299,118
0,119
299,119
0,120
299,120
0,121
299,121
1,122
299,122
1,123
299,123
2,124
299,124
2,125
299,125
3,126
298,126
3,127
299,127
3,128
299,128
4,129
299,129
5,130
300,130
5,131
300,131
6,132
301,132
7,133
302,133
7,134
302,134
7,135
303,135
8,136
303,136
9,137
304,137
9,138
64,138
65,138
66,138
67,138
68,138
69,138
70,138
71,138
72,138
73,138
74,138
75,138
76,138
77,138
305,138
10,139
60,139
61,139
62,139
63,139
78,139
79,139
305,139
11,140
58,140
59,140
80,140
306,140
12,141
56,141
57,141
81,141
306,141
12,142
55,142
81,142
307,142
13,143
52,143
53,143
54,143
82,143
307,143
13,144
51,144
83,144
308,144
14,145
15,145
49,145
50,145
83,145
309,145
16,146
17,146
45,146
47,146
48,146
84,146
308,146
18,147
19,147
43,147
44,147
46,147
84,147
308,147
369,147
370,147
371,147
372,147
373,147
20,148
40,148
41,148
42,148
84,148
309,148
363,148
364,148
365,148
366,148
367,148
368,148
374,148
375,148
21,149
22,149
23,149
39,149
85,149
310,149
361,149
362,149
376,149
24,150
25,150
26,150
35,150
36,150
37,150
38,150
85,150
311,150
357,150
359,150
360,150
377,150
27,151
28,151
29,151
30,151
31,151
32,151
33,151
34,151
85,151
312,151
355,151
356,151
358,151
378,151
86,152
313,152
354,152
379,152
86,153
314,153
352,153
353,153
379,153
86,154
315,154
316,154
351,154
380,154
87,155
317,155
350,155
380,155
87,156
318,156
348,156
349,156
381,156
87,157
318,157
346,157
347,157
381,157
87,158
319,158
344,158
345,158
382,158
87,159
195,159
196,159
197,159
200,159
201,159
320,159
321,159
342,159
343,159
382,159
86,160
187,160
188,160
189,160
190,160
191,160
192,160
193,160
194,160
198,160
199,160
202,160
203,160
204,160
205,160
206,160
207,160
208,160
209,160
210,160
211,160
213,160
322,160
323,160
324,160
325,160
326,160
327,160
328,160
340,160
341,160
382,160
87,161
178,161
179,161
180,161
181,161
182,161
183,161
184,161
185,161
186,161
212,161
214,161
215,161
216,161
217,161
218,161
219,161
220,161
329,161
330,161
331,161
332,161
333,161
334,161
335,161
336,161
337,161
338,161
339,161
382,161
87,162
175,162
176,162
177,162
221,162
222,162
382,162
87,163
171,163
172,163
173,163
174,163
223,163
224,163
225,163
226,163
383,163
87,164
170,164
227,164
228,164
229,164
383,164
87,165
168,165
169,165
230,165
231,165
232,165
383,165
87,166
166,166
167,166
233,166
234,166
383,166
88,167
162,167
164,167
165,167
235,167
236,167
382,167
88,168
161,168
163,168
237,168
382,168
88,169
160,169
238,169
383,169
88,170
159,170
239,170
383,170
88,171
158,171
240,171
383,171
88,172
157,172
240,172
383,172
88,173
156,173
241,173
383,173
88,174
155,174
242,174
383,174
89,175
155,175
243,175
383,175
89,176
154,176
244,176
383,176
89,177
153,177
245,177
383,177
89,178
153,178
246,178
382,178
89,179
152,179
246,179
382,179
89,180
152,180
247,180
382,180
89,181
151,181
247,181
383,181
89,182
151,182
247,182
383,182
89,183
150,183
247,183
383,183
90,184
150,184
247,184
383,184
90,185
150,185
247,185
383,185
90,186
150,186
247,186
383,186
90,187
150,187
247,187
382,187
91,188
151,188
247,188
382,188
90,189
151,189
246,189
382,189
90,190
152,190
246,190
382,190
90,191
152,191
245,191
382,191
91,192
153,192
244,192
382,192
91,193
153,193
244,193
382,193
92,194
154,194
243,194
382,194
92,195
155,195
242,195
382,195
92,196
156,196
242,196
382,196
92,197
156,197
241,197
382,197
92,198
157,198
158,198
241,198
382,198
91,199
159,199
239,199
240,199
382,199
91,200
160,200
238,200
382,200
91,201
159,201
237,201
382,201
91,202
160,202
236,202
382,202
92,203
161,203
235,203
381,203
92,204
161,204
234,204
381,204
92,205
162,205
233,205
381,205
92,206
163,206
233,206
380,206
92,207
164,207
232,207
380,207
92,208
165,208
231,208
380,208
92,209
166,209
230,209
380,209
93,210
167,210
230,210
380,210
93,211
167,211
230,211
380,211
94,212
168,212
229,212
380,212
94,213
169,213
229,213
380,213
94,214
169,214
228,214
380,214
94,215
170,215
228,215
380,215
94,216
170,216
228,216
380,216
95,217
171,217
227,217
380,217
94,218
171,218
227,218
380,218
94,219
172,219
226,219
380,219
94,220
171,220
226,220
380,220
94,221
171,221
226,221
380,221
95,222
171,222
225,222
380,222
95,223
172,223
225,223
380,223
95,224
172,224
225,224
380,224
95,225
172,225
226,225
380,225
95,226
172,226
226,226
379,226
95,227
172,227
226,227
379,227
95,228
172,228
227,228
379,228
95,229
172,229
228,229
379,229
95,230
171,230
229,230
230,230
379,230
95,231
170,231
231,231
379,231
95,232
169,232
232,232
233,232
234,232
379,232
95,233
168,233
235,233
236,233
237,233
380,233
381,233
382,233
95,234
167,234
238,234
383,234
95,235
165,235
166,235
239,235
240,235
241,235
242,235
243,235
383,235
96,236
97,236
163,236
164,236
244,236
245,236
246,236
247,236
248,236
249,236
250,236
251,236
252,236
253,236
254,236
255,236
256,236
257,236
260,236
261,236
262,236
263,236
264,236
265,236
266,236
267,236
268,236
269,236
270,236
271,236
272,236
273,236
274,236
275,236
276,236
277,236
288,236
289,236
290,236
383,236
98,237
100,237
101,237
105,237
106,237
107,237
108,237
109,237
110,237
111,237
112,237
113,237
114,237
115,237
116,237
117,237
118,237
119,237
120,237
121,237
129,237
130,237
131,237
132,237
133,237
135,237
136,237
137,237
138,237
139,237
140,237
150,237
151,237
152,237
153,237
154,237
155,237
156,237
157,237
158,237
159,237
160,237
161,237
162,237
258,237
259,237
278,237
279,237
280,237
281,237
282,237
283,237
284,237
285,237
286,237
287,237
291,237
292,237
293,237
294,237
295,237
296,237
297,237
298,237
299,237
300,237
301,237
302,237
303,237
304,237
305,237
306,237
307,237
308,237
309,237
310,237
311,237
312,237
313,237
314,237
315,237
316,237
321,237
322,237
323,237
324,237
331,237
332,237
333,237
348,237
349,237
350,237
351,237
354,237
383,237
99,238
102,238
103,238
104,238
122,238
123,238
124,238
125,238
126,238
127,238
128,238
134,238
141,238
142,238
143,238
144,238
145,238
146,238
147,238
148,238
149,238
317,238
318,238
319,238
320,238
325,238
326,238
327,238
328,238
329,238
330,238
334,238
335,238
338,238
339,238
340,238
341,238
342,238
343,238
344,238
345,238
346,238
347,238
352,238
353,238
355,238
360,238
361,238
362,238
363,238
364,238
365,238
366,238
367,238
368,238
369,238
370,238
371,238
372,238
373,238
374,238
380,238
381,238
382,238
336,239
337,239
356,239
357,239
358,239
359,239
375,239
376,239
377,239
378,239
379,239