11,0
11,1
11,2
11,3
10,4
11,5
12,5
13,6
13,7
13,8
13,9
13,10
13,11
13,12
12,13
12,14
12,15
12,16
12,17
12,18
12,19
11,20
11,21
10,22
10,23
10,24
10,25
10,26
10,27
10,28
9,29
9,30
9,31
9,32
9,33
9,34
8,35
8,36
8,37
8,38
8,39
8,40
7,41
7,42
7,43
7,44
7,45
7,46
7,47
7,48
7,49
7,50
6,51
6,52
6,53
7,54
6,55
5,56
5,57
5,58
5,59
5,60
5,61
4,62
4,63
4,64
4,65
4,66
4,67
3,68
3,69
3,70
3,71
3,72
3,73
3,74
2,75
2,76
2,77
2,78
2,79
2,80
1,81
1,82
2,83
1,84
1,85
1,86
2,87
1,88
1,89
1,90
1,91
0,92
0,93
51,93
52,93
0,94
50,94
53,94
54,94
0,95
43,95
44,95
45,95
46,95
47,95
48,95
49,95
55,95
56,95
57,95
1,96
39,96
40,96
41,96
42,96
58,96
59,96
1,97
37,97
38,97
60,97
61,97
1,98
36,98
62,98
1,99
32,99
34,99
35,99
63,99
64,99
2,100
30,100
31,100
33,100
65,100
2,101
29,101
66,101
3,102
27,102
28,102
67,102
3,103
26,103
68,103
4,104
23,104
24,104
25,104
69,104
4,105
22,105
70,105
5,106
20,106
21,106
71,106
6,107
7,107
8,107
18,107
19,107
72,107
9,108
10,108
11,108
12,108
13,108
14,108
15,108
16,108
17,108
73,108
73,109
74,110
75,111
76,112
77,113
77,114
78,115
78,116
78,117
79,118
80,119
80,120
80,121
81,122
81,123
82,124
83,125
83,126
83,127
83,128
83,129
83,130
83,131
82,132
82,133
83,134
83,135
83,136
83,137
83,138
82,139
82,140
82,141
82,142
81,143
81,144
80,145
80,146
79,147
79,148
78,149
78,150
78,151
10,152
11,152
12,152
13,152
14,152
15,152
16,152
17,152
77,152
8,153
9,153
18,153
19,153
20,153
21,153
77,153
7,154
22,154
23,154
24,154
76,154
6,155
25,155
26,155
75,155
5,156
27,156
28,156
29,156
75,156
4,157
30,157
74,157
3,158
31,158
74,158
3,159
32,159
33,159
73,159
3,160
34,160
35,160
72,160
3,161
36,161
37,161
71,161
2,162
38,162
39,162
40,162
71,162
2,163
41,163
42,163
69,163
70,163
1,164
43,164
44,164
45,164
66,164
67,164
68,164
1,165
46,165
47,165
48,165
61,165
62,165
63,165
64,165
65,165
1,166
49,166
50,166
51,166
52,166
53,166
54,166
55,166
56,166
57,166
58,166
60,166
1,167
59,167
1,168
1,169
1,170
1,171
1,172
1,173
1,174
1,175
1,176
1,177
2,178
2,179
2,180
2,181
2,182
3,183
3,184
3,185
3,186
3,187
3,188
3,189
4,190
4,191
4,192
4,193
5,194
5,195
5,196
5,197
5,198
4,199
4,200
5,201
5,202
5,203
5,204
5,205
6,206
6,207
6,208
6,209
6,210
6,211
7,212
7,213
7,214
7,215
7,216
7,217
8,218
8,219
8,220
8,221
9,222
9,223
9,224
9,225
9,226
9,227
10,228
10,229
10,230
11,231