78,0
78,1
78,2
78,3
78,4
78,5
78,6
78,7
78,8
78,9
78,10
78,11
78,12
78,13
78,14
78,15
78,16
78,17
78,18
78,19
78,20
78,21
78,22
78,23
78,24
78,25
78,26
78,27
78,28
78,29
78,30
78,31
78,32
78,33
78,34
78,35
78,36
78,37
78,38
77,39
77,40
77,41
77,42
77,43
77,44
77,45
77,46
77,47
77,48
77,49
77,50
77,51
77,52
77,53
77,54
77,55
77,56
77,57
77,58
77,59
77,60
77,61
77,62
78,63
78,64
77,65
78,66
78,67
78,68
78,69
78,70
78,71
78,72
78,73
78,74
78,75
78,76
78,77
78,78
78,79
77,80
77,81
77,82
77,83
77,84
77,85
77,86
77,87
77,88
77,89
77,90
77,91
77,92
77,93
77,94
77,95
77,96
77,97
77,98
77,99
77,100
77,101
77,102
77,103
77,104
77,105
77,106
77,107
77,108
77,109
77,110
77,111
77,112
77,113
77,114
77,115
77,116
77,117
77,118
77,119
76,120
75,121
16,122
17,122
18,122
19,122
20,122
21,122
22,122
23,122
24,122
25,122
26,122
75,122
14,123
15,123
27,123
28,123
29,123
30,123
31,123
75,123
13,124
32,124
33,124
34,124
75,124
12,125
35,125
36,125
74,125
11,126
37,126
38,126
39,126
74,126
10,127
40,127
41,127
74,127
9,128
42,128
43,128
74,128
8,129
44,129
73,129
8,130
45,130
46,130
47,130
48,130
73,130
7,131
49,131
50,131
72,131
7,132
51,132
52,132
72,132
6,133
53,133
54,133
72,133
6,134
55,134
56,134
71,134
5,135
57,135
70,135
5,136
58,136
69,136
4,137
59,137
60,137
61,137
68,137
4,138
62,138
63,138
64,138
65,138
66,138
67,138
4,139
4,140
3,141
3,142
3,143
2,144
2,145
1,146
1,147
1,148
1,149
1,150
1,151
1,152
1,153
1,154
1,155
1,156
1,157
1,158
1,159
1,160
0,161
0,162
0,163
1,164
1,165
1,166
1,167
2,168
2,169
2,170
2,171
2,172
3,173
4,174
4,175
4,176
5,177
5,178
6,179
6,180
6,181
6,182
7,183
8,184
9,185
9,186
10,187
10,188
11,189
62,189
63,189
64,189
65,189
66,189
67,189
68,189
69,189
12,190
57,190
58,190
59,190
60,190
61,190
70,190
13,191
53,191
54,191
55,191
56,191
71,191
13,192
52,192
72,192
14,193
15,193
49,193
50,193
51,193
72,193
16,194
48,194
72,194
17,195
46,195
47,195
73,195
17,196
45,196
73,196
18,197
44,197
74,197
19,198
42,198
43,198
74,198
20,199
41,199
74,199
21,200
22,200
39,200
40,200
75,200
23,201
37,201
38,201
75,201
24,202
25,202
26,202
27,202
28,202
32,202
33,202
34,202
35,202
36,202
75,202
29,203
30,203
31,203
74,203
74,204
74,205
75,206
75,207
75,208
75,209
75,210
75,211
75,212
75,213
75,214
75,215
75,216
75,217
75,218
75,219
75,220
75,221
75,222
75,223
75,224
75,225
75,226
75,227
75,228
75,229
75,230
75,231
75,232
75,233
76,234
76,235
76,236
76,237
76,238
76,239
76,240
76,241
76,242
76,243
75,244
75,245
75,246
75,247
75,248
75,249
75,250
75,251
75,252
75,253
75,254
75,255
75,256
75,257
75,258
75,259
75,260
75,261
75,262
75,263
75,264
75,265
75,266
75,267
76,268
77,269