69,0
69,1
69,2
69,3
69,4
69,5
69,6
69,7
70,8
70,9
70,10
70,11
70,12
69,13
69,14
69,15
69,16
69,17
70,18
70,19
70,20
70,21
70,22
70,23
70,24
69,25
69,26
69,27
69,28
69,29
70,30
70,31
70,32
70,33
71,34
71,35
71,36
70,37
70,38
70,39
70,40
70,41
70,42
70,43
70,44
70,45
70,46
70,47
70,48
71,49
70,50
70,51
70,52
70,53
70,54
70,55
70,56
70,57
70,58
70,59
70,60
70,61
70,62
70,63
70,64
70,65
70,66
69,67
70,68
70,69
70,70
70,71
70,72
70,73
71,74
70,75
70,76
70,77
70,78
70,79
70,80
70,81
70,82
70,83
70,84
70,85
70,86
69,87
70,88
70,89
70,90
70,91
70,92
70,93
70,94
70,95
70,96
70,97
70,98
70,99
69,100
69,101
69,102
69,103
69,104
69,105
69,106
69,107
69,108
69,109
20,110
21,110
22,110
23,110
24,110
68,110
19,111
25,111
26,111
27,111
28,111
29,111
30,111
68,111
17,112
18,112
31,112
67,112
16,113
32,113
33,113
34,113
35,113
36,113
66,113
15,114
37,114
38,114
39,114
66,114
14,115
40,115
41,115
65,115
13,116
42,116
65,116
13,117
43,117
44,117
45,117
64,117
12,118
46,118
47,118
48,118
49,118
50,118
63,118
11,119
51,119
52,119
61,119
62,119
11,120
53,120
54,120
55,120
58,120
59,120
60,120
10,121
56,121
57,121
9,122
8,123
8,124
7,125
6,126
6,127
6,128
5,129
4,130
4,131
3,132
3,133
3,134
2,135
1,136
1,137
1,138
1,139
0,140
0,141
0,142
0,143
0,144
0,145
0,146
0,147
0,148
1,149
1,150
1,151
1,152
2,153
3,154
3,155
3,156
4,157
4,158
4,159
4,160
4,161
5,162
6,163
7,164
7,165
7,166
8,167
59,167
60,167
61,167
62,167
63,167
64,167
65,167
9,168
57,168
58,168
66,168
10,169
54,169
55,169
56,169
67,169
68,169
11,170
51,170
52,170
53,170
69,170
11,171
50,171
69,171
11,172
48,172
49,172
70,172
12,173
13,173
45,173
46,173
47,173
71,173
14,174
44,174
71,174
15,175
42,175
43,175
70,175
15,176
39,176
41,176
70,176
16,177
36,177
37,177
38,177
40,177
71,177
17,178
18,178
34,178
35,178
71,178
19,179
20,179
21,179
22,179
23,179
24,179
25,179
26,179
27,179
29,179
30,179
31,179
32,179
33,179
71,179
28,180
71,180
71,181
72,182
72,183
72,184
72,185
72,186
71,187
71,188
71,189
72,190
72,191
72,192
72,193
72,194
72,195
72,196
72,197
72,198
72,199
71,200
71,201
71,202
71,203
71,204
71,205
71,206
71,207
71,208
71,209
71,210
71,211
70,212
70,213
70,214
70,215
70,216
70,217
70,218
70,219
70,220
70,221
70,222
70,223
69,224
69,225
69,226
69,227
69,228
69,229
69,230
69,231
69,232
69,233
69,234
68,235
68,236
67,237
67,238
68,239
69,240
69,241
68,242
68,243
69,244