87,0
88,0
89,0
90,0
91,0
92,0
93,0
94,0
95,0
96,0
97,0
98,0
99,0
100,0
86,1
101,1
102,1
85,2
103,2
104,2
105,2
106,2
107,2
108,2
109,2
110,2
111,2
112,2
113,2
114,2
115,2
116,2
117,2
118,2
119,2
120,2
121,2
122,2
123,2
310,2
311,2
312,2
313,2
314,2
315,2
316,2
317,2
319,2
86,3
124,3
125,3
127,3
128,3
129,3
130,3
131,3
132,3
133,3
309,3
318,3
320,3
85,4
126,4
134,4
135,4
136,4
137,4
138,4
139,4
140,4
141,4
142,4
143,4
144,4
145,4
146,4
147,4
148,4
149,4
150,4
151,4
153,4
310,4
320,4
85,5
152,5
154,5
155,5
156,5
157,5
158,5
159,5
160,5
161,5
273,5
274,5
275,5
276,5
277,5
278,5
279,5
280,5
281,5
282,5
283,5
284,5
285,5
286,5
287,5
288,5
289,5
310,5
319,5
84,6
162,6
163,6
164,6
165,6
166,6
234,6
246,6
253,6
254,6
255,6
256,6
257,6
258,6
259,6
260,6
261,6
262,6
263,6
264,6
265,6
266,6
267,6
268,6
269,6
270,6
271,6
272,6
290,6
291,6
292,6
293,6
294,6
295,6
296,6
297,6
298,6
299,6
300,6
301,6
302,6
303,6
304,6
305,6
306,6
307,6
308,6
309,6
319,6
83,7
167,7
168,7
169,7
231,7
232,7
233,7
235,7
236,7
237,7
238,7
239,7
240,7
241,7
242,7
243,7
244,7
245,7
247,7
248,7
249,7
250,7
251,7
252,7
319,7
83,8
170,8
171,8
228,8
229,8
230,8
319,8
83,9
172,9
226,9
227,9
319,9
84,10
173,10
225,10
320,10
84,11
174,11
175,11
224,11
320,11
84,12
176,12
223,12
320,12
84,13
176,13
222,13
320,13
84,14
177,14
222,14
320,14
84,15
178,15
221,15
320,15
84,16
178,16
222,16
320,16
83,17
178,17
222,17
320,17
83,18
178,18
222,18
320,18
83,19
178,19
222,19
321,19
83,20
178,20
222,20
321,20
83,21
178,21
222,21
321,21
83,22
177,22
222,22
321,22
83,23
177,23
223,23
321,23
83,24
177,24
223,24
321,24
83,25
176,25
224,25
321,25
83,26
175,26
224,26
321,26
83,27
175,27
225,27
321,27
82,28
175,28
225,28
321,28
82,29
175,29
225,29
321,29
82,30
174,30
226,30
321,30
82,31
174,31
227,31
322,31
82,32
173,32
227,32
322,32
82,33
173,33
228,33
322,33
82,34
172,34
228,34
322,34
82,35
172,35
228,35
322,35
82,36
172,36
229,36
322,36
82,37
171,37
230,37
323,37
82,38
171,38
231,38
323,38
82,39
171,39
231,39
323,39
81,40
170,40
231,40
323,40
80,41
169,41
232,41
323,41
80,42
169,42
232,42
323,42
80,43
168,43
232,43
322,43
80,44
167,44
232,44
322,44
80,45
167,45
232,45
322,45
80,46
167,46
232,46
323,46
80,47
167,47
232,47
323,47
80,48
166,48
232,48
323,48
80,49
166,49
231,49
323,49
80,50
166,50
231,50
323,50
80,51
166,51
231,51
323,51
80,52
167,52
232,52
323,52
79,53
167,53
231,53
323,53
79,54
168,54
231,54
323,54
79,55
168,55
231,55
323,55
79,56
168,56
231,56
323,56
79,57
168,57
232,57
323,57
79,58
169,58
231,58
323,58
79,59
170,59
230,59
323,59
79,60
171,60
229,60
323,60
79,61
172,61
228,61
323,61
22,62
23,62
24,62
79,62
173,62
227,62
324,62
18,63
19,63
20,63
21,63
25,63
26,63
27,63
79,63
174,63
225,63
226,63
324,63
17,64
28,64
29,64
79,64
175,64
176,64
224,64
324,64
15,65
16,65
30,65
31,65
79,65
177,65
223,65
324,65
378,65
379,65
380,65
381,65
382,65
13,66
14,66
32,66
33,66
34,66
78,66
178,66
219,66
220,66
221,66
222,66
324,66
374,66
375,66
376,66
377,66
383,66
12,67
35,67
36,67
78,67
179,67
218,67
324,67
373,67
384,67
11,68
37,68
78,68
180,68
181,68
216,68
217,68
324,68
371,68
372,68
385,68
386,68
10,69
38,69
39,69
40,69
78,69
182,69
183,69
215,69
324,69
369,69
370,69
387,69
10,70
41,70
77,70
184,70
185,70
186,70
213,70
214,70
325,70
367,70
368,70
388,70
9,71
42,71
77,71
187,71
188,71
189,71
195,71
196,71
198,71
206,71
207,71
208,71
209,71
210,71
211,71
212,71
325,71
366,71
389,71
9,72
43,72
44,72
77,72
190,72
191,72
192,72
193,72
194,72
197,72
199,72
200,72
201,72
202,72
203,72
204,72
205,72
325,72
365,72
390,72
8,73
45,73
76,73
325,73
363,73
364,73
391,73
7,74
46,74
47,74
76,74
326,74
362,74
392,74
7,75
48,75
75,75
327,75
361,75
393,75
7,76
49,76
50,76
75,76
327,76
359,76
360,76
393,76
6,77
51,77
74,77
327,77
358,77
394,77
6,78
52,78
74,78
327,78
356,78
357,78
395,78
5,79
53,79
68,79
72,79
73,79
328,79
355,79
395,79
5,80
54,80
55,80
67,80
69,80
70,80
71,80
329,80
354,80
396,80
5,81
56,81
57,81
65,81
66,81
329,81
353,81
396,81
4,82
58,82
59,82
60,82
61,82
62,82
63,82
64,82
329,82
351,82
352,82
397,82
4,83
330,83
349,83
350,83
397,83
4,84
331,84
348,84
398,84
4,85
332,85
342,85
343,85
344,85
345,85
346,85
347,85
398,85
3,86
333,86
334,86
335,86
336,86
337,86
338,86
339,86
340,86
341,86
398,86
3,87
398,87
3,88
399,88
3,89
399,89
3,90
399,90
3,91
400,91
3,92
400,92
2,93
400,93
2,94
400,94
1,95
400,95
1,96
400,96
1,97
401,97
1,98
401,98
1,99
400,99
1,100
400,100
0,101
400,101
0,102
400,102
0,103
400,103
0,104
400,104
0,105
400,105
0,106
400,106
0,107
400,107
0,108
400,108
0,109
401,109
0,110
401,110
0,111
401,111
0,112
400,112
0,113
401,113
0,114
401,114
0,115
401,115
1,116
400,116
1,117
400,117
1,118
401,118
1,119
401,119
1,120
401,120
1,121
400,121
2,122
400,122
2,123
400,123
2,124
400,124
2,125
400,125
2,126
400,126
2,127
399,127
2,128
399,128
2,129
399,129
3,130
399,130
3,131
398,131
3,132
58,132
59,132
60,132
61,132
62,132
398,132
4,133
56,133
57,133
63,133
398,133
4,134
54,134
55,134
64,134
65,134
398,134
4,135
51,135
52,135
53,135
66,135
67,135
397,135
5,136
50,136
68,136
336,136
337,136
338,136
339,136
340,136
341,136
342,136
397,136
5,137
48,137
49,137
69,137
335,137
343,137
397,137
6,138
47,138
69,138
334,138
344,138
345,138
346,138
347,138
396,138
6,139
46,139
70,139
333,139
348,139
349,139
396,139
7,140
44,140
45,140
71,140
72,140
73,140
74,140
332,140
350,140
351,140
352,140
395,140
8,141
42,141
43,141
75,141
331,141
353,141
354,141
395,141
8,142
41,142
75,142
331,142
355,142
395,142
9,143
39,143
40,143
75,143
330,143
356,143
394,143
10,144
38,144
75,144
330,144
357,144
358,144
393,144
10,145
36,145
37,145
75,145
330,145
359,145
393,145
11,146
35,146
76,146
330,146
360,146
361,146
392,146
12,147
34,147
77,147
329,147
362,147
363,147
392,147
12,148
32,148
33,148
78,148
329,148
364,148
365,148
391,148
13,149
29,149
30,149
31,149
78,149
329,149
366,149
391,149
13,150
27,150
28,150
78,150
329,150
367,150
368,150
389,150
390,150
14,151
15,151
16,151
25,151
26,151
77,151
329,151
369,151
388,151
17,152
18,152
22,152
23,152
24,152
77,152
328,152
370,152
371,152
388,152
19,153
20,153
21,153
77,153
327,153
372,153
373,153
385,153
386,153
387,153
77,154
327,154
374,154
375,154
384,154
77,155
327,155
376,155
377,155
378,155
379,155
380,155
381,155
382,155
383,155
77,156
327,156
77,157
327,157
78,158
327,158
78,159
327,159
78,160
327,160
78,161
327,161
78,162
327,162
78,163
327,163
78,164
328,164
78,165
328,165
78,166
328,166
78,167
328,167
78,168
328,168
78,169
328,169
78,170
328,170
78,171
328,171
78,172
328,172
78,173
328,173
79,174
328,174
79,175
328,175
79,176
328,176
78,177
328,177
78,178
329,178
79,179
328,179
79,180
328,180
79,181
328,181
79,182
328,182
79,183
329,183
79,184
329,184
79,185
329,185
79,186
329,186
80,187
329,187
80,188
329,188
79,189
329,189
79,190
329,190
79,191
329,191
79,192
329,192
79,193
329,193
79,194
329,194
80,195
329,195
80,196
329,196
80,197
329,197
80,198
329,198
80,199
329,199
80,200
329,200
80,201
329,201
80,202
329,202
80,203
329,203
80,204
329,204
80,205
329,205
79,206
329,206
79,207
329,207
79,208
328,208
79,209
329,209
79,210
329,210
80,211
329,211
80,212
329,212
80,213
329,213
80,214
329,214
80,215
329,215
80,216
329,216
80,217
329,217
80,218
329,218
80,219
329,219
80,220
329,220
81,221
329,221
81,222
329,222
81,223
329,223
81,224
329,224
81,225
329,225
81,226
329,226
81,227
329,227
81,228
329,228
81,229
329,229
81,230
329,230
81,231
329,231
81,232
329,232
82,233
329,233
82,234
329,234
82,235
329,235
82,236
330,236
82,237
330,237
82,238
330,238
82,239
330,239
83,240
330,240
83,241
330,241
83,242
330,242
83,243
330,243
83,244
330,244
83,245
330,245
83,246
330,246
83,247
330,247
83,248
330,248
83,249
330,249
83,250
330,250
84,251
330,251
84,252
330,252
83,253
330,253
83,254
330,254
83,255
330,255
83,256
330,256
83,257
330,257
83,258
330,258
84,259
330,259
85,260
86,260
87,260
88,260
330,260
89,261
90,261
91,261
92,261
93,261
96,261
97,261
98,261
99,261
100,261
101,261
102,261
103,261
330,261
94,262
95,262
104,262
105,262
106,262
107,262
108,262
109,262
110,262
111,262
330,262
112,263
113,263
114,263
115,263
116,263
117,263
118,263
119,263
120,263
329,263
121,264
329,264
122,265
123,265
124,265
125,265
126,265
127,265
128,265
129,265
130,265
131,265
132,265
133,265
134,265
135,265
330,265
136,266
137,266
138,266
139,266
140,266
141,266
142,266
143,266
144,266
329,266
145,267
146,267
147,267
148,267
149,267
150,267
151,267
229,267
230,267
231,267
329,267
152,268
153,268
154,268
155,268
156,268
157,268
158,268
226,268
227,268
228,268
232,268
233,268
234,268
235,268
236,268
237,268
238,268
239,268
240,268
329,268
159,269
160,269
223,269
224,269
225,269
241,269
242,269
243,269
244,269
245,269
246,269
247,269
329,269
161,270
162,270
221,270
222,270
248,270
249,270
250,270
251,270
329,270
163,271
220,271
252,271
253,271
254,271
255,271
256,271
257,271
258,271
259,271
329,271
164,272
165,272
166,272
219,272
260,272
261,272
262,272
263,272
264,272
265,272
329,272
167,273
168,273
218,273
266,273
267,273
268,273
269,273
270,273
271,273
329,273
169,274
217,274
272,274
273,274
274,274
275,274
276,274
277,274
278,274
279,274
280,274
329,274
170,275
217,275
281,275
282,275
283,275
284,275
329,275
170,276
217,276
285,276
286,276
329,276
171,277
217,277
287,277
288,277
289,277
290,277
329,277
172,278
217,278
291,278
292,278
293,278
294,278
295,278
296,278
297,278
298,278
299,278
329,278
173,279
217,279
300,279
301,279
302,279
328,279
173,280
217,280
303,280
304,280
305,280
306,280
307,280
308,280
309,280
310,280
311,280
328,280
173,281
217,281
312,281
313,281
314,281
315,281
316,281
317,281
328,281
173,282
217,282
318,282
319,282
320,282
321,282
327,282
173,283
217,283
322,283
323,283
324,283
325,283
326,283
173,284
217,284
173,285
217,285
173,286
218,286
172,287
218,287
172,288
218,288
172,289
219,289
172,290
219,290
172,291
220,291
171,292
221,292
170,293
221,293
170,294
222,294
169,295
222,295
169,296
223,296
168,297
224,297
168,298
224,298
168,299
225,299
167,300
226,300
167,301
226,301
166,302
227,302
166,303
228,303
165,304
229,304
164,305
230,305
163,306
231,306
162,307
231,307
162,308
231,308
161,309
232,309
161,310
233,310
160,311
233,311
159,312
234,312
158,313
235,313
157,314
235,314
157,315
236,315
156,316
237,316
155,317
237,317
154,318
237,318
153,319
237,319
153,320
238,320
152,321
238,321
151,322
239,322
151,323
239,323
150,324
239,324
150,325
239,325
150,326
239,326
150,327
239,327
150,328
239,328
150,329
238,329
150,330
238,330
150,331
237,331
150,332
237,332
150,333
236,333
151,334
236,334
152,335
235,335
153,336
235,336
154,337
234,337
154,338
234,338
155,339
233,339
156,340
231,340
232,340
157,341
229,341
230,341
158,342
159,342
228,342
160,343
226,343
227,343
161,344
162,344
163,344
224,344
225,344
164,345
165,345
222,345
223,345
166,346
167,346
168,346
220,346
221,346
169,347
170,347
171,347
217,347
218,347
219,347
172,348
173,348
215,348
216,348
174,349
175,349
211,349
212,349
213,349
214,349
176,350
177,350
178,350
179,350
207,350
208,350
209,350
210,350
180,351
181,351
182,351
183,351
184,351
185,351
202,351
203,351
204,351
205,351
206,351
186,352
187,352
188,352
190,352
191,352
192,352
193,352
194,352
195,352
196,352
197,352
198,352
199,352
200,352
201,352
189,353