4,0
4,1
4,2
4,3
4,4
4,5
4,6
4,7
4,8
4,9
4,10
5,11
5,12
4,13
4,14
4,15
4,16
4,17
4,18
4,19
4,20
5,21
5,22
5,23
5,24
5,25
5,26
5,27
4,28
4,29
4,30
4,31
4,32
4,33
4,34
4,35
4,36
4,37
4,38
4,39
4,40
5,41
5,42
5,43
4,44
4,45
4,46
4,47
4,48
4,49
4,50
4,51
4,52
4,53
4,54
4,55
4,56
4,57
4,58
3,59
3,60
3,61
3,62
3,63
3,64
3,65
3,66
3,67
3,68
3,69
3,70
3,71
3,72
3,73
2,74
2,75
2,76
2,77
2,78
47,78
48,78
49,78
50,78
51,78
52,78
53,78
54,78
55,78
56,78
3,79
46,79
57,79
3,80
45,80
58,80
3,81
44,81
59,81
3,82
40,82
42,82
43,82
60,82
61,82
62,82
4,83
39,83
41,83
63,83
4,84
38,84
64,84
65,84
5,85
37,85
66,85
67,85
5,86
36,86
68,86
5,87
35,87
69,87
6,88
33,88
34,88
70,88
6,89
32,89
71,89
5,90
30,90
31,90
71,90
6,91
28,91
29,91
71,91
7,92
8,92
23,92
24,92
26,92
27,92
71,92
9,93
22,93
25,93
72,93
10,94
20,94
21,94
72,94
11,95
12,95
13,95
14,95
15,95
16,95
17,95
18,95
19,95
72,95
73,96
73,97
73,98
74,99
75,100
75,101
75,102
76,103
76,104
76,105
77,106
77,107
76,108
76,109
77,110
77,111
77,112
77,113
78,114
78,115
78,116
78,117
78,118
78,119
78,120
78,121
78,122
77,123
77,124
77,125
78,126
78,127
78,128
78,129
78,130
78,131
78,132
78,133
78,134
78,135
78,136
78,137
78,138
77,139
77,140
77,141
77,142
77,143
77,144
77,145
77,146
77,147
77,148
77,149
77,150
77,151
77,152
77,153
76,154
75,155
75,156
75,157
75,158
74,159
74,160
74,161
73,162
73,163
12,164
13,164
14,164
15,164
16,164
17,164
18,164
19,164
20,164
21,164
22,164
73,164
11,165
23,165
73,165
10,166
24,166
25,166
26,166
27,166
28,166
72,166
9,167
29,167
30,167
31,167
71,167
8,168
32,168
71,168
7,169
33,169
34,169
35,169
70,169
6,170
36,170
68,170
69,170
5,171
37,171
67,171
5,172
37,172
67,172
5,173
38,173
39,173
40,173
66,173
4,174
41,174
65,174
4,175
42,175
43,175
62,175
63,175
64,175
4,176
44,176
45,176
61,176
3,177
46,177
47,177
50,177
51,177
52,177
60,177
3,178
48,178
49,178
53,178
54,178
55,178
56,178
57,178
58,178
59,178
3,179
3,180
3,181
3,182
2,183
2,184
2,185
2,186
2,187
2,188
2,189
2,190
2,191
2,192
3,193
3,194
3,195
3,196
3,197
2,198
2,199
2,200
2,201
2,202
2,203
2,204
2,205
2,206
2,207
2,208
3,209
3,210
3,211
2,212
3,213
2,214
2,215
2,216
2,217
2,218
2,219
2,220
2,221
2,222
2,223
2,224
2,225
2,226
2,227
2,228
1,229
1,230
2,231
2,232
2,233
2,234
2,235
2,236
2,237
2,238
2,239
2,240
2,241
2,242
2,243
2,244
1,245
1,246
1,247
1,248
1,249
1,250
1,251
2,252
2,253
2,254
2,255
1,256
1,257
1,258
1,259
0,260
1,261
1,262
1,263
1,264
2,265
3,266