4,0
3,1
3,2
2,3
3,4
3,5
3,6
3,7
3,8
3,9
3,10
3,11
4,12
4,13
4,14
4,15
4,16
5,17
5,18
5,19
5,20
5,21
6,22
6,23
6,24
6,25
6,26
7,27
7,28
7,29
7,30
6,31
6,32
6,33
6,34
6,35
6,36
7,37
7,38
7,39
7,40
7,41
7,42
7,43
7,44
7,45
7,46
7,47
8,48
8,49
8,50
8,51
9,52
9,53
9,54
9,55
9,56
10,57
10,58
9,59
9,60
9,61
9,62
9,63
9,64
9,65
9,66
10,67
10,68
10,69
10,70
10,71
10,72
10,73
11,74
11,75
11,76
11,77
12,78
12,79
12,80
12,81
12,82
12,83
12,84
12,85
13,86
13,87
12,88
12,89
13,90
13,91
60,91
61,91
62,91
13,92
58,92
59,92
63,92
64,92
65,92
66,92
67,92
13,93
56,93
57,93
68,93
13,94
54,94
55,94
69,94
70,94
71,94
14,95
52,95
53,95
72,95
14,96
51,96
73,96
74,96
14,97
49,97
50,97
75,97
15,98
47,98
48,98
76,98
15,99
44,99
45,99
46,99
77,99
16,100
42,100
43,100
78,100
17,101
41,101
79,101
17,102
40,102
80,102
18,103
37,103
38,103
39,103
80,103
19,104
34,104
36,104
81,104
20,105
21,105
30,105
31,105
32,105
33,105
35,105
82,105
22,106
23,106
24,106
25,106
26,106
27,106
28,106
29,106
82,106
83,107
83,108
84,109
84,110
85,111
85,112
86,113
86,114
86,115
86,116
86,117
86,118
87,119
87,120
87,121
87,122
88,123
88,124
88,125
88,126
88,127
88,128
89,129
89,130
89,131
89,132
89,133
89,134
89,135
89,136
89,137
89,138
89,139
88,140
88,141
88,142
88,143
88,144
88,145
87,146
86,147
86,148
86,149
86,150
85,151
85,152
85,153
84,154
84,155
83,156
83,157
83,158
23,159
24,159
25,159
26,159
27,159
28,159
29,159
30,159
31,159
82,159
21,160
22,160
32,160
33,160
82,160
20,161
34,161
81,161
20,162
35,162
36,162
37,162
81,162
19,163
38,163
39,163
80,163
18,164
40,164
41,164
79,164
17,165
42,165
43,165
79,165
17,166
44,166
78,166
17,167
45,167
46,167
47,167
77,167
16,168
48,168
76,168
16,169
49,169
50,169
51,169
76,169
16,170
52,170
53,170
75,170
16,171
54,171
55,171
74,171
16,172
56,172
57,172
58,172
72,172
73,172
15,173
59,173
60,173
61,173
70,173
71,173
14,174
62,174
63,174
64,174
65,174
66,174
67,174
68,174
69,174
13,175
13,176
13,177
13,178
13,179
13,180
13,181
13,182
13,183
13,184
12,185
12,186
12,187
12,188
12,189
12,190
12,191
12,192
12,193
11,194
11,195
11,196
11,197
11,198
11,199
11,200
10,201
9,202
9,203
9,204
9,205
9,206
9,207
9,208
9,209
8,210
8,211
8,212
8,213
8,214
8,215
8,216
8,217
7,218
7,219
7,220
7,221
7,222
7,223
7,224
7,225
7,226
6,227
6,228
6,229
5,230
5,231
5,232
5,233
5,234
4,235
4,236
4,237
4,238
4,239
4,240
4,241
4,242
4,243
4,244
3,245
4,246
4,247
3,248
3,249
3,250
3,251
3,252
3,253
3,254
1,255
2,255
0,256
0,257
0,258
1,259
0,260
0,261
0,262
0,263
0,264
0,265
0,266
0,267
0,268
0,269
0,270
0,271
0,272
0,273
0,274
0,275
0,276
0,277
1,278
2,279
3,280