98,0
97,1
98,2
98,3
98,4
97,5
97,6
97,7
97,8
96,9
97,10
97,11
97,12
96,13
96,14
96,15
96,16
95,17
95,18
95,19
95,20
94,21
94,22
94,23
95,24
95,25
94,26
94,27
94,28
94,29
93,30
93,31
93,32
94,33
93,34
92,35
93,36
93,37
92,38
92,39
92,40
92,41
91,42
91,43
91,44
91,45
90,46
91,47
91,48
91,49
90,50
90,51
90,52
90,53
90,54
89,55
89,56
90,57
90,58
89,59
89,60
89,61
88,62
87,63
87,64
88,65
89,66
88,67
88,68
88,69
87,70
86,71
86,72
87,73
87,74
86,75
86,76
86,77
86,78
85,79
85,80
86,81
86,82
86,83
84,84
85,84
83,85
83,86
82,87
83,88
83,89
26,90
27,90
28,90
29,90
30,90
32,90
33,90
80,90
83,90
25,91
31,91
34,91
79,91
81,91
82,91
22,92
23,92
24,92
35,92
36,92
37,92
38,92
79,92
21,93
39,93
79,93
20,94
40,94
41,94
79,94
19,95
42,95
78,95
18,96
43,96
77,96
17,97
44,97
77,97
16,98
45,98
78,98
15,99
46,99
78,99
14,100
47,100
77,100
13,101
48,101
49,101
50,101
77,101
12,102
51,102
76,102
12,103
52,103
53,103
76,103
11,104
54,104
75,104
10,105
55,105
74,105
10,106
56,106
57,106
58,106
60,106
61,106
74,106
10,107
59,107
62,107
66,107
74,107
9,108
63,108
64,108
65,108
67,108
68,108
73,108
9,109
69,109
70,109
72,109
8,110
71,110
7,111
6,112
6,113
6,114
6,115
5,116
4,117
4,118
4,119
3,120
3,121
3,122
3,123
2,124
2,125
2,126
2,127
1,128
1,129
1,130
1,131
1,132
0,133
0,134
1,135
1,136
0,137
0,138
0,139
1,140
0,141
1,142
1,143
1,144
1,145
1,146
1,147
2,148
3,149
2,150
3,151
3,152
3,153
3,154
4,155
4,156
5,157
5,158
5,159
6,160
6,161
7,162
7,163
8,164
9,165
46,165
49,165
50,165
51,165
53,165
54,165
55,165
9,166
41,166
42,166
44,166
45,166
47,166
48,166
52,166
56,166
57,166
58,166
59,166
10,167
11,167
37,167
38,167
40,167
43,167
60,167
61,167
12,168
33,168
36,168
39,168
62,168
63,168
13,169
14,169
15,169
28,169
29,169
30,169
31,169
32,169
34,169
35,169
64,169
16,170
19,170
20,170
21,170
23,170
24,170
25,170
26,170
27,170
64,170
17,171
18,171
22,171
64,171
65,172
65,173
65,174
65,175
65,176
66,177
65,178
66,179
66,180
65,181
66,182
65,183
65,184
65,185
65,186
64,187
64,188
64,189
64,190
63,191
62,192
62,193
62,194
62,195
62,196
62,197
61,198
60,199
60,200
60,201
59,202
58,203
59,204
59,205
59,206
58,207
58,208
58,209
57,210
56,211
56,212
56,213
56,214
55,215
55,216
55,217
55,218
54,219
53,220
53,221
53,222
53,223
53,224
52,225
52,226
51,227
51,228
51,229
51,230
50,231
50,232
50,233
50,234
50,235
49,236
49,237
48,238
47,239
47,240
47,241
47,242
47,243
46,244
46,245
46,246
46,247
45,248
44,249
44,250
44,251
43,252
43,253
43,254
43,255
42,256
42,257
41,258
41,259
40,260
40,261
40,262
40,263
39,264
39,265
39,266
39,267
38,268
38,269
38,270
38,271
37,272
36,273
36,274
37,275
36,276
35,277
35,278
35,279
34,280
34,281
34,282
34,283
33,284
33,285
33,286
33,287
32,288
33,289
34,290
35,291
36,291
37,292
38,292
39,292
40,292
41,293
42,293
43,293
44,293
45,294
46,294
47,294
48,294
49,295
50,295
51,295
52,295
53,296
54,296
55,296
56,296
57,297
58,298
59,298
60,298
61,298
62,298
63,298
64,299
65,300
66,300
67,300
68,300
69,301
70,301
71,301
72,301
73,302
74,302
75,302
76,302
77,303
78,303
79,303
80,303
81,303
82,304
83,304
84,304
85,304
86,305
87,305
88,305
89,305
90,306
91,306
92,306
93,306
94,307
95,307
96,308
97,308
98,309
99,309
100,309
101,309
102,310
103,310
104,310
105,311
106,312
107,313
108,313
109,313
110,314
111,315
112,315
113,316
113,317
112,318
112,319
113,320
113,321
112,322
112,323
113,324
114,325
115,326
115,327
114,328
114,329
114,330
114,331
113,332
112,333
111,334
111,335
110,336
109,337
109,338
108,339
107,340
106,341
106,342
104,343
105,343
103,344
103,345
102,346
101,347
100,348
100,349
100,350
99,351
98,352
98,353
98,354
97,355
97,356
97,357
97,358
96,359
96,360
96,361
97,362
98,363