241,0
244,0
245,0
246,0
249,0
250,0
233,1
235,1
236,1
237,1
238,1
239,1
240,1
242,1
243,1
247,1
248,1
251,1
252,1
253,1
254,1
231,2
232,2
234,2
255,2
256,2
257,2
228,3
230,3
258,3
224,4
226,4
227,4
229,4
259,4
260,4
261,4
223,5
225,5
262,5
222,6
263,6
219,7
221,7
264,7
265,7
218,8
220,8
266,8
217,9
267,9
216,10
268,10
269,10
214,11
215,11
270,11
213,12
271,12
213,13
272,13
212,14
273,14
211,15
274,15
210,16
275,16
210,17
276,17
210,18
277,18
209,19
277,19
209,20
278,20
209,21
278,21
209,22
279,22
209,23
280,23
209,24
281,24
209,25
281,25
209,26
281,26
208,27
282,27
208,28
281,28
209,29
282,29
209,30
282,30
209,31
282,31
208,32
282,32
209,33
282,33
209,34
282,34
210,35
282,35
209,36
281,36
209,37
281,37
210,38
281,38
211,39
280,39
210,40
279,40
210,41
279,41
211,42
278,42
212,43
278,43
212,44
277,44
212,45
277,45
212,46
276,46
212,47
276,47
212,48
275,48
212,49
275,49
212,50
275,50
104,51
213,51
273,51
274,51
103,52
105,52
106,52
107,52
108,52
213,52
272,52
102,53
109,53
110,53
111,53
112,53
212,53
272,53
102,54
113,54
114,54
213,54
271,54
102,55
115,55
116,55
213,55
271,55
102,56
117,56
118,56
119,56
120,56
213,56
270,56
101,57
121,57
122,57
123,57
124,57
213,57
270,57
100,58
125,58
126,58
127,58
128,58
129,58
212,58
269,58
100,59
130,59
131,59
132,59
133,59
213,59
269,59
100,60
134,60
135,60
136,60
137,60
213,60
268,60
99,61
138,61
139,61
140,61
141,61
213,61
268,61
99,62
142,62
143,62
144,62
145,62
212,62
268,62
99,63
146,63
147,63
148,63
149,63
212,63
267,63
99,64
150,64
151,64
152,64
153,64
212,64
266,64
98,65
154,65
155,65
156,65
157,65
212,65
266,65
98,66
158,66
159,66
160,66
161,66
211,66
266,66
98,67
162,67
163,67
164,67
165,67
166,67
211,67
266,67
98,68
167,68
168,68
169,68
170,68
210,68
265,68
97,69
171,69
172,69
173,69
174,69
210,69
265,69
97,70
175,70
176,70
177,70
178,70
208,70
209,70
265,70
97,71
179,71
180,71
181,71
182,71
184,71
185,71
186,71
207,71
265,71
97,72
183,72
187,72
188,72
189,72
190,72
199,72
203,72
206,72
264,72
96,73
191,73
192,73
193,73
194,73
195,73
196,73
197,73
198,73
200,73
201,73
202,73
204,73
205,73
264,73
96,74
264,74
96,75
264,75
96,76
263,76
95,77
264,77
95,78
264,78
95,79
265,79
95,80
266,80
95,81
265,81
94,82
266,82
94,83
267,83
94,84
268,84
94,85
269,85
93,86
270,86
271,86
272,86
92,87
273,87
92,88
274,88
275,88
276,88
92,89
277,89
91,90
278,90
279,90
280,90
281,90
282,90
91,91
283,91
284,91
285,91
286,91
289,91
290,91
91,92
287,92
288,92
291,92
292,92
293,92
294,92
91,93
295,93
296,93
297,93
298,93
300,93
301,93
302,93
307,93
90,94
299,94
303,94
304,94
305,94
306,94
308,94
309,94
310,94
311,94
90,95
312,95
313,95
314,95
315,95
318,95
319,95
90,96
316,96
317,96
320,96
321,96
322,96
323,96
324,96
325,96
326,96
327,96
328,96
330,96
331,96
332,96
90,97
329,97
333,97
334,97
89,98
335,98
89,99
335,99
89,100
335,100
89,101
334,101
88,102
333,102
88,103
333,103
88,104
333,104
88,105
333,105
87,106
332,106
87,107
332,107
28,108
29,108
30,108
31,108
32,108
33,108
87,108
332,108
25,109
26,109
27,109
34,109
35,109
87,109
332,109
24,110
36,110
37,110
86,110
331,110
22,111
23,111
38,111
39,111
40,111
86,111
332,111
21,112
41,112
86,112
331,112
20,113
42,113
43,113
86,113
331,113
19,114
44,114
85,114
330,114
17,115
18,115
45,115
85,115
330,115
16,116
46,116
47,116
85,116
330,116
16,117
48,117
85,117
330,117
15,118
49,118
85,118
329,118
14,119
50,119
51,119
84,119
329,119
14,120
52,120
83,120
329,120
13,121
53,121
83,121
329,121
13,122
54,122
55,122
82,122
328,122
12,123
56,123
81,123
328,123
11,124
57,124
81,124
328,124
11,125
58,125
59,125
81,125
327,125
10,126
60,126
78,126
79,126
80,126
328,126
9,127
61,127
77,127
327,127
9,128
62,128
63,128
64,128
65,128
77,128
327,128
9,129
66,129
77,129
327,129
8,130
67,130
68,130
69,130
71,130
72,130
73,130
74,130
75,130
76,130
327,130
7,131
70,131
326,131
6,132
325,132
6,133
325,133
6,134
325,134
5,135
324,135
4,136
325,136
4,137
325,137
4,138
325,138
3,139
324,139
3,140
324,140
3,141
324,141
3,142
323,142
2,143
322,143
1,144
322,144
1,145
322,145
2,146
322,146
1,147
321,147
1,148
321,148
1,149
321,149
1,150
321,150
0,151
320,151
1,152
320,152
1,153
320,153
1,154
319,154
0,155
318,155
1,156
318,156
1,157
319,157
1,158
319,158
0,159
318,159
1,160
318,160
1,161
317,161
1,162
317,162
1,163
316,163
1,164
316,164
1,165
316,165
1,166
316,166
2,167
315,167
1,168
315,168
2,169
315,169
2,170
315,170
2,171
315,171
2,172
314,172
3,173
314,173
3,174
313,174
3,175
313,175
4,176
312,176
3,177
312,177
4,178
313,178
5,179
313,179
5,180
312,180
5,181
311,181
6,182
311,182
7,183
311,183
8,184
310,184
8,185
310,185
9,186
311,186
10,187
11,187
311,187
12,188
28,188
31,188
32,188
34,188
35,188
36,188
37,188
38,188
39,188
40,188
41,188
43,188
44,188
45,188
48,188
49,188
310,188
13,189
14,189
15,189
19,189
23,189
24,189
27,189
29,189
30,189
33,189
42,189
46,189
47,189
50,189
51,189
52,189
53,189
310,189
16,190
17,190
18,190
20,190
21,190
22,190
25,190
26,190
54,190
55,190
56,190
310,190
57,191
310,191
58,192
310,192
59,193
310,193
60,194
310,194
60,195
311,195
60,196
311,196
61,197
311,197
61,198
311,198
61,199
312,199
353,199
355,199
356,199
357,199
358,199
62,200
313,200
345,200
348,200
349,200
350,200
351,200
352,200
354,200
359,200
360,200
361,200
362,200
61,201
314,201
315,201
339,201
340,201
342,201
343,201
344,201
346,201
347,201
363,201
61,202
316,202
336,202
338,202
341,202
364,202
365,202
62,203
317,203
318,203
319,203
330,203
331,203
332,203
333,203
334,203
335,203
337,203
366,203
62,204
320,204
321,204
322,204
323,204
324,204
325,204
326,204
327,204
328,204
329,204
366,204
61,205
367,205
60,206
368,206
60,207
369,207
60,208
369,208
59,209
370,209
59,210
371,210
59,211
371,211
59,212
371,212
58,213
372,213
58,214
372,214
58,215
373,215
58,216
373,216
57,217
372,217
56,218
373,218
56,219
373,219
56,220
374,220
55,221
373,221
55,222
373,222
55,223
374,223
55,224
374,224
54,225
375,225
53,226
375,226
53,227
375,227
53,228
375,228
52,229
375,229
51,230
374,230
51,231
374,231
52,232
374,232
51,233
374,233
50,234
374,234
50,235
374,235
50,236
374,236
49,237
374,237
48,238
374,238
48,239
374,239
48,240
374,240
47,241
374,241
46,242
373,242
46,243
373,243
46,244
373,244
45,245
373,245
45,246
372,246
45,247
372,247
45,248
165,248
168,248
169,248
372,248
44,249
158,249
159,249
160,249
161,249
162,249
163,249
164,249
166,249
167,249
170,249
171,249
172,249
173,249
371,249
44,250
155,250
156,250
157,250
174,250
175,250
176,250
177,250
178,250
370,250
43,251
151,251
152,251
154,251
179,251
370,251
43,252
147,252
148,252
150,252
153,252
180,252
181,252
369,252
42,253
146,253
149,253
182,253
369,253
42,254
142,254
143,254
144,254
145,254
183,254
304,254
306,254
307,254
308,254
309,254
368,254
41,255
141,255
184,255
302,255
303,255
305,255
310,255
367,255
41,256
138,256
139,256
140,256
185,256
299,256
300,256
301,256
309,256
367,256
40,257
137,257
186,257
187,257
297,257
298,257
308,257
310,257
367,257
40,258
137,258
188,258
295,258
296,258
307,258
309,258
311,258
312,258
366,258
40,259
134,259
135,259
136,259
189,259
294,259
308,259
313,259
314,259
315,259
316,259
365,259
40,260
133,260
190,260
294,260
317,260
365,260
40,261
133,261
191,261
192,261
193,261
293,261
317,261
364,261
39,262
132,262
194,262
292,262
318,262
319,262
363,262
38,263
131,263
194,263
292,263
320,263
363,263
38,264
130,264
195,264
292,264
321,264
362,264
38,265
130,265
196,265
292,265
322,265
361,265
37,266
130,266
197,266
291,266
323,266
324,266
360,266
36,267
130,267
198,267
291,267
325,267
360,267
36,268
129,268
198,268
290,268
326,268
359,268
36,269
129,269
199,269
289,269
327,269
328,269
358,269
35,270
129,270
200,270
288,270
329,270
357,270
35,271
129,271
201,271
288,271
329,271
356,271
35,272
128,272
201,272
288,272
330,272
331,272
356,272
35,273
128,273
201,273
287,273
332,273
354,273
355,273
34,274
128,274
202,274
286,274
333,274
334,274
353,274
33,275
128,275
203,275
286,275
335,275
352,275
33,276
127,276
203,276
286,276
336,276
351,276
32,277
128,277
203,277
286,277
337,277
338,277
339,277
340,277
347,277
348,277
349,277
350,277
31,278
128,278
203,278
285,278
341,278
342,278
343,278
344,278
346,278
31,279
128,279
204,279
285,279
345,279
31,280
129,280
205,280
285,280
31,281
128,281
204,281
284,281
30,282
128,282
204,282
283,282
30,283
128,283
204,283
283,283
30,284
129,284
204,284
283,284
30,285
128,285
203,285
283,285
29,286
129,286
203,286
283,286
28,287
129,287
203,287
282,287
28,288
129,288
203,288
282,288
28,289
129,289
203,289
282,289
27,290
129,290
202,290
282,290
27,291
130,291
201,291
281,291
27,292
130,292
201,292
280,292
27,293
130,293
201,293
280,293
26,294
130,294
200,294
280,294
25,295
131,295
199,295
279,295
25,296
131,296
199,296
279,296
25,297
131,297
199,297
279,297
24,298
131,298
198,298
278,298
24,299
131,299
197,299
277,299
24,300
132,300
197,300
277,300
23,301
132,301
196,301
277,301
22,302
131,302
195,302
277,302
22,303
131,303
194,303
276,303
22,304
132,304
194,304
276,304
22,305
132,305
193,305
276,305
21,306
132,306
192,306
276,306
21,307
131,307
192,307
275,307
22,308
23,308
24,308
25,308
26,308
131,308
191,308
275,308
27,309
28,309
29,309
30,309
31,309
132,309
190,309
275,309
32,310
33,310
34,310
35,310
39,310
132,310
189,310
275,310
36,311
37,311
38,311
40,311
41,311
42,311
43,311
131,311
189,311
274,311
44,312
45,312
46,312
47,312
48,312
49,312
50,312
51,312
56,312
131,312
189,312
273,312
52,313
53,313
54,313
55,313
57,313
58,313
59,313
60,313
62,313
63,313
64,313
131,313
187,313
188,313
273,313
61,314
65,314
131,314
186,314
272,314
66,315
67,315
68,315
69,315
70,315
71,315
72,315
76,315
130,315
186,315
271,315
73,316
74,316
75,316
77,316
78,316
79,316
80,316
81,316
85,316
129,316
186,316
271,316
82,317
83,317
84,317
86,317
87,317
88,317
89,317
92,317
93,317
129,317
185,317
271,317
90,318
91,318
94,318
95,318
96,318
97,318
126,318
127,318
128,318
184,318
271,318
98,319
99,319
100,319
101,319
106,319
125,319
185,319
270,319
102,320
103,320
104,320
105,320
107,320
108,320
109,320
110,320
112,320
114,320
118,320
122,320
123,320
124,320
184,320
270,320
111,321
113,321
115,321
116,321
117,321
119,321
120,321
121,321
183,321
269,321
183,322
269,322
183,323
268,323
184,324
268,324
183,325
267,325
183,326
267,326
183,327
266,327
183,328
266,328
184,329
266,329
183,330
266,330
184,331
265,331
185,332
265,332
186,333
265,333
186,334
264,334
187,335
188,335
263,335
189,336
263,336
190,337
191,337
263,337
192,338
263,338
193,339
194,339
262,339
195,340
196,340
262,340
197,341
261,341
198,342
199,342
200,342
261,342
201,343
202,343
203,343
204,343
205,343
260,343
206,344
207,344
208,344
209,344
260,344
210,345
260,345
211,346
212,346
213,346
259,346
214,347
215,347
216,347
217,347
258,347
218,348
258,348
219,349
220,349
221,349
222,349
258,349
223,350
224,350
225,350
258,350
226,351
227,351
228,351
229,351
257,351
230,352
231,352
232,352
233,352
257,352
234,353
235,353
236,353
256,353
237,354
239,354
256,354
238,355
240,355
241,355
255,355
242,356
243,356
244,356
245,356
255,356
246,357
247,357
255,357
248,358
249,358
254,358
250,359
251,359
252,359
253,359