1,0
1,1
0,2
0,3
1,4
1,5
1,6
1,7
1,8
1,9
1,10
1,11
1,12
1,13
1,14
1,15
1,16
1,17
1,18
2,19
2,20
2,21
2,22
2,23
2,24
2,25
2,26
3,27
3,28
3,29
2,30
2,31
3,32
3,33
3,34
3,35
2,36
2,37
2,38
2,39
2,40
3,41
3,42
3,43
3,44
3,45
3,46
3,47
3,48
3,49
3,50
3,51
3,52
3,53
3,54
3,55
3,56
3,57
4,58
4,59
4,60
4,61
4,62
4,63
5,64
4,65
5,66
5,67
5,68
5,69
4,70
5,71
5,72
4,73
4,74
5,75
5,76
59,76
60,76
61,76
5,77
55,77
56,77
57,77
58,77
62,77
5,78
53,78
54,78
63,78
64,78
65,78
6,79
52,79
66,79
67,79
6,80
51,80
68,80
69,80
6,81
49,81
50,81
70,81
6,82
48,82
71,82
6,83
46,83
47,83
72,83
7,84
45,84
73,84
74,84
7,85
44,85
75,85
8,86
43,86
76,86
8,87
42,87
77,87
9,88
41,88
77,88
9,89
39,89
40,89
78,89
10,90
38,90
79,90
10,91
36,91
37,91
79,91
11,92
35,92
80,92
12,93
33,93
34,93
80,93
13,94
30,94
31,94
32,94
81,94
14,95
15,95
26,95
27,95
28,95
29,95
81,95
16,96
17,96
18,96
19,96
20,96
21,96
22,96
23,96
24,96
25,96
82,96
82,97
82,98
83,99
83,100
84,101
84,102
84,103
83,104
84,105
84,106
84,107
84,108
84,109
85,110
85,111
85,112
85,113
85,114
85,115
85,116
85,117
85,118
85,119
85,120
85,121
85,122
85,123
85,124
85,125
85,126
85,127
85,128
85,129
85,130
85,131
85,132
85,133
85,134
85,135
85,136
85,137
84,138
83,139
83,140
83,141
83,142
82,143
82,144
82,145
82,146
81,147
81,148
81,149
18,150
19,150
20,150
21,150
22,150
24,150
25,150
81,150
16,151
17,151
23,151
26,151
80,151
15,152
27,152
28,152
80,152
13,153
14,153
29,153
30,153
79,153
12,154
31,154
32,154
79,154
12,155
33,155
34,155
78,155
11,156
35,156
78,156
11,157
36,157
77,157
10,158
37,158
38,158
77,158
9,159
39,159
76,159
9,160
40,160
41,160
75,160
9,161
42,161
74,161
8,162
43,162
73,162
8,163
44,163
73,163
8,164
45,164
46,164
71,164
72,164
8,165
47,165
70,165
7,166
48,166
49,166
69,166
7,167
50,167
51,167
52,167
68,167
7,168
53,168
66,168
67,168
7,169
54,169
55,169
56,169
57,169
58,169
59,169
63,169
64,169
65,169
6,170
60,170
61,170
62,170
5,171
5,172
5,173
5,174
5,175
5,176
5,177
4,178
4,179
4,180
4,181
4,182
4,183
4,184
4,185
4,186
4,187
3,188
3,189
3,190
3,191
3,192
3,193
3,194
3,195
3,196
3,197
3,198
3,199
3,200
2,201
2,202
2,203
1,204
1,205
2,206
1,207
1,208
1,209
1,210
1,211
1,212
1,213
1,214
0,215
0,216
1,217
1,218
1,219
0,220
0,221
0,222
0,223
0,224
0,225
0,226
0,227
0,228
0,229
0,230
0,231
0,232
0,233
0,234
0,235
0,236
0,237
1,238