6,0
7,1
6,2
5,3
4,4
4,5
4,6
4,7
4,8
3,9
3,10
3,11
3,12
3,13
3,14
3,15
3,16
3,17
3,18
3,19
3,20
3,21
3,22
3,23
3,24
3,25
3,26
3,27
2,28
2,29
2,30
2,31
2,32
2,33
1,34
1,35
1,36
1,37
1,38
1,39
1,40
1,41
1,42
1,43
2,44
2,45
1,46
1,47
1,48
1,49
1,50
1,51
0,52
0,53
0,54
0,55
0,56
0,57
0,58
0,59
0,60
0,61
0,62
0,63
0,64
0,65
0,66
0,67
0,68
0,69
48,69
49,69
50,69
51,69
52,69
53,69
54,69
0,70
43,70
46,70
47,70
55,70
0,71
42,71
44,71
45,71
56,71
57,71
1,72
42,72
58,72
59,72
1,73
41,73
60,73
61,73
1,74
40,74
62,74
2,75
37,75
39,75
62,75
2,76
34,76
35,76
36,76
38,76
63,76
64,76
2,77
33,77
65,77
1,78
32,78
65,78
2,79
31,79
66,79
3,80
29,80
30,80
67,80
3,81
28,81
68,81
4,82
26,82
27,82
68,82
5,83
24,83
25,83
69,83
6,84
23,84
69,84
7,85
8,85
9,85
10,85
11,85
12,85
13,85
19,85
20,85
21,85
22,85
70,85
14,86
15,86
16,86
17,86
18,86
70,86
70,87
71,88
72,89
72,90
73,91
73,92
73,93
73,94
74,95
74,96
74,97
74,98
74,99
75,100
74,101
75,102
75,103
75,104
75,105
75,106
75,107
75,108
75,109
75,110
75,111
75,112
76,113
76,114
76,115
76,116
76,117
76,118
76,119
76,120
76,121
76,122
76,123
77,124
76,125
76,126
76,127
76,128
75,129
75,130
75,131
75,132
75,133
75,134
75,135
75,136
75,137
75,138
74,139
74,140
74,141
74,142
74,143
73,144
73,145
72,146
71,147
71,148
70,149
11,150
12,150
13,150
14,150
18,150
19,150
70,150
10,151
15,151
16,151
17,151
20,151
21,151
22,151
23,151
24,151
25,151
70,151
9,152
26,152
27,152
28,152
69,152
8,153
29,153
68,153
8,154
30,154
31,154
67,154
8,155
32,155
66,155
7,156
33,156
34,156
35,156
63,156
64,156
65,156
6,157
36,157
62,157
6,158
37,158
62,158
5,159
38,159
39,159
62,159
6,160
40,160
61,160
5,161
40,161
60,161
6,162
41,162
42,162
43,162
59,162
6,163
44,163
45,163
46,163
47,163
55,163
56,163
57,163
58,163
7,164
48,164
49,164
50,164
53,164
54,164
5,165
6,165
51,165
52,165
4,166
4,167
4,168
4,169
3,170
2,171
2,172
2,173
3,174
3,175
3,176
3,177
3,178
3,179
3,180
3,181
4,182
4,183
4,184
4,185
4,186
4,187
4,188
4,189
5,190
5,191
5,192
5,193
5,194
4,195
4,196
4,197
4,198
4,199
5,200
5,201
5,202
5,203
5,204
5,205
5,206
5,207
6,208
6,209
6,210
6,211
6,212
6,213
6,214
6,215
6,216
6,217
7,218
6,219
6,220
6,221
6,222
6,223