13,0
14,0
18,0
19,0
12,1
15,1
16,1
17,1
20,1
21,1
22,1
23,1
24,1
31,1
32,1
33,1
34,1
35,1
11,2
25,2
26,2
27,2
28,2
29,2
30,2
36,2
37,2
38,2
39,2
40,2
41,2
42,2
43,2
44,2
45,2
46,2
47,2
48,2
49,2
50,2
51,2
10,3
52,3
53,3
54,3
55,3
56,3
57,3
58,3
59,3
60,3
61,3
62,3
63,3
64,3
65,3
66,3
67,3
79,3
80,3
81,3
82,3
83,3
10,4
68,4
69,4
70,4
71,4
72,4
73,4
74,4
75,4
76,4
77,4
78,4
84,4
85,4
86,4
87,4
88,4
89,4
90,4
91,4
92,4
93,4
94,4
95,4
96,4
97,4
98,4
99,4
10,5
100,5
101,5
102,5
103,5
104,5
105,5
106,5
107,5
108,5
109,5
110,5
111,5
112,5
113,5
114,5
115,5
128,5
129,5
10,6
116,6
117,6
118,6
119,6
120,6
121,6
122,6
123,6
124,6
125,6
126,6
127,6
130,6
131,6
10,7
132,7
133,7
134,7
135,7
136,7
137,7
138,7
139,7
140,7
141,7
142,7
143,7
144,7
145,7
146,7
10,8
147,8
148,8
149,8
150,8
151,8
10,9
152,9
153,9
154,9
155,9
10,10
156,10
157,10
158,10
159,10
10,11
160,11
10,12
161,12
250,12
251,12
252,12
253,12
254,12
255,12
256,12
257,12
258,12
10,13
162,13
241,13
242,13
244,13
245,13
246,13
247,13
248,13
249,13
259,13
262,13
263,13
10,14
163,14
239,14
240,14
243,14
260,14
261,14
264,14
265,14
266,14
267,14
268,14
269,14
270,14
271,14
272,14
273,14
274,14
10,15
164,15
238,15
275,15
10,16
164,16
237,16
276,16
277,16
278,16
279,16
280,16
281,16
282,16
283,16
284,16
285,16
286,16
287,16
288,16
10,17
165,17
236,17
289,17
291,17
10,18
166,18
235,18
290,18
292,18
293,18
294,18
295,18
296,18
297,18
298,18
9,19
166,19
234,19
299,19
300,19
301,19
302,19
303,19
304,19
305,19
9,20
166,20
234,20
306,20
307,20
308,20
309,20
310,20
311,20
312,20
313,20
314,20
315,20
9,21
166,21
233,21
316,21
317,21
318,21
319,21
320,21
321,21
9,22
166,22
233,22
322,22
323,22
324,22
8,23
166,23
233,23
325,23
326,23
327,23
328,23
329,23
8,24
165,24
233,24
330,24
331,24
8,25
165,25
233,25
332,25
8,26
165,26
232,26
331,26
8,27
164,27
233,27
331,27
8,28
164,28
233,28
331,28
8,29
164,29
233,29
330,29
8,30
163,30
233,30
329,30
8,31
163,31
233,31
329,31
8,32
162,32
234,32
329,32
8,33
161,33
234,33
329,33
8,34
160,34
235,34
329,34
7,35
160,35
235,35
329,35
7,36
159,36
235,36
329,36
7,37
159,37
236,37
329,37
7,38
157,38
158,38
236,38
329,38
7,39
156,39
237,39
329,39
7,40
155,40
237,40
329,40
7,41
154,41
238,41
329,41
7,42
154,42
238,42
329,42
7,43
153,43
239,43
329,43
7,44
152,44
239,44
329,44
7,45
151,45
240,45
328,45
6,46
151,46
241,46
328,46
6,47
151,47
241,47
328,47
6,48
151,48
242,48
328,48
6,49
150,49
243,49
328,49
7,50
149,50
244,50
328,50
6,51
148,51
244,51
328,51
5,52
148,52
244,52
328,52
5,53
148,53
245,53
329,53
5,54
148,54
246,54
329,54
5,55
147,55
246,55
329,55
6,56
148,56
246,56
329,56
5,57
147,57
246,57
329,57
5,58
148,58
246,58
329,58
5,59
149,59
247,59
329,59
6,60
148,60
247,60
329,60
5,61
148,61
247,61
328,61
5,62
149,62
246,62
328,62
5,63
150,63
246,63
328,63
5,64
150,64
246,64
328,64
5,65
151,65
246,65
328,65
5,66
152,66
246,66
328,66
4,67
153,67
245,67
328,67
4,68
154,68
245,68
328,68
4,69
155,69
244,69
328,69
5,70
156,70
244,70
328,70
4,71
156,71
243,71
328,71
4,72
157,72
242,72
328,72
4,73
158,73
240,73
241,73
328,73
4,74
159,74
238,74
239,74
328,74
4,75
160,75
237,75
328,75
4,76
161,76
162,76
236,76
328,76
5,77
163,77
164,77
235,77
327,77
5,78
165,78
166,78
167,78
168,78
233,78
234,78
328,78
5,79
169,79
170,79
171,79
172,79
173,79
232,79
328,79
5,80
61,80
62,80
63,80
64,80
65,80
174,80
175,80
176,80
230,80
231,80
328,80
5,81
58,81
59,81
60,81
66,81
177,81
224,81
227,81
228,81
229,81
328,81
6,82
49,82
53,82
54,82
55,82
56,82
57,82
67,82
68,82
178,82
179,82
180,82
181,82
182,82
183,82
184,82
220,82
221,82
222,82
223,82
225,82
226,82
328,82
5,83
46,83
47,83
48,83
50,83
51,83
52,83
69,83
70,83
71,83
185,83
186,83
187,83
188,83
189,83
190,83
191,83
192,83
206,83
207,83
208,83
214,83
215,83
216,83
217,83
218,83
219,83
329,83
5,84
45,84
72,84
193,84
194,84
195,84
196,84
197,84
198,84
199,84
200,84
201,84
202,84
203,84
204,84
205,84
209,84
210,84
211,84
212,84
213,84
329,84
5,85
44,85
73,85
329,85
5,86
43,86
74,86
330,86
6,87
42,87
74,87
330,87
6,88
39,88
40,88
41,88
75,88
330,88
6,89
37,89
38,89
76,89
331,89
7,90
35,90
36,90
77,90
331,90
8,91
31,91
32,91
33,91
34,91
78,91
331,91
9,92
29,92
30,92
79,92
332,92
10,93
27,93
28,93
79,93
332,93
378,93
379,93
380,93
381,93
382,93
383,93
11,94
12,94
13,94
14,94
15,94
25,94
26,94
79,94
333,94
372,94
373,94
374,94
375,94
376,94
377,94
384,94
385,94
386,94
387,94
388,94
389,94
390,94
16,95
21,95
22,95
23,95
24,95
79,95
333,95
366,95
367,95
368,95
369,95
370,95
371,95
391,95
17,96
18,96
19,96
20,96
80,96
334,96
364,96
365,96
392,96
81,97
335,97
361,97
362,97
363,97
393,97
394,97
81,98
335,98
360,98
395,98
82,99
336,99
337,99
356,99
357,99
358,99
359,99
395,99
83,100
338,100
339,100
340,100
350,100
351,100
353,100
354,100
355,100
396,100
82,101
341,101
342,101
343,101
344,101
345,101
346,101
347,101
348,101
349,101
352,101
397,101
82,102
398,102
83,103
398,103
83,104
399,104
83,105
399,105
83,106
400,106
84,107
401,107
84,108
401,108
84,109
402,109
85,110
403,110
86,111
402,111
86,112
402,112
86,113
403,113
86,114
403,114
86,115
404,115
86,116
404,116
86,117
404,117
86,118
405,118
86,119
406,119
86,120
406,120
85,121
406,121
85,122
406,122
85,123
407,123
85,124
407,124
85,125
407,125
84,126
407,126
83,127
407,127
83,128
407,128
83,129
407,129
83,130
407,130
83,131
407,131
82,132
407,132
81,133
407,133
80,134
406,134
79,135
406,135
79,136
406,136
10,137
11,137
12,137
13,137
14,137
15,137
79,137
406,137
8,138
9,138
16,138
17,138
18,138
19,138
20,138
21,138
22,138
23,138
78,138
406,138
7,139
24,139
78,139
406,139
6,140
25,140
26,140
27,140
77,140
406,140
5,141
28,141
29,141
30,141
77,141
405,141
5,142
31,142
76,142
405,142
4,143
32,143
75,143
404,143
4,144
33,144
74,144
403,144
4,145
34,145
35,145
36,145
74,145
403,145
3,146
37,146
73,146
402,146
2,147
38,147
71,147
72,147
402,147
2,148
39,148
67,148
68,148
69,148
70,148
401,148
2,149
40,149
41,149
42,149
65,149
66,149
401,149
1,150
43,150
44,150
45,150
64,150
401,150
1,151
46,151
63,151
400,151
1,152
47,152
62,152
400,152
1,153
48,153
49,153
53,153
54,153
55,153
61,153
399,153
1,154
50,154
51,154
52,154
56,154
57,154
58,154
59,154
60,154
339,154
340,154
341,154
398,154
0,155
332,155
333,155
335,155
336,155
337,155
338,155
342,155
343,155
344,155
345,155
346,155
347,155
348,155
349,155
397,155
1,156
173,156
174,156
176,156
177,156
178,156
179,156
180,156
181,156
182,156
183,156
184,156
185,156
186,156
187,156
188,156
189,156
190,156
330,156
331,156
334,156
350,156
396,156
1,157
171,157
172,157
175,157
191,157
329,157
350,157
395,157
1,158
166,158
167,158
168,158
169,158
170,158
192,158
193,158
328,158
351,158
352,158
353,158
354,158
394,158
1,159
164,159
165,159
194,159
328,159
355,159
356,159
393,159
1,160
162,160
163,160
195,160
196,160
197,160
198,160
199,160
200,160
201,160
327,160
357,160
358,160
359,160
392,160
1,161
158,161
160,161
161,161
202,161
203,161
204,161
326,161
360,161
361,161
362,161
391,161
0,162
157,162
159,162
205,162
325,162
363,162
364,162
365,162
390,162
0,163
156,163
206,163
325,163
366,163
388,163
389,163
0,164
154,164
155,164
207,164
208,164
209,164
325,164
367,164
368,164
369,164
387,164
0,165
153,165
210,165
211,165
325,165
370,165
371,165
372,165
373,165
374,165
386,165
1,166
151,166
152,166
212,166
324,166
375,166
376,166
377,166
378,166
379,166
380,166
383,166
384,166
385,166
1,167
150,167
213,167
214,167
324,167
381,167
382,167
1,168
150,168
215,168
323,168
1,169
149,169
216,169
323,169
1,170
149,170
217,170
323,170
1,171
148,171
218,171
322,171
2,172
148,172
218,172
321,172
2,173
148,173
219,173
220,173
321,173
2,174
148,174
221,174
320,174
2,175
148,175
221,175
320,175
2,176
148,176
222,176
320,176
2,177
148,177
222,177
320,177
2,178
148,178
223,178
320,178
2,179
148,179
224,179
320,179
2,180
148,180
224,180
319,180
2,181
149,181
224,181
319,181
2,182
149,182
224,182
319,182
3,183
148,183
225,183
319,183
3,184
149,184
226,184
319,184
3,185
149,185
225,185
319,185
3,186
149,186
225,186
319,186
3,187
149,187
226,187
318,187
3,188
150,188
226,188
317,188
4,189
151,189
226,189
317,189
4,190
151,190
226,190
317,190
5,191
152,191
226,191
317,191
4,192
152,192
225,192
317,192
5,193
153,193
225,193
317,193
4,194
153,194
225,194
316,194
4,195
154,195
224,195
316,195
4,196
154,196
224,196
316,196
4,197
155,197
223,197
316,197
4,198
156,198
223,198
316,198
5,199
155,199
222,199
315,199
5,200
155,200
222,200
315,200
5,201
156,201
220,201
221,201
315,201
5,202
156,202
219,202
315,202
6,203
156,203
219,203
315,203
6,204
157,204
218,204
314,204
6,205
158,205
218,205
314,205
6,206
158,206
217,206
314,206
6,207
158,207
217,207
313,207
6,208
158,208
216,208
313,208
6,209
159,209
216,209
313,209
5,210
159,210
215,210
313,210
6,211
160,211
214,211
313,211
6,212
160,212
214,212
312,212
6,213
161,213
214,213
312,213
7,214
162,214
213,214
312,214
7,215
161,215
213,215
312,215
7,216
161,216
212,216
312,216
7,217
161,217
212,217
312,217
7,218
162,218
212,218
312,218
8,219
162,219
212,219
311,219
8,220
162,220
212,220
310,220
8,221
162,221
212,221
310,221
9,222
162,222
212,222
310,222
9,223
162,223
212,223
310,223
9,224
163,224
213,224
310,224
9,225
162,225
213,225
310,225
8,226
162,226
214,226
215,226
310,226
8,227
162,227
216,227
217,227
310,227
9,228
161,228
218,228
219,228
310,228
9,229
161,229
220,229
310,229
9,230
159,230
160,230
221,230
222,230
223,230
224,230
235,230
281,230
282,230
283,230
306,230
307,230
308,230
309,230
10,231
155,231
157,231
158,231
225,231
226,231
227,231
228,231
229,231
230,231
231,231
232,231
233,231
234,231
236,231
237,231
238,231
239,231
240,231
241,231
242,231
243,231
244,231
245,231
246,231
247,231
248,231
249,231
250,231
251,231
253,231
254,231
255,231
256,231
257,231
258,231
259,231
260,231
261,231
262,231
263,231
264,231
265,231
266,231
267,231
270,231
271,231
272,231
273,231
274,231
275,231
276,231
277,231
278,231
279,231
280,231
284,231
285,231
286,231
287,231
288,231
289,231
290,231
291,231
292,231
293,231
294,231
295,231
296,231
297,231
298,231
299,231
301,231
302,231
303,231
304,231
305,231
9,232
151,232
152,232
153,232
154,232
156,232
252,232
268,232
269,232
300,232
9,233
60,233
75,233
76,233
88,233
89,233
90,233
91,233
92,233
101,233
102,233
103,233
104,233
105,233
106,233
107,233
116,233
117,233
118,233
119,233
120,233
121,233
122,233
123,233
135,233
136,233
137,233
138,233
139,233
146,233
147,233
148,233
149,233
150,233
10,234
11,234
12,234
22,234
23,234
24,234
25,234
26,234
27,234
28,234
33,234
34,234
35,234
36,234
37,234
38,234
39,234
40,234
41,234
42,234
43,234
44,234
46,234
47,234
48,234
49,234
50,234
51,234
52,234
53,234
54,234
55,234
56,234
57,234
58,234
59,234
61,234
62,234
63,234
65,234
66,234
67,234
68,234
69,234
70,234
71,234
72,234
73,234
74,234
77,234
78,234
79,234
80,234
81,234
82,234
83,234
84,234
85,234
86,234
87,234
93,234
94,234
95,234
96,234
97,234
98,234
99,234
100,234
108,234
109,234
110,234
111,234
112,234
113,234
114,234
115,234
124,234
125,234
126,234
127,234
128,234
129,234
130,234
131,234
132,234
133,234
134,234
140,234
141,234
142,234
143,234
144,234
145,234
13,235
14,235
15,235
16,235
17,235
18,235
19,235
20,235
21,235
29,235
30,235
31,235
32,235
45,235
64,235