1,0
2,0
3,0
4,0
5,0
6,0
0,1
7,1
0,2
7,2
0,3
7,3
0,4
7,4
0,5
7,5
0,6
7,6
0,7
7,7
0,8
7,8
0,9
7,9
0,10
7,10
0,11
7,11
0,12
7,12
0,13
7,13
1,14
8,14
1,15
8,15
1,16
8,16
1,17
8,17
1,18
8,18
1,19
8,19
1,20
8,20
1,21
8,21
1,22
8,22
1,23
8,23
1,24
8,24
1,25
8,25
1,26
8,26
1,27
8,27
1,28
8,28
1,29
8,29
1,30
8,30
1,31
8,31
1,32
8,32
1,33
8,33
1,34
8,34
1,35
8,35
1,36
8,36
1,37
8,37
2,38
9,38
2,39
9,39
2,40
9,40
2,41
9,41
2,42
9,42
2,43
9,43
2,44
9,44
2,45
9,45
2,46
9,46
2,47
9,47
2,48
9,48
2,49
9,49
2,50
9,50
2,51
9,51
2,52
9,52
2,53
9,53
2,54
9,54
2,55
9,55
2,56
9,56
2,57
9,57
2,58
9,58
2,59
9,59
2,60
9,60
2,61
9,61
3,62
10,62
3,63
10,63
3,64
10,64
3,65
10,65
3,66
10,66
3,67
10,67
3,68
10,68
3,69
10,69
3,70
10,70
3,71
10,71
3,72
10,72
3,73
10,73
3,74
10,74
3,75
10,75
2,76
11,76
3,77
4,77
5,77
6,77
7,77
8,77
9,77
10,77