3,0
3,1
3,2
4,3
4,4
4,5
4,6
4,7
4,8
4,9
4,10
3,11
3,12
3,13
3,14
3,15
3,16
3,17
3,18
3,19
3,20
3,21
3,22
3,23
3,24
3,25
3,26
3,27
3,28
3,29
3,30
3,31
3,32
3,33
3,34
2,35
2,36
2,37
2,38
2,39
2,40
2,41
2,42
2,43
2,44
2,45
2,46
2,47
2,48
2,49
2,50
2,51
2,52
2,53
3,54
3,55
3,56
3,57
3,58
2,59
2,60
2,61
1,62
1,63
1,64
1,65
1,66
1,67
1,68
1,69
1,70
1,71
1,72
1,73
2,74
2,75
1,76
1,77
1,78
1,79
2,80
2,81
1,82
0,83
0,84
0,85
0,86
55,86
56,86
57,86
58,86
59,86
60,86
61,86
1,87
54,87
62,87
1,88
51,88
52,88
53,88
63,88
1,89
46,89
47,89
48,89
49,89
50,89
63,89
1,90
45,90
64,90
1,91
43,91
44,91
65,91
1,92
40,92
41,92
42,92
66,92
1,93
39,93
67,93
1,94
39,94
68,94
2,95
38,95
69,95
2,96
36,96
37,96
69,96
2,97
35,97
70,97
71,97
3,98
35,98
72,98
3,99
34,99
73,99
3,100
33,100
73,100
4,101
32,101
74,101
4,102
29,102
30,102
31,102
74,102
5,103
27,103
28,103
74,103
6,104
26,104
75,104
7,105
23,105
24,105
25,105
75,105
8,106
21,106
22,106
76,106
9,107
10,107
11,107
12,107
13,107
14,107
15,107
16,107
17,107
20,107
76,107
18,108
19,108
75,108
76,109
76,110
77,111
77,112
77,113
77,114
78,115
78,116
78,117
78,118
79,119
79,120
79,121
79,122
79,123
79,124
79,125
80,126
80,127
80,128
80,129
80,130
80,131
79,132
79,133
79,134
79,135
79,136
79,137
79,138
79,139
79,140
79,141
79,142
79,143
79,144
79,145
79,146
79,147
79,148
79,149
78,150
78,151
79,152
78,153
78,154
78,155
77,156
77,157
15,158
16,158
76,158
13,159
14,159
17,159
18,159
19,159
76,159
11,160
12,160
20,160
21,160
22,160
23,160
76,160
10,161
24,161
25,161
26,161
76,161
10,162
27,162
76,162
9,163
28,163
29,163
75,163
8,164
30,164
31,164
32,164
74,164
7,165
33,165
74,165
6,166
34,166
74,166
6,167
35,167
73,167
6,168
36,168
37,168
72,168
6,169
38,169
72,169
6,170
39,170
71,170
5,171
39,171
71,171
5,172
40,172
70,172
5,173
41,173
69,173
5,174
42,174
68,174
5,175
43,175
44,175
67,175
5,176
45,176
46,176
66,176
5,177
47,177
63,177
65,177
4,178
48,178
49,178
60,178
61,178
62,178
64,178
4,179
50,179
51,179
52,179
53,179
54,179
55,179
56,179
57,179
58,179
59,179
4,180
3,181
3,182
3,183
3,184
3,185
3,186
3,187
3,188
3,189
3,190
3,191
3,192
3,193
3,194
3,195
3,196
3,197
3,198
3,199
3,200
3,201
3,202
2,203
2,204
2,205
2,206
2,207
3,208
2,209
2,210
2,211
2,212
2,213
2,214
2,215
2,216
2,217
3,218
3,219
3,220
3,221
3,222
3,223
3,224
3,225
2,226
2,227
2,228
2,229
2,230
2,231
2,232
2,233
2,234
2,235
2,236
2,237
2,238
2,239
2,240
2,241
2,242
2,243
3,244
3,245
3,246
3,247
3,248
3,249
2,250
2,251
3,252