88,0
89,0
90,0
91,0
92,0
93,0
94,0
95,0
96,0
97,0
98,0
99,0
100,0
101,0
102,0
103,0
104,0
105,0
106,0
86,1
87,1
107,1
108,1
109,1
110,1
111,1
112,1
113,1
114,1
115,1
116,1
117,1
118,1
85,2
119,2
120,2
125,2
84,3
121,3
122,3
123,3
124,3
126,3
127,3
128,3
129,3
130,3
131,3
132,3
133,3
134,3
135,3
136,3
137,3
138,3
139,3
140,3
84,4
141,4
142,4
143,4
144,4
145,4
146,4
147,4
148,4
149,4
150,4
151,4
152,4
153,4
154,4
84,5
155,5
156,5
157,5
158,5
159,5
162,5
163,5
164,5
85,6
160,6
161,6
165,6
166,6
167,6
168,6
169,6
170,6
171,6
172,6
173,6
174,6
175,6
176,6
177,6
273,6
276,6
277,6
278,6
279,6
280,6
281,6
282,6
283,6
284,6
285,6
286,6
287,6
288,6
289,6
310,6
311,6
312,6
313,6
314,6
315,6
316,6
317,6
318,6
319,6
320,6
321,6
322,6
323,6
324,6
85,7
178,7
179,7
180,7
181,7
182,7
263,7
264,7
265,7
266,7
267,7
268,7
269,7
270,7
271,7
272,7
274,7
275,7
290,7
292,7
293,7
294,7
295,7
296,7
297,7
298,7
299,7
300,7
301,7
302,7
303,7
304,7
305,7
306,7
307,7
308,7
309,7
325,7
326,7
327,7
328,7
329,7
330,7
331,7
332,7
333,7
334,7
335,7
336,7
337,7
338,7
85,8
183,8
184,8
256,8
259,8
260,8
261,8
262,8
291,8
339,8
85,9
185,9
186,9
254,9
255,9
257,9
258,9
340,9
85,10
187,10
188,10
253,10
340,10
84,11
189,11
190,11
251,11
252,11
340,11
84,12
191,12
250,12
340,12
84,13
191,13
249,13
340,13
85,14
191,14
248,14
340,14
85,15
192,15
193,15
248,15
340,15
85,16
194,16
248,16
340,16
85,17
194,17
248,17
340,17
85,18
194,18
248,18
340,18
86,19
194,19
247,19
340,19
86,20
195,20
247,20
340,20
86,21
195,21
248,21
340,21
85,22
195,22
248,22
340,22
86,23
195,23
248,23
340,23
86,24
195,24
248,24
340,24
86,25
195,25
248,25
340,25
86,26
195,26
248,26
340,26
85,27
195,27
249,27
340,27
85,28
194,28
249,28
339,28
85,29
194,29
248,29
339,29
85,30
193,30
248,30
339,30
85,31
192,31
249,31
338,31
86,32
192,32
250,32
338,32
86,33
193,33
251,33
338,33
86,34
192,34
252,34
338,34
86,35
191,35
252,35
338,35
86,36
191,36
253,36
338,36
86,37
191,37
254,37
338,37
86,38
190,38
255,38
338,38
86,39
190,39
256,39
338,39
86,40
189,40
256,40
338,40
87,41
189,41
257,41
338,41
87,42
187,42
188,42
257,42
338,42
86,43
186,43
258,43
338,43
86,44
185,44
259,44
338,44
86,45
184,45
260,45
337,45
86,46
183,46
261,46
337,46
86,47
183,47
262,47
338,47
87,48
182,48
262,48
338,48
87,49
181,49
263,49
337,49
87,50
180,50
264,50
337,50
87,51
180,51
265,51
337,51
87,52
180,52
266,52
337,52
87,53
180,53
266,53
337,53
86,54
179,54
267,54
337,54
86,55
178,55
267,55
337,55
22,56
23,56
24,56
25,56
26,56
27,56
28,56
29,56
30,56
31,56
32,56
33,56
86,56
178,56
268,56
337,56
21,57
34,57
35,57
36,57
37,57
38,57
39,57
86,57
177,57
268,57
337,57
16,58
17,58
19,58
20,58
40,58
86,58
177,58
269,58
337,58
15,59
18,59
41,59
42,59
43,59
86,59
177,59
269,59
336,59
13,60
14,60
44,60
86,60
177,60
269,60
337,60
12,61
45,61
46,61
85,61
177,61
270,61
336,61
11,62
47,62
48,62
84,62
176,62
270,62
336,62
10,63
49,63
50,63
84,63
176,63
270,63
336,63
9,64
51,64
84,64
176,64
269,64
336,64
9,65
52,65
83,65
177,65
268,65
335,65
8,66
53,66
54,66
83,66
177,66
267,66
335,66
7,67
55,67
56,67
83,67
177,67
267,67
335,67
7,68
57,68
58,68
82,68
178,68
267,68
335,68
6,69
59,69
60,69
61,69
80,69
81,69
179,69
266,69
335,69
5,70
62,70
63,70
79,70
180,70
265,70
335,70
5,71
64,71
65,71
66,71
67,71
68,71
77,71
78,71
181,71
264,71
335,71
4,72
69,72
70,72
75,72
76,72
182,72
263,72
335,72
3,73
71,73
72,73
73,73
74,73
182,73
262,73
335,73
3,74
183,74
262,74
335,74
4,75
184,75
261,75
335,75
4,76
185,76
260,76
335,76
3,77
186,77
258,77
259,77
335,77
2,78
187,78
254,78
255,78
256,78
257,78
335,78
3,79
188,79
189,79
253,79
334,79
3,80
190,80
191,80
249,80
250,80
251,80
252,80
334,80
2,81
192,81
193,81
194,81
247,81
248,81
334,81
2,82
195,82
196,82
197,82
198,82
199,82
245,82
246,82
334,82
2,83
200,83
201,83
202,83
203,83
239,83
240,83
241,83
242,83
243,83
244,83
334,83
1,84
204,84
205,84
206,84
207,84
208,84
209,84
210,84
211,84
236,84
237,84
238,84
334,84
1,85
212,85
213,85
214,85
215,85
216,85
217,85
218,85
219,85
220,85
221,85
222,85
223,85
224,85
225,85
226,85
227,85
228,85
229,85
230,85
231,85
232,85
233,85
234,85
235,85
334,85
1,86
333,86
1,87
333,87
1,88
333,88
0,89
334,89
1,90
333,90
1,91
333,91
2,92
333,92
2,93
333,93
1,94
333,94
2,95
333,95
2,96
333,96
2,97
333,97
3,98
333,98
3,99
332,99
3,100
331,100
4,101
331,101
4,102
331,102
5,103
331,103
5,104
331,104
6,105
331,105
6,106
331,106
7,107
331,107
7,108
331,108
8,109
331,109
8,110
331,110
9,111
331,111
382,111
383,111
384,111
385,111
386,111
387,111
388,111
389,111
390,111
10,112
332,112
378,112
379,112
380,112
381,112
391,112
10,113
332,113
377,113
392,113
393,113
394,113
395,113
11,114
332,114
374,114
375,114
376,114
396,114
397,114
12,115
332,115
372,115
373,115
398,115
13,116
74,116
75,116
76,116
77,116
332,116
370,116
371,116
399,116
400,116
13,117
70,117
71,117
72,117
73,117
78,117
79,117
332,117
368,117
369,117
401,117
14,118
68,118
69,118
80,118
81,118
332,118
366,118
367,118
402,118
15,119
67,119
82,119
332,119
365,119
403,119
15,120
64,120
65,120
66,120
83,120
333,120
364,120
404,120
16,121
62,121
63,121
83,121
333,121
362,121
363,121
404,121
17,122
60,122
61,122
84,122
333,122
360,122
361,122
405,122
18,123
58,123
59,123
84,123
334,123
357,123
358,123
359,123
406,123
19,124
20,124
57,124
85,124
335,124
336,124
353,124
354,124
355,124
356,124
407,124
21,125
55,125
56,125
85,125
337,125
338,125
351,125
352,125
407,125
22,126
23,126
50,126
53,126
54,126
85,126
339,126
340,126
341,126
342,126
343,126
344,126
349,126
350,126
407,126
24,127
25,127
26,127
48,127
49,127
51,127
52,127
86,127
345,127
346,127
347,127
348,127
408,127
27,128
28,128
29,128
42,128
43,128
44,128
45,128
46,128
47,128
86,128
409,128
30,129
31,129
32,129
33,129
34,129
35,129
36,129
37,129
38,129
39,129
40,129
41,129
85,129
409,129
85,130
410,130
86,131
411,131
86,132
411,132
86,133
412,133
86,134
411,134
86,135
411,135
86,136
412,136
86,137
412,137
86,138
413,138
87,139
414,139
87,140
414,140
87,141
413,141
87,142
413,142
87,143
413,143
87,144
414,144
87,145
413,145
87,146
414,146
87,147
414,147
87,148
414,148
87,149
414,149
86,150
414,150
86,151
414,151
86,152
414,152
86,153
413,153
86,154
413,154
86,155
413,155
86,156
412,156
86,157
412,157
86,158
412,158
86,159
411,159
86,160
410,160
86,161
410,161
86,162
410,162
85,163
410,163
85,164
409,164
85,165
408,165
85,166
408,166
85,167
407,167
85,168
344,168
345,168
346,168
347,168
348,168
406,168
85,169
343,169
349,169
350,169
351,169
352,169
405,169
85,170
342,170
353,170
354,170
355,170
405,170
85,171
341,171
356,171
404,171
84,172
340,172
357,172
404,172
85,173
339,173
358,173
403,173
85,174
338,174
359,174
360,174
402,174
85,175
338,175
361,175
362,175
401,175
85,176
337,176
363,176
364,176
365,176
399,176
400,176
85,177
336,177
366,177
367,177
398,177
84,178
336,178
368,178
397,178
85,179
336,179
369,179
395,179
396,179
85,180
336,180
370,180
371,180
393,180
394,180
85,181
335,181
372,181
373,181
392,181
85,182
335,182
374,182
375,182
387,182
388,182
389,182
390,182
391,182
84,183
335,183
376,183
377,183
378,183
379,183
380,183
381,183
382,183
383,183
384,183
385,183
386,183
84,184
335,184
84,185
335,185
85,186
334,186
84,187
334,187
85,188
334,188
85,189
335,189
84,190
335,190
84,191
334,191
84,192
334,192
84,193
334,193
84,194
334,194
84,195
334,195
84,196
334,196
83,197
334,197
83,198
334,198
83,199
334,199
83,200
334,200
83,201
333,201
83,202
333,202
83,203
333,203
83,204
334,204
83,205
334,205
83,206
334,206
83,207
333,207
83,208
333,208
83,209
333,209
83,210
333,210
83,211
333,211
83,212
334,212
83,213
334,213
83,214
334,214
83,215
334,215
83,216
334,216
83,217
334,217
83,218
334,218
83,219
334,219
84,220
334,220
84,221
334,221
83,222
334,222
83,223
334,223
83,224
334,224
83,225
334,225
83,226
335,226
83,227
335,227
83,228
335,228
83,229
335,229
84,230
335,230
83,231
336,231
84,232
85,232
86,232
87,232
88,232
89,232
90,232
335,232
91,233
92,233
93,233
94,233
95,233
96,233
97,233
98,233
99,233
100,233
101,233
102,233
335,233
103,234
104,234
105,234
106,234
107,234
108,234
109,234
110,234
111,234
112,234
113,234
114,234
115,234
116,234
335,234
117,235
119,235
120,235
121,235
334,235
118,236
122,236
123,236
124,236
125,236
126,236
127,236
128,236
129,236
130,236
131,236
132,236
133,236
134,236
334,236
135,237
136,237
137,237
138,237
139,237
140,237
141,237
142,237
143,237
144,237
145,237
334,237
146,238
147,238
148,238
149,238
150,238
334,238
151,239
152,239
153,239
154,239
155,239
156,239
250,239
251,239
252,239
253,239
334,239
157,240
158,240
159,240
160,240
161,240
162,240
163,240
234,240
235,240
236,240
237,240
238,240
239,240
240,240
241,240
242,240
243,240
244,240
245,240
246,240
247,240
248,240
249,240
254,240
278,240
279,240
280,240
281,240
282,240
283,240
284,240
285,240
286,240
287,240
320,240
321,240
332,240
333,240
164,241
231,241
232,241
233,241
255,241
256,241
257,241
258,241
259,241
260,241
261,241
262,241
263,241
264,241
265,241
266,241
267,241
268,241
269,241
270,241
271,241
272,241
273,241
274,241
275,241
276,241
277,241
288,241
289,241
290,241
291,241
292,241
293,241
294,241
295,241
296,241
297,241
298,241
299,241
300,241
301,241
302,241
303,241
304,241
305,241
306,241
307,241
308,241
309,241
310,241
311,241
312,241
313,241
314,241
315,241
316,241
317,241
318,241
319,241
322,241
323,241
324,241
325,241
326,241
327,241
330,241
331,241
165,242
166,242
167,242
168,242
229,242
230,242
328,242
329,242
169,243
227,243
228,243
170,244
226,244
171,245
224,245
225,245
171,246
223,246
172,247
222,247
172,248
222,248
173,249
222,249
173,250
222,250
173,251
222,251
173,252
221,252
173,253
220,253
173,254
220,254
172,255
221,255
172,256
221,256
172,257
222,257
171,258
222,258
171,259
222,259
170,260
222,260
170,261
223,261
169,262
224,262
168,263
224,263
168,264
225,264
167,265
226,265
167,266
227,266
166,267
227,267
165,268
226,268
164,269
226,269
164,270
227,270
228,270
164,271
229,271
163,272
229,272
163,273
230,273
162,274
230,274
162,275
231,275
161,276
231,276
161,277
232,277
160,278
232,278
159,279
233,279
159,280
234,280
158,281
234,281
158,282
234,282
158,283
234,283
157,284
235,284
157,285
236,285
158,286
236,286
158,287
236,287
158,288
235,288
158,289
235,289
159,290
235,290
159,291
235,291
159,292
235,292
160,293
161,293
234,293
162,294
233,294
163,295
232,295
164,296
231,296
165,297
230,297
166,298
167,298
229,298
168,299
228,299
169,300
227,300
170,301
224,301
225,301
226,301
171,302
172,302
222,302
223,302
173,303
174,303
175,303
218,303
221,303
176,304
177,304
216,304
217,304
219,304
220,304
178,305
179,305
214,305
215,305
180,306
211,306
212,306
213,306
181,307
182,307
183,307
184,307
208,307
209,307
210,307
185,308
206,308
207,308
186,309
187,309
188,309
202,309
203,309
204,309
205,309
189,310
190,310
191,310
192,310
193,310
194,310
195,310
196,310
199,310
200,310
201,310
197,311
198,311