84,0
85,1
85,2
85,3
85,4
85,5
85,6
84,7
84,8
84,9
84,10
84,11
84,12
83,13
83,14
83,15
83,16
83,17
83,18
83,19
82,20
82,21
82,22
81,23
82,24
82,25
82,26
82,27
82,28
81,29
81,30
81,31
81,32
81,33
80,34
80,35
81,36
80,37
80,38
80,39
80,40
80,41
79,42
79,43
79,44
79,45
79,46
80,47
80,48
79,49
79,50
79,51
79,52
79,53
79,54
79,55
79,56
79,57
78,58
78,59
78,60
78,61
78,62
77,63
77,64
77,65
77,66
77,67
76,68
76,69
76,70
77,71
77,72
77,73
77,74
76,75
76,76
76,77
75,78
19,79
20,79
21,79
22,79
23,79
24,79
25,79
26,79
27,79
28,79
75,79
18,80
29,80
30,80
75,80
16,81
17,81
31,81
32,81
34,81
74,81
15,82
33,82
35,82
74,82
14,83
36,83
74,83
13,84
37,84
73,84
12,85
38,85
73,85
11,86
39,86
72,86
11,87
40,87
41,87
71,87
10,88
42,88
43,88
71,88
10,89
44,89
45,89
70,89
9,90
46,90
70,90
8,91
47,91
48,91
68,91
69,91
7,92
49,92
50,92
66,92
67,92
7,93
51,93
52,93
63,93
64,93
65,93
6,94
53,94
54,94
55,94
58,94
62,94
7,95
56,95
57,95
59,95
60,95
61,95
6,96
6,97
5,98
5,99
5,100
4,101
4,102
4,103
3,104
3,105
2,106
2,107
2,108
2,109
2,110
2,111
2,112
1,113
1,114
1,115
1,116
0,117
0,118
1,119
1,120
1,121
1,122
1,123
1,124
1,125
1,126
1,127
1,128
1,129
1,130
1,131
1,132
1,133
1,134
1,135
1,136
2,137
2,138
2,139
2,140
2,141
3,142
3,143
3,144
3,145
4,146
4,147
4,148
4,149
4,150
5,151
5,152
5,153
6,154
6,155
6,156
6,157
7,158
7,159
61,159
62,159
63,159
64,159
65,159
66,159
67,159
68,159
69,159
8,160
59,160
60,160
70,160
71,160
8,161
58,161
72,161
9,162
56,162
57,162
73,162
9,163
55,163
74,163
75,163
10,164
11,164
54,164
76,164
12,165
51,165
52,165
53,165
77,165
12,166
50,166
77,166
13,167
14,167
48,167
49,167
77,167
15,168
46,168
47,168
78,168
15,169
45,169
78,169
16,170
43,170
44,170
79,170
17,171
42,171
79,171
18,172
41,172
79,172
19,173
39,173
40,173
79,173
20,174
21,174
37,174
38,174
79,174
22,175
23,175
36,175
79,175
24,176
25,176
26,176
34,176
35,176
80,176
27,177
28,177
32,177
33,177
80,177
29,178
30,178
31,178
80,178
80,179
81,180
81,181
81,182
81,183
81,184
81,185
81,186
82,187
82,188
82,189
82,190
82,191
82,192
82,193
82,194
82,195
82,196
82,197
82,198
82,199
82,200
82,201
82,202
82,203
82,204
82,205
82,206
82,207
82,208
82,209
83,210
83,211
84,212
84,213
83,214
83,215
83,216
83,217
83,218
83,219
83,220
83,221
83,222
83,223
83,224
83,225
83,226
83,227
83,228
83,229
83,230
83,231