346,0
347,0
348,0
349,0
350,0
351,0
352,0
353,0
354,0
355,0
356,0
357,0
358,0
359,0
360,0
361,0
362,0
363,0
335,1
336,1
337,1
338,1
339,1
340,1
341,1
342,1
343,1
344,1
345,1
364,1
327,2
328,2
329,2
330,2
331,2
332,2
333,2
334,2
364,2
322,3
323,3
324,3
325,3
326,3
365,3
305,4
306,4
307,4
308,4
309,4
310,4
311,4
312,4
313,4
314,4
315,4
316,4
317,4
318,4
319,4
320,4
321,4
365,4
299,5
300,5
301,5
302,5
303,5
304,5
365,5
295,6
296,6
297,6
298,6
365,6
86,7
87,7
88,7
89,7
90,7
91,7
92,7
93,7
94,7
95,7
96,7
97,7
98,7
99,7
100,7
101,7
102,7
103,7
104,7
105,7
106,7
107,7
108,7
109,7
110,7
111,7
112,7
115,7
116,7
117,7
118,7
119,7
120,7
121,7
122,7
127,7
134,7
136,7
137,7
138,7
139,7
140,7
141,7
142,7
143,7
144,7
145,7
146,7
147,7
148,7
149,7
150,7
151,7
152,7
153,7
154,7
155,7
156,7
157,7
158,7
160,7
161,7
162,7
163,7
164,7
165,7
166,7
293,7
294,7
366,7
85,8
113,8
114,8
123,8
124,8
125,8
126,8
128,8
129,8
130,8
131,8
132,8
133,8
135,8
159,8
167,8
168,8
169,8
170,8
171,8
172,8
173,8
174,8
175,8
176,8
177,8
178,8
179,8
180,8
181,8
182,8
183,8
184,8
185,8
186,8
187,8
188,8
189,8
190,8
191,8
291,8
292,8
365,8
84,9
192,9
193,9
194,9
195,9
196,9
289,9
290,9
365,9
83,10
197,10
198,10
199,10
200,10
287,10
288,10
365,10
83,11
201,11
202,11
286,11
365,11
83,12
203,12
204,12
285,12
366,12
84,13
205,13
206,13
284,13
366,13
84,14
207,14
208,14
283,14
366,14
84,15
209,15
282,15
366,15
84,16
210,16
281,16
366,16
84,17
211,17
281,17
366,17
83,18
212,18
281,18
366,18
83,19
213,19
281,19
366,19
83,20
213,20
280,20
366,20
83,21
214,21
280,21
366,21
83,22
214,22
280,22
366,22
83,23
214,23
280,23
366,23
83,24
214,24
280,24
366,24
83,25
214,25
280,25
365,25
83,26
214,26
280,26
365,26
83,27
214,27
280,27
365,27
83,28
214,28
280,28
365,28
83,29
214,29
281,29
365,29
83,30
214,30
281,30
365,30
83,31
213,31
282,31
365,31
82,32
213,32
282,32
365,32
82,33
212,33
282,33
365,33
83,34
212,34
283,34
365,34
83,35
211,35
283,35
365,35
82,36
211,36
284,36
365,36
82,37
210,37
284,37
365,37
82,38
210,38
285,38
365,38
82,39
209,39
286,39
365,39
82,40
209,40
286,40
365,40
82,41
208,41
287,41
365,41
82,42
208,42
288,42
365,42
82,43
207,43
288,43
365,43
82,44
207,44
289,44
365,44
82,45
206,45
289,45
365,45
81,46
206,46
290,46
365,46
82,47
205,47
291,47
365,47
82,48
204,48
291,48
365,48
81,49
204,49
292,49
365,49
81,50
203,50
292,50
365,50
81,51
203,51
293,51
365,51
81,52
202,52
294,52
365,52
81,53
201,53
294,53
365,53
81,54
201,54
294,54
365,54
81,55
201,55
295,55
364,55
81,56
201,56
295,56
364,56
81,57
201,57
295,57
364,57
81,58
201,58
295,58
364,58
81,59
202,59
295,59
365,59
81,60
202,60
295,60
365,60
81,61
201,61
295,61
364,61
81,62
201,62
295,62
364,62
81,63
201,63
295,63
364,63
80,64
201,64
294,64
364,64
80,65
201,65
294,65
364,65
80,66
202,66
294,66
364,66
80,67
203,67
293,67
364,67
80,68
203,68
292,68
364,68
79,69
204,69
292,69
364,69
23,70
24,70
25,70
26,70
27,70
28,70
29,70
30,70
31,70
79,70
205,70
291,70
364,70
21,71
22,71
32,71
33,71
34,71
35,71
79,71
206,71
207,71
208,71
290,71
364,71
19,72
20,72
36,72
37,72
38,72
79,72
209,72
289,72
364,72
17,73
18,73
39,73
40,73
78,73
210,73
211,73
287,73
288,73
364,73
16,74
41,74
42,74
43,74
44,74
78,74
212,74
286,74
364,74
15,75
45,75
76,75
77,75
212,75
285,75
364,75
14,76
46,76
47,76
48,76
49,76
75,76
213,76
282,76
283,76
284,76
364,76
13,77
50,77
51,77
76,77
214,77
281,77
364,77
12,78
52,78
76,78
215,78
216,78
217,78
279,78
280,78
364,78
11,79
53,79
54,79
55,79
75,79
218,79
219,79
276,79
277,79
278,79
364,79
10,80
56,80
57,80
58,80
74,80
220,80
221,80
222,80
223,80
273,80
274,80
275,80
364,80
9,81
59,81
60,81
61,81
62,81
69,81
70,81
71,81
72,81
73,81
224,81
225,81
226,81
269,81
270,81
271,81
272,81
364,81
8,82
63,82
64,82
65,82
66,82
67,82
68,82
227,82
228,82
229,82
232,82
233,82
234,82
264,82
265,82
266,82
267,82
268,82
364,82
8,83
230,83
231,83
235,83
236,83
237,83
238,83
239,83
240,83
241,83
246,83
247,83
248,83
249,83
250,83
251,83
252,83
256,83
257,83
258,83
259,83
260,83
261,83
262,83
263,83
365,83
7,84
242,84
243,84
244,84
245,84
253,84
254,84
255,84
365,84
7,85
365,85
409,85
410,85
411,85
412,85
413,85
414,85
415,85
416,85
417,85
418,85
419,85
420,85
6,86
365,86
407,86
408,86
421,86
422,86
423,86
424,86
5,87
365,87
406,87
425,87
426,87
427,87
5,88
365,88
403,88
404,88
405,88
428,88
5,89
366,89
400,89
401,89
402,89
429,89
4,90
366,90
398,90
399,90
430,90
431,90
4,91
367,91
397,91
432,91
433,91
3,92
367,92
394,92
395,92
396,92
434,92
3,93
367,93
392,93
393,93
435,93
2,94
368,94
391,94
436,94
2,95
368,95
389,95
390,95
437,95
1,96
369,96
370,96
387,96
388,96
438,96
1,97
371,97
386,97
439,97
1,98
372,98
382,98
383,98
384,98
385,98
439,98
1,99
373,99
374,99
375,99
376,99
377,99
378,99
379,99
380,99
381,99
440,99
1,100
440,100
1,101
441,101
0,102
442,102
0,103
442,103
0,104
443,104
0,105
444,105
0,106
444,106
0,107
445,107
0,108
445,108
0,109
446,109
1,110
446,110
1,111
447,111
1,112
447,112
1,113
448,113
1,114
448,114
1,115
448,115
2,116
449,116
3,117
449,117
3,118
449,118
4,119
450,119
4,120
450,120
5,121
450,121
5,122
450,122
5,123
450,123
6,124
451,124
6,125
451,125
7,126
451,126
7,127
450,127
8,128
450,128
9,129
450,129
9,130
450,130
10,131
450,131
10,132
65,132
66,132
67,132
68,132
69,132
70,132
71,132
72,132
73,132
74,132
450,132
11,133
62,133
63,133
64,133
75,133
450,133
12,134
58,134
59,134
60,134
61,134
76,134
449,134
12,135
55,135
56,135
57,135
77,135
449,135
13,136
53,136
54,136
78,136
449,136
14,137
51,137
52,137
79,137
448,137
15,138
16,138
47,138
48,138
49,138
50,138
79,138
448,138
17,139
45,139
46,139
80,139
448,139
18,140
42,140
43,140
44,140
80,140
447,140
19,141
40,141
41,141
80,141
375,141
376,141
377,141
378,141
379,141
381,141
382,141
383,141
447,141
20,142
21,142
22,142
36,142
37,142
38,142
39,142
81,142
371,142
372,142
373,142
374,142
380,142
384,142
385,142
446,142
23,143
24,143
25,143
27,143
28,143
29,143
30,143
31,143
32,143
33,143
34,143
35,143
81,143
370,143
386,143
387,143
388,143
389,143
390,143
446,143
26,144
81,144
370,144
391,144
392,144
446,144
82,145
370,145
393,145
394,145
445,145
82,146
369,146
395,146
445,146
82,147
368,147
396,147
397,147
444,147
82,148
368,148
398,148
399,148
443,148
82,149
368,149
400,149
401,149
442,149
82,150
367,150
402,150
403,150
441,150
82,151
367,151
404,151
440,151
82,152
366,152
405,152
439,152
83,153
366,153
406,153
407,153
438,153
83,154
366,154
408,154
409,154
410,154
411,154
412,154
437,154
83,155
245,155
246,155
247,155
248,155
249,155
365,155
413,155
435,155
436,155
83,156
244,156
250,156
251,156
252,156
253,156
254,156
255,156
365,156
414,156
415,156
416,156
432,156
433,156
434,156
83,157
244,157
256,157
257,157
258,157
259,157
365,157
417,157
418,157
419,157
420,157
421,157
422,157
423,157
424,157
425,157
429,157
430,157
431,157
83,158
237,158
238,158
239,158
240,158
241,158
242,158
243,158
260,158
261,158
262,158
365,158
426,158
427,158
428,158
83,159
232,159
233,159
234,159
235,159
236,159
263,159
365,159
83,160
230,160
231,160
264,160
365,160
83,161
228,161
229,161
264,161
267,161
364,161
83,162
226,162
227,162
265,162
266,162
268,162
364,162
83,163
225,163
269,163
364,163
83,164
222,164
223,164
224,164
270,164
271,164
272,164
364,164
83,165
221,165
273,165
274,165
364,165
83,166
220,166
275,166
364,166
83,167
218,167
219,167
276,167
364,167
83,168
217,168
277,168
364,168
82,169
216,169
277,169
364,169
82,170
215,170
278,170
364,170
82,171
214,171
278,171
363,171
83,172
213,172
279,172
363,172
83,173
212,173
279,173
363,173
82,174
212,174
279,174
363,174
82,175
211,175
279,175
363,175
82,176
210,176
280,176
363,176
82,177
209,177
280,177
363,177
82,178
209,178
280,178
363,178
82,179
208,179
280,179
363,179
82,180
208,180
280,180
362,180
82,181
207,181
280,181
362,181
82,182
207,182
280,182
362,182
82,183
207,183
279,183
362,183
82,184
207,184
279,184
362,184
82,185
207,185
279,185
362,185
82,186
207,186
279,186
362,186
82,187
207,187
278,187
362,187
82,188
207,188
278,188
362,188
82,189
207,189
278,189
362,189
82,190
207,190
278,190
362,190
82,191
207,191
277,191
362,191
82,192
207,192
277,192
362,192
82,193
208,193
277,193
362,193
82,194
209,194
276,194
361,194
82,195
209,195
276,195
361,195
82,196
209,196
276,196
361,196
82,197
209,197
275,197
361,197
82,198
209,198
275,198
361,198
82,199
210,199
274,199
361,199
82,200
210,200
274,200
361,200
82,201
211,201
274,201
361,201
82,202
211,202
273,202
361,202
82,203
211,203
274,203
362,203
83,204
212,204
273,204
362,204
83,205
213,205
273,205
362,205
83,206
214,206
273,206
362,206
83,207
214,207
272,207
361,207
83,208
214,208
272,208
361,208
83,209
215,209
272,209
361,209
83,210
215,210
271,210
361,210
83,211
216,211
271,211
361,211
83,212
216,212
271,212
361,212
83,213
217,213
271,213
361,213
83,214
217,214
271,214
361,214
83,215
218,215
271,215
361,215
83,216
219,216
270,216
360,216
83,217
219,217
270,217
360,217
83,218
219,218
270,218
360,218
83,219
219,219
270,219
360,219
83,220
219,220
271,220
360,220
83,221
219,221
271,221
360,221
83,222
219,222
271,222
360,222
83,223
219,223
271,223
360,223
83,224
219,224
271,224
360,224
83,225
219,225
271,225
359,225
83,226
219,226
272,226
359,226
83,227
219,227
272,227
359,227
83,228
219,228
273,228
359,228
83,229
219,229
274,229
359,229
83,230
218,230
275,230
359,230
83,231
217,231
276,231
277,231
359,231
83,232
216,232
278,232
358,232
83,233
215,233
279,233
280,233
281,233
282,233
283,233
357,233
83,234
215,234
284,234
285,234
286,234
287,234
328,234
329,234
330,234
331,234
332,234
333,234
356,234
83,235
213,235
214,235
288,235
289,235
290,235
291,235
292,235
293,235
294,235
295,235
296,235
297,235
298,235
299,235
300,235
301,235
302,235
303,235
304,235
305,235
306,235
307,235
308,235
309,235
310,235
311,235
312,235
313,235
314,235
315,235
318,235
319,235
320,235
321,235
322,235
323,235
324,235
325,235
326,235
327,235
334,235
335,235
336,235
337,235
338,235
339,235
340,235
341,235
342,235
343,235
344,235
345,235
346,235
347,235
348,235
349,235
350,235
351,235
352,235
353,235
354,235
355,235
83,236
210,236
211,236
212,236
316,236
317,236
83,237
208,237
209,237
83,238
207,238
83,239
198,239
199,239
200,239
201,239
202,239
203,239
204,239
205,239
206,239
83,240
193,240
194,240
195,240
196,240
197,240
83,241
178,241
181,241
182,241
183,241
184,241
185,241
186,241
187,241
188,241
189,241
190,241
191,241
192,241
83,242
168,242
169,242
170,242
171,242
172,242
173,242
174,242
175,242
176,242
177,242
179,242
180,242
83,243
158,243
159,243
162,243
163,243
164,243
165,243
166,243
167,243
81,244
82,244
146,244
147,244
148,244
149,244
150,244
151,244
152,244
153,244
154,244
155,244
156,244
157,244
160,244
161,244
80,245
137,245
138,245
139,245
140,245
141,245
142,245
143,245
144,245
145,245
81,246
134,246
136,246
82,247
124,247
125,247
126,247
127,247
128,247
129,247
130,247
131,247
132,247
133,247
135,247
82,248
114,248
115,248
116,248
117,248
118,248
119,248
120,248
121,248
122,248
123,248
83,249
84,249
103,249
104,249
107,249
108,249
109,249
110,249
111,249
112,249
113,249
85,250
86,250
87,250
88,250
89,250
90,250
91,250
92,250
93,250
94,250
95,250
96,250
97,250
98,250
99,250
100,250
101,250
102,250
105,250
106,250