280,0
281,0
282,0
283,0
269,1
273,1
274,1
275,1
276,1
277,1
278,1
279,1
284,1
285,1
85,2
88,2
89,2
90,2
91,2
92,2
93,2
94,2
265,2
266,2
267,2
268,2
270,2
271,2
272,2
286,2
84,3
86,3
87,3
95,3
255,3
256,3
261,3
262,3
263,3
264,3
286,3
84,4
96,4
97,4
98,4
99,4
100,4
101,4
102,4
103,4
104,4
105,4
106,4
107,4
252,4
253,4
254,4
257,4
258,4
259,4
260,4
286,4
83,5
108,5
109,5
110,5
111,5
112,5
113,5
114,5
115,5
116,5
117,5
118,5
241,5
242,5
247,5
248,5
249,5
250,5
251,5
286,5
82,6
119,6
120,6
121,6
237,6
238,6
239,6
240,6
243,6
244,6
245,6
246,6
286,6
82,7
122,7
123,7
124,7
125,7
126,7
127,7
128,7
129,7
130,7
131,7
132,7
133,7
134,7
226,7
227,7
228,7
229,7
232,7
233,7
234,7
235,7
236,7
286,7
82,8
135,8
136,8
137,8
138,8
139,8
140,8
141,8
142,8
143,8
144,8
224,8
225,8
230,8
231,8
287,8
82,9
145,9
146,9
147,9
220,9
221,9
222,9
223,9
287,9
82,10
148,10
214,10
215,10
217,10
218,10
219,10
287,10
82,11
149,11
150,11
151,11
211,11
212,11
213,11
216,11
287,11
82,12
152,12
153,12
210,12
287,12
82,13
154,13
155,13
209,13
287,13
82,14
156,14
207,14
208,14
286,14
82,15
157,15
158,15
206,15
286,15
82,16
159,16
205,16
286,16
82,17
160,17
205,17
286,17
82,18
160,18
204,18
286,18
82,19
160,19
204,19
286,19
81,20
161,20
204,20
286,20
81,21
161,21
203,21
286,21
81,22
161,22
204,22
286,22
81,23
160,23
203,23
286,23
81,24
160,24
203,24
286,24
81,25
160,25
203,25
287,25
81,26
160,26
203,26
287,26
81,27
160,27
203,27
286,27
81,28
160,28
204,28
285,28
80,29
159,29
204,29
285,29
80,30
159,30
204,30
285,30
81,31
159,31
205,31
285,31
81,32
158,32
205,32
285,32
80,33
158,33
206,33
286,33
80,34
158,34
206,34
286,34
80,35
157,35
207,35
286,35
80,36
156,36
207,36
286,36
80,37
155,37
208,37
286,37
80,38
155,38
208,38
286,38
80,39
154,39
209,39
285,39
80,40
153,40
209,40
285,40
80,41
153,41
210,41
285,41
80,42
152,42
211,42
285,42
80,43
151,43
212,43
286,43
80,44
151,44
213,44
286,44
80,45
150,45
214,45
285,45
80,46
149,46
215,46
285,46
79,47
149,47
215,47
285,47
79,48
147,48
148,48
215,48
285,48
79,49
146,49
216,49
285,49
79,50
145,50
217,50
285,50
79,51
144,51
218,51
285,51
79,52
144,52
218,52
286,52
79,53
144,53
219,53
286,53
79,54
143,54
219,54
286,54
79,55
143,55
220,55
285,55
79,56
142,56
220,56
285,56
79,57
142,57
220,57
285,57
79,58
142,58
220,58
285,58
79,59
142,59
220,59
285,59
78,60
141,60
220,60
285,60
78,61
140,61
221,61
285,61
78,62
140,62
221,62
286,62
78,63
139,63
221,63
286,63
78,64
139,64
221,64
286,64
78,65
138,65
222,65
286,65
78,66
138,66
221,66
286,66
78,67
138,67
222,67
286,67
334,67
335,67
341,67
78,68
139,68
222,68
286,68
332,68
333,68
336,68
337,68
338,68
339,68
340,68
342,68
343,68
344,68
78,69
139,69
222,69
286,69
329,69
330,69
331,69
345,69
346,69
78,70
140,70
222,70
286,70
326,70
327,70
328,70
347,70
78,71
140,71
222,71
287,71
325,71
348,71
78,72
141,72
222,72
287,72
321,72
323,72
324,72
348,72
78,73
142,73
221,73
287,73
319,73
320,73
322,73
349,73
77,74
143,74
221,74
288,74
318,74
350,74
77,75
143,75
220,75
288,75
316,75
317,75
351,75
77,76
143,76
219,76
289,76
314,76
315,76
352,76
77,77
144,77
219,77
290,77
312,77
313,77
353,77
77,78
145,78
217,78
218,78
291,78
309,78
310,78
311,78
354,78
77,79
145,79
215,79
216,79
292,79
293,79
304,79
305,79
306,79
307,79
308,79
355,79
77,80
146,80
212,80
214,80
294,80
302,80
303,80
355,80
77,81
147,81
148,81
211,81
213,81
295,81
296,81
297,81
298,81
299,81
300,81
301,81
356,81
77,82
149,82
150,82
151,82
152,82
210,82
356,82
77,83
153,83
154,83
209,83
357,83
77,84
155,84
156,84
208,84
356,84
77,85
157,85
158,85
205,85
206,85
207,85
357,85
77,86
159,86
160,86
199,86
202,86
203,86
204,86
357,86
76,87
161,87
162,87
163,87
164,87
195,87
196,87
197,87
198,87
200,87
201,87
358,87
76,88
165,88
166,88
167,88
168,88
169,88
170,88
171,88
191,88
192,88
193,88
194,88
358,88
76,89
172,89
176,89
177,89
178,89
180,89
181,89
182,89
183,89
184,89
185,89
188,89
189,89
190,89
358,89
76,90
173,90
174,90
175,90
179,90
186,90
187,90
359,90
76,91
359,91
76,92
359,92
76,93
359,93
76,94
360,94
77,95
360,95
76,96
360,96
76,97
360,97
76,98
360,98
76,99
360,99
76,100
360,100
75,101
360,101
75,102
360,102
75,103
360,103
75,104
360,104
75,105
360,105
76,106
360,106
76,107
360,107
76,108
360,108
76,109
360,109
76,110
360,110
76,111
359,111
76,112
359,112
76,113
358,113
75,114
358,114
74,115
358,115
19,116
20,116
21,116
22,116
74,116
358,116
17,117
18,117
23,117
24,117
25,117
26,117
27,117
28,117
29,117
74,117
358,117
16,118
30,118
31,118
32,118
33,118
34,118
74,118
357,118
15,119
35,119
74,119
357,119
14,120
35,120
74,120
357,120
13,121
36,121
74,121
356,121
12,122
37,122
38,122
73,122
356,122
11,123
39,123
40,123
41,123
42,123
73,123
356,123
10,124
43,124
73,124
355,124
10,125
44,125
45,125
46,125
72,125
354,125
9,126
47,126
72,126
353,126
8,127
48,127
62,127
71,127
295,127
296,127
297,127
298,127
299,127
300,127
301,127
353,127
7,128
49,128
50,128
61,128
63,128
64,128
69,128
70,128
292,128
293,128
294,128
302,128
303,128
304,128
353,128
7,129
51,129
52,129
61,129
65,129
68,129
291,129
305,129
352,129
7,130
53,130
60,130
66,130
67,130
290,130
306,130
352,130
6,131
54,131
55,131
56,131
57,131
58,131
59,131
289,131
307,131
308,131
351,131
6,132
289,132
309,132
310,132
350,132
6,133
288,133
311,133
350,133
5,134
288,134
312,134
313,134
350,134
5,135
287,135
314,135
315,135
349,135
5,136
286,136
316,136
349,136
4,137
286,137
316,137
346,137
347,137
348,137
4,138
286,138
317,138
318,138
345,138
3,139
286,139
319,139
344,139
3,140
286,140
320,140
321,140
344,140
3,141
286,141
322,141
343,141
3,142
286,142
323,142
324,142
341,142
342,142
2,143
286,143
325,143
326,143
340,143
2,144
286,144
327,144
328,144
339,144
2,145
286,145
329,145
330,145
331,145
332,145
334,145
335,145
336,145
337,145
338,145
2,146
286,146
333,146
2,147
286,147
2,148
286,148
2,149
285,149
1,150
285,150
1,151
286,151
0,152
286,152
0,153
286,153
0,154
286,154
0,155
286,155
0,156
286,156
1,157
286,157
1,158
286,158
1,159
287,159
1,160
287,160
1,161
287,161
1,162
287,162
2,163
286,163
2,164
286,164
3,165
286,165
2,166
286,166
2,167
286,167
3,168
287,168
3,169
287,169
3,170
287,170
4,171
287,171
4,172
287,172
5,173
287,173
5,174
287,174
6,175
288,175
6,176
287,176
7,177
287,177
7,178
287,178
7,179
287,179
7,180
288,180
8,181
288,181
9,182
288,182
9,183
54,183
55,183
56,183
57,183
58,183
59,183
60,183
288,183
10,184
52,184
53,184
61,184
62,184
63,184
288,184
11,185
51,185
64,185
65,185
66,185
70,185
71,185
72,185
288,185
11,186
48,186
49,186
50,186
67,186
68,186
69,186
73,186
288,186
12,187
45,187
46,187
47,187
74,187
289,187
13,188
43,188
44,188
74,188
289,188
14,189
42,189
74,189
289,189
15,190
41,190
74,190
288,190
16,191
17,191
39,191
40,191
75,191
288,191
18,192
36,192
37,192
38,192
75,192
288,192
19,193
32,193
33,193
34,193
35,193
76,193
289,193
20,194
29,194
30,194
31,194
76,194
289,194
21,195
22,195
23,195
24,195
25,195
26,195
27,195
28,195
77,195
289,195
76,196
289,196
77,197
289,197
77,198
289,198
77,199
289,199
77,200
289,200
77,201
289,201
76,202
289,202
77,203
289,203
78,204
289,204
78,205
289,205
78,206
290,206
78,207
290,207
78,208
290,208
77,209
290,209
78,210
290,210
78,211
290,211
78,212
290,212
78,213
290,213
78,214
290,214
78,215
290,215
78,216
290,216
79,217
290,217
79,218
290,218
79,219
290,219
79,220
291,220
79,221
291,221
80,222
291,222
79,223
291,223
79,224
291,224
79,225
291,225
79,226
291,226
79,227
291,227
80,228
291,228
80,229
292,229
80,230
292,230
80,231
291,231
80,232
291,232
80,233
291,233
80,234
291,234
80,235
291,235
80,236
292,236
80,237
292,237
80,238
292,238
81,239
292,239
81,240
292,240
81,241
292,241
81,242
292,242
81,243
292,243
81,244
291,244
81,245
291,245
82,246
292,246
82,247
292,247
82,248
292,248
82,249
293,249
81,250
293,250
82,251
293,251
82,252
293,252
82,253
293,253
82,254
293,254
82,255
293,255
82,256
293,256
82,257
293,257
83,258
293,258
83,259
293,259
83,260
293,260
83,261
293,261
83,262
135,262
136,262
137,262
138,262
150,262
151,262
152,262
293,262
84,263
122,263
123,263
124,263
129,263
130,263
131,263
132,263
133,263
134,263
139,263
140,263
141,263
142,263
143,263
144,263
145,263
146,263
147,263
148,263
149,263
153,263
293,263
84,264
110,264
111,264
114,264
115,264
116,264
117,264
118,264
119,264
120,264
121,264
125,264
126,264
127,264
128,264
154,264
155,264
156,264
157,264
294,264
85,265
86,265
92,265
93,265
94,265
95,265
96,265
97,265
101,265
102,265
103,265
104,265
105,265
106,265
107,265
108,265
109,265
112,265
113,265
158,265
159,265
294,265
87,266
88,266
89,266
90,266
91,266
98,266
99,266
100,266
160,266
294,266
160,267
222,267
223,267
224,267
225,267
226,267
227,267
228,267
229,267
230,267
231,267
232,267
233,267
294,267
161,268
216,268
217,268
218,268
219,268
220,268
221,268
234,268
235,268
236,268
237,268
238,268
239,268
240,268
241,268
244,268
245,268
246,268
294,268
162,269
163,269
215,269
242,269
243,269
247,269
294,269
164,270
165,270
213,270
214,270
248,270
249,270
250,270
251,270
252,270
253,270
254,270
295,270
166,271
212,271
255,271
256,271
257,271
258,271
259,271
294,271
166,272
211,272
260,272
261,272
262,272
263,272
264,272
265,272
266,272
294,272
167,273
211,273
267,273
268,273
269,273
270,273
271,273
272,273
273,273
293,273
167,274
210,274
274,274
275,274
276,274
277,274
281,274
282,274
293,274
167,275
210,275
278,275
279,275
280,275
283,275
284,275
285,275
286,275
293,275
168,276
210,276
287,276
288,276
289,276
290,276
291,276
292,276
168,277
209,277
168,278
209,278
168,279
209,279
167,280
209,280
167,281
209,281
167,282
209,282
166,283
209,283
166,284
209,284
166,285
209,285
165,286
210,286
164,287
210,287
164,288
210,288
163,289
210,289
163,290
211,290
162,291
212,291
162,292
212,292
161,293
212,293
160,294
213,294
160,295
212,295
159,296
213,296
159,297
214,297
158,298
215,298
158,299
215,299
157,300
216,300
157,301
217,301
156,302
217,302
156,303
218,303
155,304
218,304
154,305
218,305
154,306
219,306
153,307
220,307
153,308
220,308
152,309
219,309
151,310
220,310
151,311
220,311
151,312
221,312
150,313
221,313
150,314
222,314
150,315
222,315
150,316
222,316
150,317
222,317
150,318
222,318
150,319
222,319
149,320
222,320
149,321
222,321
149,322
221,322
149,323
220,323
149,324
220,324
150,325
220,325
150,326
219,326
150,327
219,327
150,328
218,328
150,329
218,329
151,330
217,330
152,331
216,331
153,332
215,332
153,333
215,333
153,334
214,334
154,335
155,335
212,335
213,335
156,336
211,336
157,337
158,337
210,337
159,338
208,338
209,338
160,339
161,339
206,339
207,339
162,340
203,340
205,340
163,341
202,341
204,341
164,342
165,342
199,342
200,342
201,342
166,343
167,343
168,343
198,343
169,344
170,344
171,344
197,344
172,345
173,345
174,345
175,345
194,345
195,345
196,345
176,346
187,346
188,346
189,346
190,346
191,346
192,346
193,346
177,347
178,347
179,347
180,347
181,347
182,347
183,347
184,347
185,347
186,347