4,0
4,1
4,2
4,3
4,4
4,5
3,6
3,7
3,8
3,9
3,10
3,11
3,12
3,13
3,14
3,15
3,16
3,17
3,18
3,19
3,20
3,21
3,22
3,23
3,24
3,25
2,26
2,27
2,28
2,29
2,30
2,31
2,32
2,33
2,34
2,35
2,36
2,37
2,38
2,39
1,40
1,41
1,42
1,43
2,44
2,45
2,46
2,47
2,48
1,49
1,50
1,51
2,52
2,53
2,54
1,55
1,56
1,57
1,58
0,59
0,60
0,61
0,62
0,63
0,64
0,65
0,66
0,67
0,68
0,69
0,70
0,71
0,72
54,72
55,72
56,72
0,73
50,73
51,73
52,73
53,73
57,73
58,73
59,73
60,73
0,74
48,74
49,74
61,74
0,75
46,75
47,75
62,75
0,76
44,76
45,76
63,76
64,76
0,77
43,77
65,77
0,78
41,78
42,78
66,78
0,79
39,79
40,79
66,79
0,80
38,80
67,80
0,81
36,81
37,81
68,81
0,82
35,82
69,82
1,83
33,83
34,83
69,83
1,84
31,84
32,84
70,84
1,85
30,85
70,85
2,86
29,86
71,86
2,87
28,87
71,87
3,88
26,88
27,88
72,88
4,89
23,89
24,89
25,89
72,89
5,90
6,90
18,90
19,90
20,90
21,90
22,90
72,90
7,91
8,91
9,91
10,91
11,91
13,91
14,91
15,91
16,91
17,91
72,91
12,92
73,92
73,93
74,94
74,95
74,96
74,97
74,98
75,99
76,100
76,101
76,102
76,103
76,104
76,105
76,106
76,107
76,108
76,109
77,110
77,111
77,112
77,113
77,114
77,115
77,116
77,117
76,118
76,119
77,120
77,121
76,122
76,123
76,124
76,125
77,126
77,127
77,128
77,129
76,130
76,131
76,132
76,133
76,134
76,135
76,136
75,137
75,138
75,139
75,140
74,141
74,142
74,143
74,144
74,145
73,146
73,147
73,148
73,149
11,150
12,150
13,150
14,150
15,150
72,150
8,151
9,151
10,151
16,151
17,151
18,151
72,151
7,152
19,152
20,152
72,152
5,153
6,153
21,153
22,153
23,153
72,153
4,154
24,154
25,154
71,154
4,155
26,155
71,155
3,156
27,156
28,156
70,156
3,157
29,157
30,157
31,157
69,157
4,158
32,158
33,158
69,158
3,159
34,159
69,159
3,160
35,160
68,160
3,161
36,161
67,161
2,162
37,162
38,162
66,162
2,163
39,163
40,163
65,163
2,164
41,164
64,164
2,165
42,165
43,165
62,165
63,165
2,166
44,166
61,166
1,167
45,167
59,167
60,167
1,168
46,168
47,168
48,168
49,168
56,168
57,168
58,168
1,169
50,169
54,169
55,169
1,170
51,170
52,170
53,170
1,171
1,172
1,173
1,174
1,175
1,176
1,177
2,178
2,179
1,180
1,181
1,182
1,183
1,184
1,185
1,186
1,187
1,188
1,189
1,190
1,191
1,192
1,193
1,194
1,195
1,196
1,197
1,198
1,199
1,200
1,201
1,202
1,203
1,204
1,205
1,206
1,207
1,208
2,209
2,210
2,211
1,212
1,213
1,214
2,215
2,216
2,217
2,218
2,219
2,220
2,221
2,222
2,223
2,224
2,225
2,226
2,227
2,228
2,229
2,230
2,231
2,232
2,233
2,234
2,235
2,236
2,237
2,238
2,239
2,240
2,241
2,242
2,243
2,244
2,245
2,246
2,247
2,248
2,249
2,250
2,251
2,252
2,253
2,254
2,255
2,256
2,257
2,258
2,259
2,260
2,261
2,262
2,263
2,264
2,265
2,266
2,267
2,268
2,269
2,270
2,271
2,272
3,273
3,274
3,275
3,276
3,277
3,278
3,279
3,280
3,281
3,282
3,283
3,284
3,285
3,286
2,287
2,288
2,289
2,290
2,291
2,292
2,293
3,294
3,295
3,296