3,0
3,1
3,2
3,3
3,4
2,5
3,6
3,7
2,8
2,9
2,10
2,11
2,12
2,13
2,14
2,15
3,16
3,17
3,18
3,19
3,20
3,21
3,22
3,23
3,24
3,25
3,26
3,27
4,28
4,29
4,30
4,31
4,32
4,33
4,34
5,35
5,36
4,37
5,38
5,39
5,40
5,41
5,42
5,43
5,44
5,45
5,46
6,47
6,48
6,49
6,50
6,51
6,52
6,53
6,54
6,55
6,56
7,57
7,58
7,59
7,60
7,61
7,62
7,63
7,64
7,65
7,66
7,67
7,68
7,69
8,70
8,71
7,72
7,73
7,74
8,75
8,76
8,77
8,78
8,79
8,80
8,81
8,82
57,82
58,82
59,82
60,82
61,82
62,82
63,82
64,82
65,82
66,82
8,83
54,83
55,83
56,83
67,83
68,83
69,83
9,84
53,84
70,84
9,85
51,85
52,85
71,85
9,86
50,86
72,86
9,87
49,87
73,87
9,88
48,88
74,88
75,88
10,89
46,89
47,89
76,89
10,90
45,90
77,90
11,91
43,91
44,91
78,91
11,92
42,92
78,92
11,93
40,93
41,93
79,93
12,94
39,94
80,94
13,95
38,95
80,95
14,96
36,96
37,96
80,96
14,97
35,97
81,97
14,98
33,98
34,98
81,98
15,99
16,99
30,99
31,99
32,99
82,99
17,100
18,100
19,100
28,100
29,100
82,100
20,101
21,101
22,101
23,101
24,101
25,101
26,101
27,101
83,101
83,102
83,103
82,104
82,105
83,106
84,107
85,108
85,109
86,110
86,111
86,112
86,113
86,114
87,115
87,116
87,117
87,118
87,119
87,120
87,121
87,122
88,123
88,124
88,125
88,126
87,127
87,128
87,129
87,130
88,131
88,132
88,133
88,134
88,135
87,136
87,137
87,138
86,139
86,140
86,141
86,142
86,143
85,144
85,145
84,146
84,147
84,148
84,149
84,150
18,151
19,151
21,151
22,151
23,151
84,151
16,152
17,152
20,152
24,152
25,152
26,152
27,152
28,152
83,152
15,153
29,153
82,153
14,154
30,154
31,154
82,154
14,155
32,155
33,155
81,155
13,156
34,156
80,156
13,157
35,157
81,157
12,158
36,158
80,158
12,159
37,159
80,159
11,160
38,160
79,160
11,161
39,161
40,161
79,161
10,162
41,162
78,162
10,163
42,163
77,163
10,164
43,164
44,164
76,164
10,165
45,165
76,165
9,166
46,166
75,166
9,167
47,167
74,167
8,168
48,168
49,168
72,168
73,168
8,169
50,169
71,169
8,170
51,170
69,170
70,170
8,171
52,171
68,171
7,172
53,172
54,172
68,172
8,173
55,173
66,173
67,173
8,174
56,174
57,174
58,174
59,174
60,174
61,174
62,174
63,174
64,174
65,174
7,175
7,176
7,177
7,178
7,179
7,180
7,181
7,182
7,183
7,184
6,185
6,186
6,187
6,188
6,189
6,190
6,191
6,192
6,193
5,194
5,195
5,196
5,197
5,198
5,199
5,200
4,201
4,202
4,203
4,204
4,205
4,206
3,207
4,208
4,209
4,210
4,211
3,212
3,213
3,214
3,215
2,216
2,217
2,218
2,219
2,220
2,221
2,222
2,223
2,224
2,225
2,226
2,227
2,228
2,229
1,230
1,231
1,232
1,233
1,234
1,235
1,236
1,237
1,238
1,239
0,240
1,241