2,0
2,1
2,2
2,3
2,4
2,5
2,6
2,7
2,8
1,9
2,10
2,11
2,12
2,13
2,14
2,15
2,16
2,17
2,18
2,19
2,20
2,21
2,22
2,23
2,24
2,25
2,26
2,27
2,28
2,29
2,30
2,31
2,32
2,33
2,34
2,35
2,36
2,37
2,38
2,39
3,40
4,41
4,42
4,43
4,44
4,45
4,46
4,47
4,48
4,49
4,50
4,51
4,52
4,53
4,54
4,55
4,56
4,57
4,58
4,59
4,60
5,61
5,62
4,63
4,64
4,65
5,66
5,67
4,68
4,69
4,70
4,71
4,72
4,73
4,74
4,75
4,76
4,77
4,78
4,79
4,80
4,81
5,82
5,83
5,84
5,85
5,86
5,87
5,88
5,89
5,90
5,91
5,92
5,93
5,94
5,95
5,96
5,97
5,98
5,99
5,100
5,101
5,102
5,103
5,104
5,105
5,106
6,107
6,108
5,109
5,110
5,111
5,112
5,113
5,114
5,115
5,116
6,117
6,118
6,119
6,120
6,121
6,122
6,123
6,124
6,125
6,126
6,127
6,128
6,129
6,130
6,131
6,132
6,133
51,133
52,133
53,133
54,133
55,133
56,133
57,133
58,133
59,133
60,133
6,134
47,134
48,134
49,134
50,134
61,134
62,134
63,134
7,135
46,135
64,135
65,135
8,136
44,136
45,136
66,136
8,137
43,137
67,137
68,137
8,138
40,138
41,138
42,138
69,138
8,139
38,139
39,139
69,139
8,140
36,140
37,140
70,140
8,141
35,141
71,141
9,142
33,142
34,142
72,142
10,143
30,143
31,143
32,143
73,143
11,144
12,144
27,144
28,144
29,144
73,144
13,145
14,145
15,145
24,145
25,145
26,145
74,145
16,146
17,146
18,146
19,146
20,146
21,146
22,146
23,146
75,146
75,147
76,148
76,149
76,150
77,151
77,152
78,153
78,154
79,155
79,156
80,157
80,158
80,159
81,160
81,161
81,162
81,163
81,164
81,165
82,166
82,167
82,168
82,169
82,170
82,171
82,172
82,173
82,174
81,175
81,176
81,177
81,178
81,179
81,180
81,181
81,182
80,183
80,184
80,185
80,186
80,187
79,188
79,189
79,190
78,191
78,192
77,193
77,194
77,195
77,196
76,197
76,198
75,199
75,200
74,201
18,202
19,202
20,202
74,202
17,203
21,203
22,203
73,203
16,204
23,204
24,204
25,204
26,204
27,204
73,204
15,205
28,205
29,205
30,205
72,205
14,206
31,206
32,206
33,206
72,206
13,207
34,207
35,207
71,207
12,208
36,208
37,208
70,208
12,209
38,209
39,209
69,209
11,210
40,210
41,210
69,210
10,211
42,211
43,211
44,211
45,211
68,211
10,212
46,212
47,212
67,212
9,213
48,213
49,213
65,213
66,213
9,214
50,214
51,214
52,214
62,214
63,214
64,214
9,215
53,215
54,215
55,215
56,215
57,215
58,215
59,215
60,215
61,215
9,216
9,217
8,218
8,219
8,220
8,221
7,222
7,223
7,224
7,225
6,226
6,227
6,228
6,229
6,230
6,231
7,232
7,233
6,234
6,235
6,236
6,237
6,238
6,239
5,240
5,241
5,242
5,243
5,244
5,245
5,246
5,247
5,248
4,249
4,250
4,251
4,252
3,253
3,254
3,255
3,256
3,257
3,258
3,259
2,260
2,261
2,262
2,263
2,264
2,265
2,266
2,267
1,268
1,269
1,270
1,271
1,272
1,273
1,274
0,275
0,276
0,277
0,278
0,279
0,280
0,281
1,282