267,0
268,0
269,0
280,0
281,0
282,0
283,0
284,0
293,0
294,0
295,0
296,0
297,0
298,0
306,0
307,0
308,0
309,0
319,0
320,0
321,0
322,0
323,0
324,0
332,0
333,0
334,0
335,0
336,0
358,0
255,1
256,1
257,1
258,1
259,1
260,1
261,1
262,1
263,1
264,1
265,1
266,1
270,1
271,1
272,1
273,1
274,1
275,1
276,1
277,1
278,1
279,1
285,1
286,1
287,1
288,1
289,1
290,1
291,1
292,1
299,1
300,1
301,1
302,1
303,1
304,1
305,1
310,1
311,1
312,1
313,1
314,1
315,1
316,1
317,1
318,1
325,1
326,1
327,1
328,1
329,1
330,1
331,1
337,1
338,1
339,1
340,1
341,1
342,1
345,1
346,1
347,1
348,1
349,1
350,1
351,1
352,1
353,1
354,1
355,1
356,1
357,1
359,1
360,1
361,1
362,1
363,1
364,1
365,1
366,1
367,1
368,1
369,1
370,1
371,1
372,1
373,1
374,1
375,1
376,1
377,1
378,1
379,1
380,1
381,1
254,2
343,2
344,2
382,2
252,3
253,3
383,3
178,4
179,4
250,4
251,4
382,4
166,5
167,5
168,5
169,5
170,5
171,5
172,5
175,5
176,5
177,5
180,5
181,5
182,5
183,5
184,5
185,5
188,5
248,5
249,5
383,5
156,6
157,6
162,6
163,6
164,6
165,6
173,6
174,6
186,6
187,6
189,6
190,6
191,6
247,6
383,6
149,7
150,7
151,7
152,7
153,7
154,7
155,7
158,7
159,7
160,7
161,7
192,7
246,7
383,7
136,8
137,8
138,8
139,8
140,8
141,8
142,8
143,8
144,8
145,8
146,8
147,8
148,8
193,8
245,8
383,8
135,9
194,9
245,9
384,9
123,10
124,10
125,10
126,10
127,10
128,10
129,10
130,10
131,10
132,10
133,10
134,10
194,10
244,10
384,10
112,11
113,11
114,11
115,11
116,11
117,11
118,11
119,11
120,11
121,11
122,11
194,11
245,11
384,11
110,12
111,12
195,12
245,12
384,12
97,13
98,13
99,13
100,13
101,13
102,13
103,13
104,13
105,13
106,13
107,13
108,13
109,13
196,13
245,13
384,13
88,14
89,14
90,14
91,14
92,14
93,14
94,14
95,14
96,14
196,14
245,14
384,14
84,15
85,15
86,15
87,15
195,15
245,15
384,15
74,16
75,16
76,16
77,16
78,16
79,16
80,16
81,16
82,16
83,16
195,16
245,16
384,16
73,17
195,17
245,17
385,17
74,18
195,18
246,18
385,18
74,19
194,19
246,19
386,19
74,20
194,20
246,20
386,20
74,21
194,21
246,21
386,21
74,22
193,22
246,22
386,22
74,23
192,23
247,23
248,23
386,23
74,24
192,24
249,24
386,24
74,25
192,25
249,25
386,25
74,26
192,26
249,26
386,26
74,27
191,27
250,27
386,27
74,28
191,28
250,28
387,28
74,29
190,29
251,29
387,29
74,30
190,30
251,30
387,30
75,31
189,31
252,31
387,31
75,32
188,32
252,32
388,32
75,33
188,33
253,33
388,33
75,34
187,34
253,34
388,34
75,35
187,35
254,35
388,35
75,36
186,36
255,36
388,36
75,37
186,37
256,37
388,37
76,38
185,38
257,38
389,38
76,39
185,39
257,39
389,39
76,40
184,40
257,40
389,40
76,41
184,41
258,41
389,41
76,42
183,42
258,42
389,42
76,43
183,43
258,43
389,43
77,44
183,44
258,44
389,44
77,45
182,45
258,45
390,45
77,46
181,46
258,46
391,46
77,47
181,47
258,47
391,47
78,48
180,48
258,48
391,48
78,49
180,49
257,49
391,49
78,50
180,50
258,50
391,50
78,51
179,51
257,51
391,51
78,52
179,52
257,52
391,52
78,53
180,53
257,53
391,53
78,54
180,54
256,54
391,54
78,55
179,55
256,55
391,55
78,56
179,56
255,56
391,56
79,57
179,57
255,57
392,57
79,58
179,58
254,58
393,58
79,59
179,59
253,59
393,59
80,60
179,60
252,60
393,60
80,61
179,61
251,61
393,61
80,62
179,62
251,62
393,62
80,63
180,63
250,63
393,63
80,64
180,64
249,64
393,64
80,65
180,65
247,65
248,65
393,65
80,66
181,66
182,66
246,66
393,66
80,67
183,67
244,67
245,67
393,67
80,68
184,68
243,68
393,68
80,69
185,69
243,69
393,69
81,70
186,70
241,70
242,70
393,70
81,71
187,71
238,71
239,71
240,71
394,71
81,72
188,72
235,72
236,72
237,72
394,72
81,73
189,73
190,73
191,73
192,73
231,73
232,73
233,73
234,73
394,73
81,74
193,74
194,74
230,74
394,74
81,75
195,75
196,75
228,75
229,75
394,75
81,76
197,76
198,76
199,76
224,76
225,76
226,76
227,76
393,76
81,77
200,77
201,77
202,77
203,77
204,77
205,77
206,77
207,77
208,77
209,77
217,77
218,77
219,77
220,77
221,77
222,77
223,77
393,77
81,78
210,78
211,78
212,78
213,78
214,78
215,78
216,78
393,78
81,79
393,79
81,80
348,80
349,80
393,80
81,81
337,81
338,81
339,81
340,81
341,81
342,81
343,81
344,81
345,81
346,81
347,81
350,81
351,81
392,81
21,82
22,82
23,82
24,82
25,82
26,82
27,82
28,82
29,82
30,82
80,82
335,82
336,82
352,82
353,82
354,82
355,82
392,82
18,83
19,83
20,83
31,83
32,83
33,83
34,83
35,83
81,83
334,83
356,83
357,83
392,83
16,84
17,84
36,84
37,84
38,84
39,84
40,84
81,84
334,84
358,84
359,84
360,84
361,84
362,84
363,84
364,84
365,84
392,84
15,85
41,85
42,85
81,85
333,85
366,85
367,85
391,85
14,86
43,86
80,86
331,86
332,86
368,86
369,86
389,86
390,86
13,87
44,87
79,87
330,87
370,87
371,87
372,87
375,87
376,87
388,87
12,88
45,88
46,88
77,88
78,88
329,88
373,88
374,88
377,88
378,88
379,88
380,88
381,88
382,88
383,88
384,88
385,88
386,88
387,88
11,89
47,89
48,89
49,89
76,89
328,89
10,90
50,90
75,90
327,90
9,91
51,91
52,91
53,91
74,91
326,91
8,92
54,92
55,92
71,92
72,92
73,92
326,92
8,93
56,93
61,93
62,93
70,93
325,93
8,94
57,94
58,94
59,94
60,94
63,94
64,94
65,94
66,94
67,94
68,94
69,94
325,94
7,95
324,95
6,96
324,96
6,97
323,97
5,98
322,98
6,99
322,99
5,100
322,100
5,101
322,101
4,102
321,102
3,103
321,103
3,104
321,104
2,105
320,105
2,106
319,106
2,107
319,107
1,108
319,108
1,109
318,109
0,110
318,110
0,111
317,111
1,112
317,112
1,113
317,113
1,114
317,114
1,115
317,115
1,116
317,116
0,117
317,117
1,118
317,118
1,119
317,119
1,120
317,120
1,121
317,121
1,122
317,122
1,123
317,123
1,124
317,124
2,125
317,125
3,126
318,126
3,127
319,127
4,128
319,128
4,129
319,129
5,130
320,130
5,131
320,131
6,132
320,132
6,133
321,133
6,134
321,134
7,135
322,135
7,136
322,136
8,137
9,137
323,137
10,138
67,138
68,138
69,138
324,138
11,139
63,139
64,139
65,139
66,139
70,139
71,139
72,139
76,139
325,139
11,140
62,140
73,140
74,140
75,140
77,140
326,140
390,140
391,140
12,141
60,141
61,141
78,141
327,141
381,141
382,141
383,141
384,141
385,141
386,141
387,141
388,141
389,141
392,141
393,141
13,142
58,142
59,142
79,142
327,142
378,142
379,142
380,142
394,142
14,143
56,143
57,143
79,143
328,143
377,143
395,143
14,144
53,144
54,144
55,144
80,144
328,144
375,144
376,144
396,144
15,145
52,145
81,145
328,145
373,145
374,145
396,145
16,146
50,146
51,146
81,146
329,146
330,146
370,146
371,146
372,146
396,146
17,147
49,147
82,147
331,147
368,147
369,147
396,147
18,148
47,148
48,148
83,148
331,148
365,148
366,148
367,148
396,148
19,149
46,149
83,149
332,149
364,149
397,149
20,150
21,150
22,150
24,150
44,150
45,150
83,150
333,150
334,150
363,150
398,150
23,151
25,151
26,151
27,151
41,151
42,151
43,151
83,151
335,151
362,151
398,151
28,152
29,152
37,152
38,152
39,152
40,152
83,152
336,152
337,152
338,152
358,152
359,152
360,152
361,152
399,152
30,153
31,153
32,153
33,153
34,153
36,153
83,153
222,153
339,153
355,153
356,153
357,153
399,153
35,154
83,154
220,154
221,154
223,154
224,154
225,154
226,154
233,154
234,154
340,154
341,154
342,154
343,154
344,154
345,154
346,154
352,154
353,154
354,154
399,154
83,155
218,155
219,155
227,155
228,155
229,155
230,155
231,155
232,155
235,155
236,155
347,155
348,155
349,155
351,155
399,155
83,156
208,156
209,156
210,156
211,156
212,156
213,156
214,156
215,156
216,156
217,156
237,156
238,156
239,156
350,156
399,156
83,157
207,157
240,157
399,157
83,158
206,158
241,158
242,158
243,158
399,158
83,159
203,159
204,159
205,159
244,159
399,159
83,160
199,160
200,160
201,160
202,160
245,160
246,160
247,160
248,160
249,160
398,160
84,161
197,161
198,161
250,161
398,161
83,162
196,162
251,162
399,162
83,163
194,163
195,163
252,163
399,163
83,164
193,164
253,164
399,164
83,165
191,165
192,165
253,165
399,165
83,166
190,166
253,166
399,166
83,167
189,167
254,167
255,167
398,167
83,168
188,168
256,168
398,168
82,169
187,169
257,169
398,169
82,170
186,170
258,170
398,170
82,171
185,171
258,171
397,171
81,172
184,172
258,172
397,172
81,173
183,173
258,173
397,173
82,174
182,174
258,174
397,174
82,175
181,175
258,175
397,175
81,176
181,176
258,176
397,176
81,177
181,177
258,177
397,177
81,178
181,178
257,178
397,178
81,179
180,179
257,179
397,179
81,180
179,180
257,180
397,180
80,181
179,181
258,181
397,181
80,182
179,182
258,182
396,182
80,183
178,183
257,183
396,183
80,184
178,184
257,184
396,184
79,185
178,185
257,185
396,185
79,186
178,186
256,186
396,186
79,187
178,187
256,187
396,187
80,188
178,188
255,188
395,188
80,189
177,189
255,189
396,189
80,190
177,190
254,190
396,190
79,191
178,191
254,191
395,191
79,192
178,192
254,192
395,192
79,193
178,193
253,193
395,193
78,194
179,194
253,194
395,194
78,195
179,195
253,195
395,195
78,196
180,196
252,196
395,196
78,197
181,197
252,197
395,197
78,198
182,198
251,198
395,198
77,199
183,199
250,199
394,199
77,200
183,200
250,200
394,200
78,201
184,201
249,201
394,201
78,202
184,202
249,202
395,202
78,203
184,203
248,203
395,203
78,204
185,204
248,204
394,204
78,205
185,205
248,205
394,205
77,206
186,206
247,206
394,206
77,207
186,207
247,207
394,207
77,208
187,208
247,208
394,208
76,209
187,209
247,209
393,209
76,210
188,210
246,210
393,210
76,211
189,211
246,211
393,211
76,212
189,212
245,212
392,212
76,213
189,213
245,213
392,213
76,214
189,214
245,214
392,214
76,215
190,215
244,215
392,215
76,216
190,216
244,216
392,216
76,217
190,217
244,217
393,217
75,218
191,218
244,218
394,218
75,219
191,219
244,219
395,219
75,220
191,220
244,220
395,220
74,221
191,221
245,221
395,221
74,222
190,222
246,222
395,222
74,223
191,223
247,223
380,223
381,223
382,223
383,223
393,223
394,223
74,224
190,224
247,224
341,224
342,224
354,224
355,224
356,224
357,224
358,224
359,224
360,224
367,224
368,224
369,224
370,224
371,224
372,224
373,224
374,224
375,224
376,224
377,224
378,224
379,224
384,224
392,224
74,225
190,225
248,225
249,225
328,225
329,225
330,225
331,225
332,225
333,225
334,225
335,225
336,225
337,225
340,225
343,225
344,225
345,225
346,225
347,225
348,225
349,225
350,225
351,225
352,225
353,225
361,225
362,225
363,225
364,225
365,225
366,225
384,225
391,225
73,226
189,226
250,226
251,226
289,226
290,226
291,226
292,226
295,226
296,226
297,226
302,226
303,226
304,226
305,226
306,226
307,226
308,226
309,226
310,226
311,226
312,226
313,226
314,226
315,226
316,226
317,226
318,226
319,226
320,226
321,226
322,226
323,226
324,226
325,226
326,226
327,226
338,226
339,226
384,226
390,226
74,227
188,227
252,227
253,227
254,227
255,227
262,227
276,227
277,227
278,227
279,227
280,227
281,227
282,227
283,227
286,227
287,227
288,227
293,227
294,227
298,227
299,227
300,227
301,227
385,227
386,227
387,227
390,227
74,228
186,228
187,228
256,228
257,228
258,228
259,228
260,228
261,228
263,228
264,228
265,228
266,228
267,228
268,228
269,228
270,228
271,228
272,228
273,228
274,228
275,228
284,228
285,228
388,228
390,228
74,229
184,229
185,229
388,229
390,229
74,230
183,230
389,230
73,231
181,231
182,231
73,232
173,232
174,232
175,232
176,232
177,232
178,232
179,232
180,232
72,233
171,233
172,233
72,234
158,234
159,234
160,234
161,234
162,234
163,234
164,234
165,234
166,234
167,234
168,234
169,234
170,234
72,235
148,235
149,235
150,235
154,235
155,235
156,235
157,235
72,236
137,236
138,236
141,236
142,236
143,236
144,236
145,236
146,236
147,236
151,236
152,236
153,236
72,237
132,237
133,237
134,237
135,237
136,237
139,237
140,237
72,238
122,238
123,238
124,238
125,238
126,238
127,238
128,238
129,238
130,238
131,238
71,239
119,239
120,239
121,239
72,240
106,240
107,240
108,240
109,240
110,240
111,240
112,240
113,240
114,240
115,240
116,240
117,240
118,240
72,241
105,241
72,242
93,242
94,242
95,242
96,242
97,242
98,242
99,242
100,242
101,242
102,242
103,242
104,242
72,243
91,243
92,243
73,244
74,244
80,244
81,244
82,244
83,244
84,244
85,244
86,244
87,244
88,244
89,244
90,244
75,245
76,245
77,245
78,245
79,245