2,0
3,1
2,2
2,3
2,4
2,5
2,6
2,7
2,8
2,9
2,10
2,11
2,12
2,13
3,14
3,15
3,16
3,17
3,18
3,19
3,20
4,21
4,22
4,23
4,24
4,25
4,26
4,27
4,28
4,29
4,30
4,31
4,32
4,33
4,34
5,35
5,36
5,37
5,38
5,39
5,40
5,41
5,42
5,43
5,44
5,45
5,46
5,47
5,48
5,49
5,50
5,51
6,52
6,53
6,54
6,55
6,56
6,57
6,58
6,59
6,60
6,61
6,62
6,63
6,64
6,65
6,66
6,67
6,68
6,69
6,70
6,71
6,72
6,73
7,74
7,75
7,76
7,77
7,78
7,79
7,80
7,81
7,82
7,83
7,84
7,85
7,86
7,87
7,88
7,89
7,90
7,91
7,92
7,93
7,94
7,95
7,96
7,97
7,98
8,99
8,100
8,101
7,102
8,103
8,104
8,105
8,106
8,107
8,108
8,109
8,110
8,111
8,112
8,113
8,114
8,115
9,116
9,117
9,118
9,119
9,120
9,121
9,122
10,123
10,124
10,125
10,126
10,127
10,128
10,129
10,130
9,131
60,131
61,131
62,131
63,131
64,131
65,131
66,131
67,131
10,132
58,132
59,132
68,132
69,132
10,133
56,133
57,133
70,133
71,133
10,134
54,134
55,134
72,134
11,135
53,135
73,135
11,136
51,136
52,136
74,136
75,136
11,137
49,137
50,137
76,137
11,138
48,138
76,138
12,139
47,139
77,139
12,140
45,140
46,140
78,140
13,141
44,141
79,141
13,142
42,142
43,142
79,142
14,143
41,143
80,143
14,144
40,144
80,144
15,145
38,145
39,145
81,145
16,146
36,146
37,146
81,146
17,147
34,147
35,147
82,147
18,148
31,148
32,148
33,148
82,148
19,149
20,149
27,149
28,149
29,149
30,149
83,149
21,150
22,150
23,150
24,150
25,150
26,150
83,150
83,151
84,152
84,153
85,154
85,155
85,156
86,157
86,158
86,159
86,160
86,161
86,162
87,163
87,164
87,165
88,166
88,167
88,168
88,169
88,170
88,171
88,172
88,173
88,174
88,175
88,176
88,177
88,178
88,179
88,180
88,181
88,182
88,183
88,184
87,185
87,186
87,187
87,188
87,189
86,190
85,191
85,192
86,193
85,194
85,195
84,196
84,197
21,198
22,198
23,198
24,198
25,198
26,198
27,198
28,198
84,198
20,199
29,199
30,199
31,199
83,199
19,200
32,200
33,200
34,200
83,200
18,201
35,201
36,201
83,201
17,202
37,202
38,202
82,202
16,203
39,203
81,203
16,204
40,204
41,204
80,204
15,205
42,205
80,205
15,206
43,206
44,206
79,206
15,207
45,207
46,207
79,207
14,208
47,208
78,208
13,209
48,209
78,209
12,210
48,210
77,210
13,211
49,211
50,211
51,211
77,211
13,212
52,212
76,212
12,213
53,213
54,213
75,213
12,214
55,214
56,214
73,214
74,214
11,215
57,215
72,215
11,216
58,216
59,216
70,216
71,216
11,217
60,217
61,217
62,217
63,217
67,217
68,217
69,217
11,218
64,218
65,218
66,218
11,219
11,220
11,221
11,222
10,223
10,224
11,225
10,226
10,227
10,228
10,229
10,230
9,231
9,232
9,233
9,234
9,235
9,236
9,237
9,238
8,239
8,240
8,241
8,242
8,243
8,244
8,245
8,246
8,247
8,248
8,249
8,250
8,251
8,252
7,253
7,254
7,255
7,256
7,257
7,258
7,259
7,260
7,261
6,262
6,263
6,264
6,265
6,266
6,267
5,268
5,269
5,270
5,271
5,272
5,273
5,274
4,275
4,276
4,277
4,278
4,279
4,280
4,281
3,282
3,283
3,284
4,285
4,286
3,287
3,288
3,289
2,290
2,291
1,292
1,293
0,294
0,295
0,296
1,297