1,0
1,1
1,2
1,3
1,4
1,5
1,6
1,7
1,8
1,9
1,10
1,11
1,12
1,13
1,14
1,15
1,16
1,17
1,18
1,19
1,20
1,21
1,22
1,23
1,24
1,25
1,26
1,27
1,28
1,29
1,30
1,31
1,32
1,33
1,34
1,35
1,36
1,37
1,38
1,39
1,40
1,41
1,42
0,43
1,44
1,45
0,46
0,47
1,48
0,49
0,50
0,51
0,52
1,53
1,54
1,55
1,56
1,57
1,58
1,59
1,60
45,60
46,60
47,60
48,60
49,60
50,60
51,60
52,60
53,60
54,60
1,61
44,61
55,61
56,61
57,61
58,61
2,62
41,62
42,62
43,62
59,62
2,63
39,63
40,63
60,63
61,63
2,64
37,64
38,64
62,64
3,65
34,65
35,65
36,65
62,65
3,66
33,66
63,66
3,67
31,67
32,67
64,67
65,67
4,68
30,68
66,68
4,69
27,69
28,69
29,69
67,69
5,70
26,70
67,70
5,71
25,71
68,71
6,72
23,72
24,72
68,72
7,73
8,73
9,73
19,73
20,73
21,73
22,73
69,73
10,74
11,74
12,74
13,74
14,74
15,74
17,74
18,74
69,74
16,75
70,75
70,76
71,77
71,78
72,79
72,80
72,81
73,82
73,83
73,84
74,85
74,86
75,87
75,88
75,89
75,90
75,91
76,92
76,93
76,94
75,95
75,96
75,97
75,98
76,99
76,100
76,101
76,102
76,103
76,104
76,105
76,106
76,107
75,108
75,109
75,110
74,111
73,112
74,113
74,114
74,115
73,116
73,117
73,118
73,119
72,120
72,121
71,122
71,123
71,124
70,125
12,126
13,126
14,126
15,126
16,126
70,126
10,127
11,127
17,127
18,127
19,127
69,127
9,128
20,128
21,128
22,128
69,128
8,129
23,129
24,129
68,129
7,130
25,130
27,130
67,130
6,131
26,131
28,131
29,131
67,131
6,132
30,132
31,132
32,132
67,132
5,133
33,133
34,133
35,133
67,133
6,134
36,134
66,134
5,135
37,135
65,135
5,136
38,136
39,136
64,136
5,137
40,137
63,137
4,138
41,138
42,138
43,138
62,138
4,139
44,139
45,139
61,139
4,140
46,140
60,140
3,141
47,141
48,141
49,141
50,141
56,141
57,141
58,141
59,141
3,142
51,142
52,142
53,142
54,142
55,142
3,143
3,144
3,145
3,146
3,147
3,148
3,149
3,150
3,151
3,152
3,153
3,154
3,155
3,156
3,157
3,158
3,159
3,160
3,161
3,162
3,163
3,164
3,165
2,166
2,167
3,168
3,169
3,170
3,171
3,172
3,173
3,174
3,175
3,176
3,177
3,178
3,179
3,180
3,181
3,182
2,183
2,184
2,185
2,186
2,187
2,188
2,189
2,190
2,191
2,192
2,193
2,194
3,195
2,196
2,197
2,198
2,199
2,200
2,201
2,202
2,203
2,204
3,205
3,206
3,207
3,208
3,209
3,210
3,211
3,212
3,213
3,214
3,215
3,216
3,217
3,218
3,219
2,220
2,221
2,222
2,223
3,224
2,225
2,226
2,227
2,228
2,229
2,230
2,231
2,232
2,233
2,234
2,235
2,236
2,237
2,238
2,239
2,240
2,241
2,242
2,243
2,244
2,245
1,246
1,247
1,248
1,249
2,250
2,251
1,252
1,253
1,254
1,255
1,256
1,257
1,258
2,259
2,260
2,261
2,262