11,0
11,1
11,2
10,3
10,4
10,5
10,6
10,7
10,8
9,9
8,10
9,11
9,12
9,13
8,14
8,15
8,16
8,17
7,18
7,19
7,20
7,21
6,22
6,23
6,24
6,25
6,26
5,27
5,28
6,29
5,30
5,31
5,32
5,33
4,34
4,35
4,36
4,37
4,38
4,39
3,40
3,41
3,42
3,43
3,44
3,45
3,46
4,47
3,48
3,49
2,50
2,51
2,52
2,53
1,54
1,55
1,56
1,57
1,58
1,59
0,60
0,61
0,62
0,63
0,64
1,65
1,66
2,67
1,68
1,69
1,70
1,71
1,72
1,73
1,74
49,74
50,74
56,74
57,74
58,74
1,75
44,75
45,75
46,75
47,75
48,75
51,75
52,75
53,75
54,75
55,75
59,75
60,75
1,76
41,76
42,76
43,76
61,76
62,76
2,77
39,77
40,77
63,77
64,77
2,78
38,78
65,78
2,79
37,79
66,79
67,79
3,80
34,80
35,80
36,80
68,80
69,80
70,80
4,81
31,81
32,81
33,81
71,81
5,82
27,82
28,82
29,82
30,82
72,82
6,83
22,83
23,83
24,83
25,83
26,83
73,83
7,84
8,84
9,84
10,84
21,84
74,84
11,85
12,85
13,85
14,85
15,85
16,85
17,85
18,85
19,85
20,85
75,85
76,86
77,87
78,88
78,89
78,90
78,91
79,92
80,93
80,94
81,95
81,96
81,97
82,98
83,99
84,100
84,101
84,102
84,103
84,104
84,105
84,106
84,107
84,108
84,109
84,110
85,111
84,112
83,113
83,114
83,115
82,116
83,117
83,118
83,119
83,120
83,121
83,122
83,123
82,124
82,125
81,126
81,127
80,128
79,129
78,130
77,131
77,132
76,133
10,134
11,134
12,134
76,134
7,135
8,135
9,135
13,135
14,135
15,135
16,135
17,135
18,135
19,135
76,135
6,136
20,136
21,136
22,136
23,136
24,136
25,136
76,136
6,137
26,137
27,137
75,137
5,138
28,138
73,138
74,138
5,139
29,139
30,139
72,139
4,140
31,140
71,140
4,141
32,141
33,141
69,141
70,141
4,142
34,142
67,142
68,142
3,143
35,143
36,143
65,143
66,143
3,144
37,144
38,144
40,144
63,144
64,144
2,145
39,145
41,145
42,145
59,145
60,145
61,145
62,145
1,146
43,146
44,146
45,146
46,146
47,146
58,146
1,147
48,147
49,147
50,147
51,147
52,147
53,147
54,147
55,147
56,147
57,147
1,148
1,149
1,150
0,151
0,152
0,153
0,154
1,155
1,156
1,157
1,158
1,159
1,160
1,161
1,162
2,163
2,164
2,165
2,166
2,167
1,168
1,169
1,170
1,171
2,172
3,173
3,174
3,175
3,176
3,177
3,178
3,179
4,180
4,181
4,182
4,183
4,184
4,185
4,186
4,187
4,188
4,189
4,190
5,191
5,192
5,193
5,194
6,195
5,196
5,197
5,198
5,199
6,200
6,201
6,202
6,203
6,204
7,205
7,206
7,207
8,208
8,209
7,210
8,211
8,212
8,213
8,214
8,215
8,216
8,217
8,218
9,219
9,220
9,221
9,222
9,223
9,224
9,225
10,226
10,227
10,228
10,229
11,230
11,231
11,232
11,233
11,234
11,235
11,236
11,237
11,238
11,239
11,240
11,241
11,242
12,243
13,244
13,245
12,246
13,247
13,248
13,249
13,250
13,251
13,252
13,253
13,254
13,255