70,0
70,1
71,2
72,3
72,4
71,5
71,6
71,7
71,8
71,9
71,10
71,11
70,12
70,13
70,14
70,15
70,16
71,17
70,18
70,19
70,20
70,21
70,22
70,23
70,24
70,25
70,26
70,27
70,28
70,29
70,30
70,31
70,32
70,33
70,34
70,35
70,36
70,37
70,38
71,39
71,40
71,41
71,42
71,43
71,44
71,45
71,46
71,47
71,48
71,49
71,50
71,51
71,52
71,53
71,54
71,55
71,56
71,57
71,58
71,59
71,60
71,61
71,62
71,63
71,64
71,65
70,66
70,67
70,68
71,69
71,70
71,71
71,72
71,73
71,74
72,75
71,76
14,77
15,77
22,77
71,77
13,78
16,78
17,78
18,78
19,78
20,78
21,78
23,78
24,78
72,78
12,79
25,79
71,79
11,80
26,80
27,80
71,80
10,81
28,81
29,81
71,81
9,82
11,82
30,82
71,82
8,83
10,83
31,83
70,83
7,84
32,84
70,84
7,85
33,85
34,85
35,85
69,85
7,86
36,86
70,86
7,87
37,87
70,87
5,88
6,88
37,88
69,88
4,89
38,89
39,89
64,89
68,89
3,90
40,90
41,90
62,90
63,90
65,90
66,90
68,90
3,91
42,91
44,91
61,91
67,91
2,92
43,92
45,92
46,92
57,92
58,92
59,92
60,92
2,93
47,93
55,93
56,93
2,94
48,94
54,94
3,95
49,95
50,95
51,95
52,95
53,95
2,96
4,96
3,97
2,98
2,99
2,100
1,101
1,102
1,103
1,104
1,105
1,106
1,107
0,108
0,109
0,110
1,111
0,112
0,113
0,114
0,115
0,116
0,117
0,118
0,119
0,120
0,121
0,122
0,123
0,124
0,125
0,126
0,127
0,128
0,129
0,130
0,131
0,132
0,133
0,134
0,135
1,136
1,137
1,138
1,139
1,140
1,141
1,142
61,142
62,142
63,142
64,142
1,143
57,143
58,143
59,143
60,143
65,143
2,144
52,144
53,144
54,144
55,144
56,144
66,144
67,144
2,145
51,145
68,145
69,145
3,146
50,146
70,146
4,147
48,147
49,147
70,147
4,148
47,148
71,148
4,149
46,149
71,149
4,150
45,150
71,150
5,151
43,151
44,151
72,151
5,152
42,152
73,152
6,153
41,153
73,153
6,154
40,154
74,154
7,155
38,155
39,155
74,155
7,156
37,156
74,156
8,157
9,157
35,157
36,157
74,157
10,158
34,158
74,158
10,159
32,159
33,159
74,159
11,160
31,160
75,160
12,161
13,161
29,161
30,161
75,161
14,162
27,162
28,162
75,162
15,163
25,163
26,163
75,163
16,164
17,164
18,164
19,164
20,164
21,164
22,164
23,164
24,164
75,164
75,165
75,166
75,167
75,168
75,169
75,170
75,171
75,172
74,173
74,174
74,175
74,176
74,177
74,178
74,179
74,180
74,181
75,182
75,183
75,184
75,185
75,186
74,187
74,188
74,189
74,190
74,191
74,192
74,193
74,194
74,195
74,196
74,197
73,198
73,199
73,200
73,201
73,202
73,203
73,204
73,205
73,206
73,207
72,208
72,209
72,210
72,211
72,212
72,213
72,214
72,215
72,216
72,217
73,218
73,219
73,220
73,221
73,222
72,223
72,224
72,225
72,226
72,227
72,228
72,229
72,230
72,231
72,232
72,233
72,234
72,235
72,236
72,237
72,238
71,239
71,240
71,241
71,242
71,243
71,244
71,245
71,246
71,247
71,248
71,249
71,250
71,251
71,252
70,253
71,254
71,255
71,256
71,257
71,258
71,259
71,260
71,261
71,262
71,263
71,264
71,265
71,266
71,267
70,268
70,269
70,270
70,271
70,272
70,273
70,274
70,275