116,0
115,1
115,2
115,3
115,4
114,5
114,6
114,7
114,8
114,9
114,10
113,11
112,12
112,13
113,14
112,15
111,16
111,17
111,18
111,19
111,20
111,21
110,22
110,23
109,24
109,25
109,26
110,27
109,28
108,29
108,30
108,31
108,32
108,33
107,34
107,35
107,36
107,37
107,38
106,39
106,40
105,41
105,42
105,43
105,44
104,45
104,46
104,47
104,48
104,49
104,50
103,51
103,52
103,53
103,54
102,55
102,56
102,57
102,58
102,59
102,60
101,61
100,62
100,63
100,64
99,65
99,66
99,67
98,68
98,69
98,70
98,71
98,72
98,73
97,74
97,75
97,76
97,77
97,78
96,79
96,80
96,81
96,82
96,83
96,84
95,85
95,86
95,87
95,88
95,89
95,90
94,91
93,92
93,93
93,94
93,95
92,96
92,97
92,98
92,99
92,100
32,101
33,101
34,101
35,101
36,101
37,101
38,101
39,101
92,101
27,102
30,102
31,102
40,102
41,102
91,102
26,103
28,103
29,103
42,103
91,103
25,104
43,104
91,104
24,105
44,105
91,105
23,106
45,106
91,106
21,107
22,107
46,107
90,107
19,108
20,108
47,108
89,108
18,109
48,109
89,109
18,110
49,110
89,110
18,111
49,111
89,111
17,112
49,112
89,112
16,113
50,113
89,113
15,114
51,114
52,114
88,114
14,115
53,115
87,115
14,116
53,116
87,116
13,117
54,117
87,117
13,118
55,118
87,118
12,119
56,119
86,119
11,120
57,120
58,120
85,120
11,121
59,121
84,121
11,122
60,122
85,122
10,123
60,123
85,123
9,124
61,124
83,124
84,124
9,125
62,125
63,125
82,125
9,126
64,126
65,126
81,126
8,127
66,127
81,127
8,128
66,128
80,128
8,129
67,129
68,129
69,129
70,129
71,129
76,129
77,129
78,129
79,129
7,130
72,130
73,130
74,130
75,130
6,131
6,132
6,133
6,134
6,135
5,136
4,137
4,138
4,139
4,140
3,141
3,142
3,143
2,144
2,145
3,146
2,147
1,148
1,149
2,150
1,151
2,152
1,153
0,154
0,155
0,156
0,157
0,158
0,159
0,160
0,161
1,162
0,163
2,163
1,164
0,165
0,166
0,167
0,168
0,169
0,170
0,171
0,172
1,173
1,174
1,175
1,176
1,177
2,178
3,179
3,180
55,180
57,180
58,180
59,180
60,180
61,180
4,181
52,181
53,181
54,181
56,181
62,181
4,182
48,182
49,182
50,182
51,182
63,182
64,182
4,183
46,183
47,183
65,183
5,184
43,184
44,184
45,184
66,184
6,185
7,185
41,185
42,185
66,185
8,186
40,186
67,186
9,187
37,187
39,187
68,187
9,188
36,188
38,188
68,188
10,189
34,189
35,189
69,189
11,190
12,190
33,190
69,190
13,191
29,191
30,191
31,191
32,191
69,191
14,192
28,192
70,192
15,193
16,193
17,193
18,193
25,193
27,193
70,193
19,194
20,194
21,194
22,194
23,194
24,194
26,194
70,194
70,195
70,196
70,197
71,198
70,199
70,200
70,201
70,202
70,203
70,204
69,205
69,206
69,207
69,208
69,209
69,210
68,211
68,212
68,213
68,214
68,215
68,216
67,217
67,218
67,219
67,220
66,221
65,222
65,223
65,224
65,225
65,226
65,227
64,228
64,229
64,230
64,231
64,232
64,233
63,234
63,235
63,236
63,237
63,238
63,239
63,240
63,241
63,242
63,243
63,244
62,245
62,246
62,247
62,248
62,249
62,250
62,251
62,252
62,253
63,254
64,254
65,254
66,254
67,255
68,255
69,255
70,255
71,255
72,255
73,255
74,255
75,255
76,255
77,255
78,255
83,255
84,255
79,256
80,256
81,256
82,256
85,256
86,256
87,256
88,256
89,256
91,256
94,256
95,256
90,257
92,257
93,257
96,257
97,257
98,257
99,257
100,257
101,257
106,257
107,257
102,258
103,258
104,258
105,258
108,258
109,258
110,258
111,258
112,258
113,258
114,259
115,259
116,259
117,259
118,259
119,259
120,259
121,259
122,260
123,260
124,260
125,260
126,260
127,261
128,261
129,261
130,261
131,262
131,263
132,264
133,264
134,264
135,265
136,266
137,267
137,268
138,269
139,270
139,271
140,272
140,273
141,274
140,275
140,276
141,277
141,278
140,279
140,280
139,281
139,282
139,283
139,284
138,285
138,286
137,287
136,288
136,289
136,290
135,291
133,292
134,292
132,293
132,294
131,295
130,296
130,297
129,298
128,299
128,300
126,301
127,301
125,302
124,303
124,304
123,305
122,306
122,307
122,308
121,309
120,310
119,311
119,312
118,313
117,314
117,315
117,316
117,317
118,318
117,319
116,320
116,321
116,322
116,323