63,0
62,1
62,2
62,3
61,4
61,5
61,6
61,7
61,8
61,9
61,10
61,11
61,12
61,13
62,14
62,15
62,16
62,17
62,18
62,19
62,20
62,21
62,22
62,23
62,24
62,25
62,26
62,27
62,28
62,29
62,30
62,31
62,32
62,33
62,34
62,35
63,36
63,37
63,38
63,39
63,40
63,41
63,42
63,43
63,44
64,45
64,46
64,47
64,48
64,49
65,50
65,51
65,52
65,53
65,54
65,55
64,56
64,57
64,58
64,59
64,60
65,61
65,62
65,63
65,64
65,65
65,66
65,67
66,68
66,69
66,70
66,71
66,72
66,73
66,74
66,75
67,76
67,77
67,78
67,79
67,80
67,81
66,82
66,83
66,84
66,85
66,86
66,87
66,88
66,89
66,90
67,91
67,92
67,93
67,94
67,95
67,96
67,97
67,98
66,99
66,100
66,101
66,102
66,103
24,104
66,104
18,105
19,105
20,105
21,105
22,105
23,105
25,105
26,105
66,105
16,106
17,106
27,106
28,106
29,106
30,106
66,106
14,107
15,107
31,107
66,107
13,108
31,108
65,108
12,109
32,109
33,109
34,109
64,109
11,110
35,110
36,110
63,110
10,111
37,111
38,111
39,111
40,111
63,111
9,112
41,112
63,112
8,113
42,113
43,113
62,113
8,114
44,114
45,114
46,114
61,114
8,115
47,115
48,115
49,115
61,115
7,116
50,116
51,116
60,116
6,117
52,117
53,117
54,117
55,117
56,117
57,117
59,117
5,118
58,118
5,119
5,120
4,121
4,122
4,123
3,124
3,125
3,126
3,127
2,128
2,129
2,130
2,131
2,132
1,133
0,134
0,135
0,136
0,137
0,138
0,139
0,140
1,141
1,142
1,143
1,144
2,145
2,146
2,147
2,148
3,149
3,150
4,151
4,152
4,153
5,154
5,155
5,156
57,156
6,157
53,157
54,157
55,157
56,157
58,157
7,158
51,158
52,158
59,158
60,158
61,158
62,158
6,159
49,159
50,159
63,159
7,160
47,160
48,160
63,160
8,161
46,161
64,161
8,162
44,162
45,162
64,162
9,163
42,163
43,163
65,163
10,164
41,164
65,164
11,165
39,165
40,165
66,165
12,166
36,166
37,166
38,166
66,166
13,167
35,167
66,167
14,168
15,168
34,168
66,168
16,169
30,169
31,169
32,169
33,169
66,169
17,170
18,170
19,170
28,170
29,170
67,170
20,171
21,171
22,171
24,171
25,171
26,171
27,171
67,171
23,172
67,172
67,173
68,174
68,175
68,176
67,177
67,178
67,179
68,180
67,181
67,182
67,183
67,184
67,185
66,186
66,187
66,188
66,189
66,190
66,191
65,192
65,193
65,194
65,195
65,196
65,197
64,198
64,199
64,200
64,201
64,202
64,203
64,204
64,205
64,206
64,207
63,208
63,209
63,210
63,211
62,212
62,213
62,214
62,215
62,216
62,217
62,218
62,219
62,220
62,221
62,222
62,223
62,224
61,225
61,226
61,227
60,228
60,229