216,0
217,0
218,0
219,0
220,0
221,0
222,0
223,0
224,0
225,0
226,0
227,0
228,0
229,0
230,0
231,0
232,0
233,0
234,0
235,0
236,0
237,0
238,0
239,0
240,0
241,0
242,0
243,0
244,0
245,0
246,0
247,0
248,0
207,1
208,1
209,1
210,1
211,1
212,1
213,1
214,1
215,1
249,1
250,1
251,1
252,1
205,2
206,2
253,2
254,2
255,2
256,2
201,3
202,3
203,3
204,3
257,3
259,3
199,4
200,4
258,4
260,4
261,4
262,4
196,5
197,5
198,5
263,5
194,6
195,6
264,6
265,6
192,7
193,7
266,7
191,8
267,8
190,9
268,9
188,10
189,10
269,10
187,11
270,11
271,11
186,12
272,12
186,13
273,13
185,14
273,14
185,15
274,15
184,16
275,16
184,17
275,17
183,18
275,18
183,19
276,19
182,20
276,20
181,21
276,21
181,22
276,22
181,23
276,23
181,24
276,24
181,25
276,25
181,26
276,26
181,27
276,27
181,28
275,28
181,29
275,29
182,30
274,30
183,31
273,31
183,32
272,32
184,33
272,33
185,34
271,34
185,35
270,35
186,36
269,36
187,37
269,37
188,38
189,38
268,38
190,39
267,39
191,40
266,40
191,41
266,41
192,42
265,42
193,43
264,43
193,44
263,44
194,45
262,45
194,46
262,46
195,47
261,47
195,48
261,48
196,49
261,49
196,50
260,50
197,51
260,51
197,52
259,52
197,53
259,53
198,54
259,54
198,55
258,55
199,56
258,56
199,57
258,57
200,58
258,58
200,59
258,59
200,60
258,60
200,61
258,61
200,62
258,62
373,62
374,62
375,62
376,62
377,62
200,63
258,63
364,63
365,63
366,63
367,63
368,63
369,63
370,63
371,63
372,63
378,63
200,64
259,64
361,64
362,64
363,64
378,64
201,65
260,65
261,65
346,65
347,65
348,65
349,65
353,65
354,65
355,65
356,65
357,65
358,65
359,65
360,65
378,65
201,66
262,66
338,66
339,66
341,66
342,66
343,66
344,66
345,66
350,66
351,66
352,66
378,66
200,67
263,67
337,67
340,67
378,67
199,68
264,68
329,68
330,68
331,68
332,68
333,68
334,68
335,68
336,68
378,68
198,69
264,69
317,69
318,69
319,69
320,69
321,69
322,69
323,69
324,69
325,69
326,69
327,69
328,69
377,69
198,70
265,70
266,70
312,70
313,70
314,70
315,70
316,70
377,70
197,71
267,71
268,71
308,71
309,71
310,71
311,71
377,71
196,72
269,72
300,72
301,72
302,72
303,72
304,72
305,72
306,72
307,72
377,72
195,73
270,73
271,73
272,73
292,73
293,73
294,73
295,73
296,73
297,73
298,73
299,73
377,73
193,74
194,74
273,74
274,74
275,74
276,74
277,74
278,74
279,74
280,74
281,74
284,74
286,74
287,74
288,74
289,74
290,74
291,74
377,74
190,75
191,75
192,75
282,75
283,75
285,75
376,75
81,76
82,76
83,76
84,76
85,76
86,76
87,76
88,76
89,76
90,76
91,76
92,76
93,76
94,76
104,76
105,76
106,76
107,76
187,76
188,76
189,76
376,76
80,77
95,77
96,77
97,77
98,77
99,77
100,77
101,77
102,77
103,77
108,77
109,77
110,77
111,77
112,77
113,77
114,77
115,77
116,77
117,77
118,77
119,77
124,77
125,77
126,77
127,77
130,77
131,77
132,77
133,77
134,77
135,77
136,77
137,77
138,77
139,77
140,77
141,77
142,77
158,77
159,77
160,77
161,77
162,77
164,77
182,77
183,77
184,77
185,77
186,77
376,77
80,78
120,78
121,78
122,78
123,78
128,78
129,78
143,78
144,78
145,78
146,78
147,78
148,78
149,78
150,78
151,78
152,78
153,78
154,78
156,78
157,78
163,78
165,78
166,78
167,78
168,78
169,78
170,78
171,78
172,78
173,78
174,78
175,78
176,78
177,78
178,78
179,78
180,78
181,78
376,78
79,79
155,79
376,79
79,80
376,80
79,81
376,81
79,82
375,82
79,83
375,83
79,84
375,84
79,85
374,85
79,86
374,86
79,87
375,87
79,88
375,88
79,89
375,89
79,90
374,90
79,91
374,91
78,92
374,92
79,93
374,93
79,94
374,94
79,95
374,95
79,96
374,96
79,97
373,97
79,98
373,98
79,99
373,99
79,100
373,100
79,101
373,101
79,102
373,102
79,103
372,103
79,104
372,104
79,105
372,105
78,106
372,106
78,107
372,107
78,108
371,108
78,109
371,109
78,110
371,110
78,111
371,111
78,112
370,112
78,113
370,113
78,114
371,114
78,115
371,115
78,116
371,116
77,117
371,117
77,118
370,118
78,119
370,119
78,120
370,120
78,121
370,121
78,122
370,122
78,123
369,123
78,124
369,124
78,125
369,125
78,126
369,126
77,127
369,127
77,128
369,128
77,129
368,129
77,130
368,130
77,131
368,131
77,132
368,132
77,133
368,133
77,134
367,134
77,135
367,135
77,136
367,136
76,137
367,137
76,138
366,138
76,139
314,139
315,139
366,139
76,140
313,140
316,140
317,140
318,140
319,140
320,140
321,140
322,140
323,140
324,140
366,140
76,141
312,141
325,141
326,141
366,141
75,142
309,142
310,142
311,142
327,142
366,142
27,143
74,143
306,143
307,143
308,143
328,143
329,143
330,143
331,143
365,143
19,144
20,144
21,144
22,144
23,144
24,144
25,144
26,144
28,144
29,144
74,144
301,144
302,144
303,144
304,144
305,144
332,144
365,144
17,145
18,145
30,145
74,145
300,145
333,145
334,145
364,145
16,146
31,146
32,146
74,146
299,146
335,146
336,146
340,146
363,146
14,147
15,147
33,147
34,147
73,147
298,147
337,147
338,147
339,147
341,147
363,147
13,148
35,148
36,148
72,148
297,148
342,148
343,148
344,148
345,148
362,148
12,149
37,149
38,149
71,149
296,149
346,149
347,149
360,149
361,149
11,150
39,150
71,150
296,150
348,150
349,150
350,150
351,150
352,150
353,150
354,150
355,150
356,150
357,150
358,150
359,150
10,151
40,151
70,151
295,151
9,152
41,152
70,152
294,152
9,153
42,153
70,153
293,153
8,154
43,154
67,154
68,154
69,154
292,154
7,155
44,155
45,155
46,155
66,155
291,155
6,156
47,156
48,156
62,156
63,156
64,156
65,156
291,156
6,157
49,157
50,157
53,157
54,157
55,157
61,157
291,157
6,158
51,158
52,158
56,158
57,158
59,158
60,158
290,158
5,159
58,159
290,159
4,160
289,160
4,161
288,161
3,162
288,162
3,163
288,163
3,164
287,164
3,165
287,165
2,166
287,166
2,167
287,167
2,168
287,168
1,169
286,169
1,170
286,170
1,171
285,171
1,172
285,172
1,173
286,173
1,174
286,174
1,175
286,175
1,176
286,176
1,177
286,177
1,178
286,178
1,179
286,179
1,180
286,180
1,181
286,181
0,182
286,182
0,183
286,183
0,184
286,184
0,185
286,185
0,186
286,186
0,187
286,187
0,188
287,188
0,189
287,189
0,190
287,190
0,191
288,191
0,192
288,192
0,193
289,193
290,193
0,194
291,194
0,195
291,195
0,196
291,196
0,197
292,197
0,198
292,198
1,199
293,199
1,200
293,200
1,201
294,201
1,202
294,202
349,202
350,202
351,202
352,202
353,202
354,202
355,202
356,202
357,202
358,202
1,203
295,203
344,203
345,203
346,203
347,203
348,203
359,203
360,203
2,204
295,204
342,204
343,204
361,204
2,205
295,205
341,205
362,205
2,206
296,206
297,206
340,206
363,206
2,207
298,207
337,207
338,207
339,207
364,207
2,208
299,208
336,208
364,208
2,209
300,209
334,209
335,209
365,209
3,210
300,210
331,210
332,210
333,210
365,210
3,211
301,211
302,211
328,211
329,211
330,211
365,211
3,212
303,212
327,212
365,212
3,213
304,213
305,213
322,213
323,213
324,213
325,213
326,213
366,213
3,214
306,214
307,214
320,214
321,214
366,214
3,215
308,215
309,215
310,215
315,215
316,215
317,215
318,215
319,215
366,215
4,216
311,216
312,216
313,216
314,216
366,216
4,217
366,217
4,218
367,218
5,219
59,219
60,219
61,219
62,219
367,219
5,220
54,220
55,220
56,220
57,220
58,220
63,220
64,220
65,220
66,220
367,220
5,221
53,221
67,221
367,221
6,222
50,222
51,222
52,222
68,222
367,222
7,223
49,223
69,223
70,223
368,223
8,224
47,224
48,224
71,224
368,224
9,225
45,225
46,225
72,225
368,225
9,226
43,226
44,226
73,226
368,226
10,227
41,227
42,227
73,227
368,227
10,228
39,228
40,228
74,228
368,228
10,229
37,229
38,229
74,229
368,229
10,230
12,230
13,230
36,230
75,230
368,230
11,231
14,231
15,231
34,231
35,231
75,231
368,231
16,232
31,232
32,232
33,232
75,232
368,232
17,233
18,233
30,233
76,233
368,233
19,234
20,234
29,234
76,234
368,234
21,235
22,235
23,235
24,235
25,235
26,235
27,235
28,235
76,235
367,235
76,236
367,236
77,237
367,237
77,238
368,238
77,239
368,239
77,240
368,240
77,241
368,241
78,242
368,242
78,243
368,243
78,244
369,244
78,245
369,245
78,246
369,246
78,247
368,247
78,248
368,248
79,249
368,249
79,250
368,250
79,251
368,251
79,252
368,252
79,253
368,253
79,254
368,254
79,255
368,255
79,256
368,256
79,257
368,257
79,258
368,258
79,259
368,259
79,260
368,260
79,261
368,261
79,262
368,262
79,263
368,263
79,264
368,264
80,265
368,265
80,266
368,266
80,267
368,267
80,268
368,268
79,269
368,269
79,270
369,270
80,271
369,271
80,272
369,272
80,273
369,273
80,274
369,274
81,275
369,275
81,276
369,276
80,277
369,277
80,278
369,278
80,279
369,279
80,280
369,280
81,281
369,281
81,282
369,282
81,283
369,283
81,284
369,284
81,285
369,285
81,286
369,286
81,287
369,287
81,288
369,288
81,289
369,289
81,290
368,290
81,291
368,291
81,292
368,292
81,293
368,293
81,294
368,294
80,295
368,295
80,296
369,296
80,297
343,297
344,297
345,297
346,297
352,297
353,297
354,297
355,297
356,297
357,297
358,297
366,297
367,297
368,297
79,298
295,298
296,298
297,298
305,298
306,298
307,298
308,298
309,298
310,298
314,298
315,298
316,298
317,298
318,298
319,298
320,298
321,298
322,298
323,298
324,298
325,298
326,298
327,298
328,298
329,298
330,298
331,298
337,298
338,298
340,298
341,298
342,298
347,298
348,298
349,298
350,298
351,298
359,298
360,298
361,298
362,298
363,298
364,298
365,298
78,299
292,299
293,299
294,299
298,299
299,299
300,299
301,299
302,299
303,299
304,299
311,299
312,299
313,299
332,299
333,299
334,299
335,299
336,299
339,299
79,300
291,300
80,301
82,301
290,301
81,302
83,302
84,302
85,302
86,302
87,302
88,302
89,302
90,302
91,302
92,302
93,302
94,302
95,302
96,302
108,302
109,302
110,302
111,302
112,302
113,302
114,302
289,302
97,303
98,303
99,303
100,303
101,303
102,303
103,303
104,303
105,303
106,303
107,303
115,303
116,303
117,303
118,303
119,303
120,303
121,303
122,303
123,303
124,303
125,303
126,303
127,303
134,303
135,303
136,303
137,303
138,303
139,303
140,303
141,303
142,303
143,303
144,303
145,303
146,303
147,303
148,303
149,303
150,303
151,303
152,303
160,303
161,303
162,303
163,303
164,303
165,303
166,303
167,303
168,303
169,303
170,303
171,303
172,303
173,303
174,303
175,303
176,303
177,303
178,303
179,303
180,303
181,303
182,303
183,303
184,303
185,303
186,303
187,303
188,303
189,303
190,303
191,303
192,303
193,303
194,303
195,303
196,303
197,303
198,303
199,303
200,303
201,303
202,303
203,303
204,303
205,303
206,303
207,303
289,303
128,304
129,304
130,304
131,304
132,304
133,304
153,304
154,304
155,304
156,304
157,304
158,304
159,304
208,304
209,304
210,304
211,304
212,304
213,304
214,304
288,304
215,305
286,305
287,305
216,306
285,306
216,307
284,307
217,308
283,308
217,309
282,309
218,310
281,310
219,311
281,311
220,312
280,312
221,313
222,313
280,313
223,314
280,314
223,315
279,315
224,316
279,316
224,317
279,317
225,318
279,318
225,319
279,319
225,320
280,320
225,321
280,321
224,322
280,322
224,323
280,323
224,324
281,324
224,325
282,325
223,326
282,326
223,327
283,327
222,328
283,328
222,329
284,329
221,330
284,330
220,331
284,331
220,332
285,332
220,333
285,333
219,334
285,334
218,335
286,335
218,336
286,336
217,337
286,337
216,338
287,338
216,339
287,339
215,340
287,340
214,341
288,341
214,342
288,342
214,343
288,343
213,344
289,344
213,345
289,345
213,346
289,346
213,347
290,347
212,348
290,348
212,349
290,349
212,350
291,350
213,351
291,351
213,352
291,352
213,353
292,353
214,354
292,354
214,355
292,355
214,356
291,356
215,357
291,357
216,358
291,358
217,359
291,359
218,360
290,360
218,361
289,361
219,362
289,362
220,363
288,363
221,364
287,364
222,365
223,365
286,365
224,366
225,366
284,366
285,366
226,367
283,367
227,368
228,368
281,368
282,368
229,369
230,369
279,369
280,369
231,370
232,370
276,370
277,370
278,370
233,371
234,371
235,371
274,371
275,371
236,372
237,372
238,372
240,372
270,372
271,372
272,372
273,372
239,373
241,373
242,373
243,373
244,373
245,373
246,373
266,373
267,373
268,373
269,373
247,374
248,374
249,374
250,374
265,374
251,375
252,375
253,375
254,375
255,375
256,375
257,375
258,375
259,375
260,375
261,375
262,375
263,375
264,375