76,0
76,1
76,2
76,3
76,4
76,5
76,6
76,7
76,8
77,9
77,10
77,11
77,12
77,13
77,14
76,15
76,16
76,17
77,18
77,19
77,20
77,21
77,22
77,23
77,24
77,25
77,26
78,27
78,28
78,29
78,30
77,31
77,32
77,33
77,34
77,35
77,36
78,37
78,38
78,39
78,40
78,41
78,42
79,43
79,44
79,45
79,46
78,47
78,48
78,49
79,50
79,51
79,52
79,53
79,54
79,55
79,56
79,57
79,58
80,59
80,60
80,61
80,62
79,63
79,64
79,65
80,66
80,67
80,68
80,69
80,70
81,71
81,72
81,73
81,74
81,75
81,76
81,77
81,78
81,79
80,80
80,81
81,82
81,83
81,84
80,85
80,86
80,87
80,88
80,89
80,90
80,91
79,92
79,93
21,94
22,94
23,94
24,94
25,94
26,94
27,94
28,94
29,94
30,94
31,94
32,94
33,94
34,94
35,94
36,94
37,94
38,94
39,94
79,94
20,95
40,95
78,95
18,96
19,96
41,96
42,96
43,96
44,96
45,96
46,96
78,96
17,97
47,97
48,97
49,97
50,97
51,97
52,97
77,97
14,98
15,98
16,98
53,98
54,98
55,98
76,98
13,99
56,99
75,99
13,100
57,100
58,100
59,100
60,100
61,100
62,100
63,100
74,100
12,101
64,101
65,101
66,101
67,101
68,101
69,101
70,101
71,101
72,101
73,101
11,102
11,103
10,104
10,105
9,106
8,107
8,108
6,109
7,109
5,110
4,111
4,112
4,113
4,114
3,115
3,116
3,117
3,118
2,119
2,120
2,121
2,122
2,123
2,124
1,125
0,126
0,127
0,128
0,129
0,130
0,131
0,132
0,133
0,134
0,135
1,136
1,137
2,138
2,139
3,140
2,141
3,142
3,143
4,144
5,145
5,146
6,147
6,148
6,149
7,150
7,151
8,152
9,152
10,153
10,154
10,155
11,156
11,157
12,158
13,159
63,159
64,159
65,159
66,159
67,159
68,159
69,159
14,160
60,160
61,160
62,160
70,160
71,160
72,160
73,160
74,160
15,161
58,161
59,161
75,161
76,161
16,162
53,162
56,162
57,162
77,162
17,163
51,163
52,163
54,163
55,163
77,163
18,164
19,164
48,164
49,164
50,164
77,164
20,165
46,165
47,165
78,165
21,166
43,166
44,166
45,166
79,166
22,167
23,167
34,167
35,167
36,167
40,167
41,167
42,167
79,167
24,168
25,168
26,168
27,168
28,168
29,168
30,168
31,168
32,168
33,168
37,168
38,168
39,168
80,168
80,169
80,170
81,171
81,172
82,173
82,174
82,175
81,176
81,177
81,178
82,179
81,180
82,181
82,182
82,183
82,184
82,185
81,186
81,187
81,188
81,189
81,190
82,191
81,192
81,193
80,194
80,195
80,196
80,197
79,198
79,199
79,200
79,201
79,202
79,203
79,204
79,205
79,206
79,207
78,208
78,209
78,210
77,211
77,212
77,213
77,214
77,215
77,216
77,217
77,218
77,219
77,220
77,221
77,222
76,223
76,224
76,225
76,226
75,227
75,228
75,229
75,230
75,231
74,232
74,233
74,234
74,235
75,236
75,237
75,238
75,239