289,0
290,0
291,0
292,0
293,0
294,0
295,0
296,0
297,0
298,0
272,1
273,1
274,1
275,1
276,1
280,1
281,1
282,1
283,1
284,1
285,1
286,1
287,1
288,1
299,1
266,2
267,2
268,2
269,2
270,2
271,2
277,2
278,2
279,2
299,2
260,3
261,3
262,3
263,3
264,3
265,3
299,3
246,4
247,4
248,4
249,4
252,4
253,4
254,4
255,4
256,4
257,4
258,4
259,4
300,4
239,5
240,5
241,5
242,5
243,5
244,5
245,5
250,5
251,5
300,5
233,6
234,6
235,6
236,6
237,6
238,6
300,6
227,7
228,7
229,7
230,7
231,7
232,7
300,7
220,8
221,8
222,8
223,8
224,8
225,8
226,8
300,8
219,9
299,9
217,10
218,10
299,10
216,11
299,11
215,12
299,12
130,13
131,13
132,13
133,13
134,13
135,13
136,13
137,13
138,13
139,13
140,13
141,13
143,13
144,13
145,13
146,13
147,13
148,13
149,13
150,13
151,13
152,13
153,13
154,13
155,13
156,13
214,13
299,13
124,14
125,14
126,14
127,14
128,14
129,14
142,14
157,14
158,14
159,14
160,14
161,14
162,14
213,14
300,14
110,15
111,15
112,15
113,15
114,15
120,15
121,15
122,15
123,15
163,15
212,15
300,15
103,16
104,16
105,16
106,16
107,16
108,16
109,16
115,16
116,16
117,16
118,16
119,16
164,16
165,16
211,16
300,16
97,17
99,17
100,17
101,17
102,17
166,17
212,17
300,17
80,18
81,18
82,18
83,18
84,18
85,18
86,18
91,18
92,18
93,18
94,18
95,18
96,18
98,18
167,18
212,18
300,18
73,19
74,19
75,19
76,19
77,19
78,19
79,19
87,19
88,19
89,19
90,19
167,19
212,19
301,19
57,20
58,20
59,20
65,20
66,20
67,20
68,20
69,20
70,20
71,20
72,20
167,20
212,20
301,20
48,21
49,21
50,21
51,21
52,21
53,21
54,21
55,21
56,21
60,21
61,21
62,21
63,21
64,21
167,21
212,21
301,21
39,22
40,22
41,22
42,22
43,22
44,22
45,22
46,22
47,22
167,22
212,22
301,22
27,23
28,23
29,23
30,23
31,23
32,23
34,23
35,23
36,23
37,23
38,23
167,23
212,23
302,23
16,24
17,24
18,24
19,24
20,24
21,24
22,24
23,24
24,24
25,24
26,24
33,24
167,24
212,24
302,24
2,25
3,25
4,25
5,25
11,25
12,25
13,25
14,25
15,25
167,25
213,25
302,25
1,26
6,26
7,26
8,26
9,26
10,26
167,26
214,26
302,26
0,27
167,27
214,27
302,27
1,28
166,28
215,28
302,28
1,29
166,29
216,29
302,29
0,30
166,30
216,30
303,30
0,31
166,31
217,31
303,31
0,32
165,32
217,32
303,32
0,33
164,33
218,33
303,33
0,34
164,34
218,34
303,34
0,35
163,35
219,35
304,35
0,36
163,36
219,36
303,36
0,37
162,37
220,37
303,37
1,38
162,38
221,38
303,38
1,39
161,39
222,39
303,39
1,40
161,40
222,40
304,40
1,41
160,41
222,41
304,41
1,42
160,42
223,42
304,42
1,43
159,43
224,43
304,43
2,44
159,44
225,44
304,44
2,45
158,45
226,45
304,45
2,46
158,46
227,46
305,46
2,47
157,47
227,47
305,47
2,48
156,48
227,48
305,48
2,49
156,49
228,49
305,49
2,50
156,50
228,50
305,50
3,51
155,51
229,51
305,51
3,52
155,52
229,52
306,52
3,53
154,53
229,53
306,53
3,54
154,54
229,54
306,54
3,55
154,55
229,55
306,55
4,56
153,56
229,56
307,56
3,57
153,57
229,57
307,57
3,58
153,58
229,58
307,58
3,59
152,59
229,59
307,59
3,60
151,60
228,60
308,60
4,61
151,61
227,61
308,61
4,62
150,62
226,62
308,62
4,63
150,63
226,63
307,63
4,64
150,64
225,64
307,64
4,65
150,65
225,65
307,65
4,66
150,66
224,66
308,66
5,67
150,67
224,67
308,67
5,68
151,68
223,68
308,68
5,69
151,69
223,69
308,69
5,70
151,70
220,70
221,70
222,70
308,70
5,71
151,71
219,71
309,71
5,72
151,72
219,72
309,72
6,73
152,73
217,73
218,73
309,73
6,74
153,74
215,74
216,74
309,74
6,75
154,75
214,75
309,75
6,76
155,76
212,76
213,76
309,76
6,77
156,77
211,77
309,77
6,78
157,78
158,78
159,78
209,78
210,78
309,78
7,79
160,79
208,79
310,79
7,80
161,80
162,80
163,80
164,80
205,80
206,80
207,80
310,80
7,81
165,81
166,81
204,81
310,81
7,82
167,82
200,82
201,82
202,82
203,82
310,82
7,83
58,83
61,83
62,83
63,83
64,83
65,83
66,83
67,83
68,83
168,83
169,83
170,83
171,83
197,83
198,83
199,83
310,83
6,84
55,84
56,84
57,84
59,84
60,84
69,84
70,84
172,84
173,84
174,84
193,84
196,84
311,84
7,85
53,85
54,85
71,85
72,85
175,85
176,85
177,85
178,85
179,85
180,85
181,85
182,85
183,85
184,85
185,85
186,85
187,85
188,85
189,85
190,85
191,85
192,85
194,85
195,85
311,85
7,86
52,86
73,86
74,86
311,86
7,87
50,87
51,87
75,87
311,87
8,88
49,88
76,88
77,88
311,88
8,89
47,89
48,89
78,89
312,89
8,90
46,90
79,90
311,90
9,91
45,91
80,91
311,91
9,92
44,92
81,92
311,92
10,93
42,93
43,93
82,93
311,93
10,94
40,94
41,94
83,94
311,94
11,95
39,95
84,95
312,95
12,96
37,96
38,96
85,96
312,96
13,97
35,97
36,97
85,97
312,97
14,98
30,98
31,98
32,98
33,98
34,98
86,98
312,98
15,99
16,99
27,99
28,99
29,99
87,99
312,99
17,100
22,100
23,100
24,100
25,100
26,100
88,100
313,100
18,101
19,101
20,101
21,101
88,101
313,101
89,102
313,102
89,103
313,103
89,104
313,104
90,105
313,105
91,106
314,106
92,107
314,107
92,108
314,108
93,109
314,109
93,110
315,110
93,111
315,111
367,111
368,111
369,111
370,111
371,111
372,111
373,111
374,111
375,111
376,111
93,112
315,112
364,112
365,112
366,112
377,112
378,112
379,112
93,113
316,113
363,113
380,113
381,113
93,114
316,114
360,114
361,114
362,114
382,114
93,115
317,115
358,115
359,115
383,115
384,115
93,116
317,116
355,116
357,116
385,116
94,117
316,117
354,117
356,117
386,117
95,118
317,118
352,118
353,118
387,118
95,119
317,119
349,119
350,119
351,119
388,119
96,120
318,120
348,120
388,120
96,121
318,121
347,121
389,121
96,122
319,122
346,122
390,122
96,123
320,123
344,123
345,123
390,123
96,124
321,124
342,124
343,124
391,124
392,124
96,125
322,125
340,125
341,125
393,125
96,126
323,126
324,126
338,126
339,126
394,126
96,127
325,127
326,127
337,127
394,127
95,128
327,128
328,128
331,128
332,128
335,128
336,128
395,128
95,129
329,129
330,129
333,129
334,129
395,129
95,130
396,130
95,131
397,131
95,132
397,132
94,133
398,133
94,134
398,134
94,135
399,135
93,136
400,136
93,137
400,137
93,138
400,138
92,139
401,139
91,140
401,140
21,141
22,141
23,141
24,141
25,141
26,141
27,141
28,141
29,141
30,141
91,141
402,141
20,142
31,142
32,142
90,142
402,142
18,143
19,143
33,143
34,143
89,143
402,143
17,144
35,144
36,144
37,144
89,144
402,144
16,145
38,145
39,145
40,145
41,145
88,145
403,145
15,146
42,146
88,146
402,146
14,147
43,147
44,147
87,147
402,147
14,148
45,148
46,148
47,148
86,148
402,148
13,149
48,149
49,149
86,149
402,149
13,150
50,150
51,150
85,150
402,150
13,151
52,151
53,151
84,151
402,151
12,152
54,152
55,152
56,152
83,152
402,152
12,153
57,153
81,153
82,153
402,153
12,154
58,154
79,154
80,154
402,154
12,155
59,155
60,155
61,155
62,155
77,155
78,155
402,155
12,156
63,156
64,156
65,156
66,156
67,156
68,156
69,156
70,156
71,156
72,156
73,156
74,156
75,156
76,156
401,156
12,157
401,157
11,158
401,158
11,159
400,159
11,160
400,160
11,161
400,161
11,162
400,162
11,163
399,163
11,164
399,164
10,165
334,165
335,165
336,165
398,165
10,166
331,166
332,166
333,166
337,166
338,166
339,166
340,166
341,166
397,166
10,167
330,167
342,167
343,167
344,167
345,167
346,167
397,167
9,168
327,168
328,168
329,168
347,168
348,168
397,168
9,169
326,169
349,169
350,169
397,169
9,170
325,170
351,170
352,170
353,170
396,170
9,171
324,171
354,171
396,171
9,172
323,172
354,172
394,172
395,172
9,173
322,173
355,173
393,173
9,174
322,174
356,174
357,174
358,174
392,174
9,175
321,175
359,175
360,175
361,175
362,175
391,175
9,176
321,176
363,176
364,176
390,176
9,177
321,177
365,177
366,177
389,177
9,178
321,178
367,178
368,178
369,178
370,178
371,178
387,178
388,178
9,179
320,179
372,179
373,179
374,179
375,179
376,179
377,179
378,179
379,179
380,179
381,179
384,179
385,179
386,179
9,180
320,180
382,180
383,180
9,181
320,181
8,182
319,182
8,183
319,183
8,184
189,184
190,184
191,184
319,184
8,185
180,185
181,185
182,185
183,185
184,185
185,185
186,185
187,185
188,185
192,185
193,185
194,185
195,185
196,185
197,185
198,185
199,185
200,185
201,185
202,185
203,185
204,185
319,185
8,186
175,186
176,186
177,186
178,186
179,186
205,186
206,186
207,186
208,186
209,186
319,186
8,187
171,187
172,187
173,187
174,187
210,187
211,187
212,187
213,187
214,187
319,187
8,188
168,188
169,188
170,188
215,188
216,188
217,188
218,188
319,188
8,189
162,189
163,189
164,189
165,189
166,189
167,189
219,189
319,189
8,190
160,190
161,190
220,190
318,190
8,191
158,191
159,191
221,191
222,191
319,191
7,192
156,192
157,192
223,192
224,192
318,192
7,193
155,193
225,193
319,193
7,194
152,194
153,194
154,194
226,194
227,194
319,194
7,195
151,195
228,195
319,195
7,196
150,196
229,196
319,196
7,197
149,197
230,197
318,197
7,198
148,198
231,198
317,198
7,199
147,199
231,199
317,199
6,200
146,200
232,200
317,200
6,201
146,201
232,201
317,201
6,202
145,202
233,202
317,202
7,203
145,203
234,203
317,203
7,204
144,204
235,204
317,204
6,205
143,205
235,205
317,205
6,206
143,206
236,206
317,206
6,207
143,207
236,207
317,207
6,208
143,208
236,208
317,208
6,209
143,209
236,209
317,209
6,210
142,210
236,210
317,210
6,211
142,211
236,211
317,211
5,212
141,212
235,212
317,212
5,213
141,213
235,213
317,213
5,214
141,214
234,214
317,214
5,215
141,215
234,215
317,215
5,216
142,216
233,216
317,216
5,217
142,217
233,217
317,217
5,218
142,218
232,218
317,218
4,219
143,219
232,219
317,219
4,220
143,220
231,220
317,220
4,221
144,221
230,221
317,221
4,222
144,222
230,222
317,222
4,223
144,223
229,223
317,223
4,224
145,224
228,224
317,224
4,225
146,225
227,225
316,225
4,226
147,226
226,226
315,226
4,227
148,227
225,227
315,227
4,228
149,228
150,228
224,228
315,228
3,229
151,229
224,229
316,229
3,230
152,230
223,230
316,230
3,231
153,231
223,231
316,231
3,232
154,232
222,232
316,232
3,233
155,233
221,233
315,233
3,234
156,234
220,234
315,234
3,235
157,235
219,235
315,235
3,236
157,236
219,236
315,236
3,237
158,237
219,237
315,237
2,238
159,238
218,238
315,238
2,239
160,239
218,239
315,239
2,240
161,240
217,240
315,240
2,241
161,241
217,241
315,241
2,242
162,242
217,242
315,242
2,243
163,243
216,243
315,243
2,244
163,244
216,244
315,244
2,245
163,245
216,245
315,245
1,246
163,246
216,246
315,246
1,247
164,247
216,247
315,247
1,248
164,248
216,248
315,248
1,249
163,249
216,249
315,249
1,250
164,250
215,250
315,250
1,251
164,251
216,251
315,251
1,252
164,252
216,252
314,252
0,253
164,253
217,253
314,253
0,254
164,254
218,254
314,254
0,255
164,255
218,255
314,255
0,256
163,256
219,256
314,256
0,257
162,257
220,257
221,257
314,257
0,258
161,258
222,258
223,258
314,258
0,259
160,259
224,259
225,259
226,259
294,259
295,259
296,259
297,259
298,259
309,259
310,259
311,259
312,259
313,259
0,260
159,260
227,260
228,260
229,260
230,260
231,260
244,260
258,260
259,260
260,260
261,260
262,260
263,260
264,260
265,260
266,260
267,260
268,260
269,260
270,260
271,260
279,260
280,260
281,260
282,260
283,260
284,260
285,260
286,260
287,260
288,260
289,260
290,260
291,260
292,260
293,260
299,260
300,260
301,260
302,260
303,260
304,260
305,260
306,260
307,260
308,260
0,261
157,261
158,261
232,261
233,261
234,261
235,261
236,261
237,261
238,261
239,261
240,261
241,261
242,261
243,261
245,261
246,261
247,261
248,261
249,261
250,261
251,261
252,261
253,261
254,261
255,261
256,261
257,261
272,261
273,261
274,261
275,261
276,261
277,261
278,261
0,262
156,262
0,263
151,263
152,263
153,263
154,263
155,263
0,264
134,264
135,264
136,264
145,264
146,264
147,264
148,264
149,264
150,264
1,265
55,265
73,265
74,265
80,265
81,265
82,265
95,265
96,265
97,265
98,265
99,265
103,265
104,265
105,265
106,265
107,265
108,265
109,265
115,265
116,265
117,265
118,265
119,265
120,265
121,265
122,265
123,265
124,265
125,265
126,265
127,265
128,265
129,265
130,265
131,265
132,265
133,265
137,265
138,265
139,265
140,265
141,265
142,265
143,265
144,265
2,266
3,266
4,266
5,266
12,266
13,266
14,266
15,266
16,266
17,266
18,266
19,266
20,266
21,266
22,266
23,266
24,266
25,266
26,266
27,266
28,266
32,266
33,266
36,266
37,266
38,266
39,266
40,266
41,266
42,266
43,266
44,266
45,266
46,266
47,266
48,266
49,266
50,266
51,266
52,266
53,266
54,266
56,266
57,266
58,266
59,266
60,266
61,266
62,266
63,266
64,266
65,266
66,266
67,266
68,266
69,266
70,266
71,266
72,266
75,266
76,266
77,266
78,266
79,266
83,266
84,266
85,266
86,266
87,266
88,266
89,266
90,266
91,266
92,266
93,266
94,266
100,266
101,266
102,266
110,266
111,266
112,266
113,266
114,266
6,267
7,267
8,267
9,267
10,267
11,267
29,267
30,267
31,267
34,267
35,267