90,0
90,1
90,2
90,3
90,4
90,5
90,6
90,7
90,8
89,9
89,10
89,11
89,12
89,13
89,14
89,15
89,16
89,17
89,18
89,19
88,20
88,21
88,22
88,23
88,24
88,25
88,26
88,27
88,28
88,29
89,30
88,31
88,32
87,33
88,34
88,35
88,36
88,37
88,38
88,39
88,40
88,41
87,42
87,43
87,44
87,45
87,46
87,47
87,48
87,49
87,50
87,51
87,52
86,53
86,54
86,55
87,56
86,57
86,58
86,59
87,60
86,61
86,62
86,63
85,64
21,65
22,65
23,65
24,65
25,65
26,65
85,65
19,66
20,66
27,66
28,66
29,66
30,66
31,66
32,66
33,66
34,66
85,66
17,67
18,67
35,67
36,67
85,67
15,68
16,68
37,68
84,68
14,69
38,69
39,69
84,69
13,70
40,70
41,70
42,70
84,70
12,71
43,71
44,71
84,71
11,72
45,72
46,72
84,72
10,73
47,73
84,73
9,74
48,74
83,74
8,75
49,75
82,75
8,76
50,76
51,76
81,76
7,77
52,77
81,77
6,78
53,78
54,78
80,78
5,79
55,79
56,79
57,79
78,79
79,79
5,80
58,80
75,80
76,80
77,80
5,81
58,81
73,81
74,81
5,82
59,82
60,82
61,82
62,82
63,82
64,82
69,82
71,82
72,82
4,83
65,83
66,83
67,83
68,83
70,83
3,84
2,85
2,86
2,87
2,88
1,89
1,90
1,91
1,92
1,93
0,94
0,95
0,96
0,97
0,98
0,99
1,100
1,101
1,102
1,103
2,104
1,105
2,106
2,107
2,108
3,109
3,110
3,111
4,112
5,113
5,114
6,115
6,116
6,117
7,118
7,119
8,120
9,121
63,121
64,121
65,121
66,121
67,121
10,122
62,122
68,122
69,122
70,122
71,122
72,122
11,123
60,123
61,123
73,123
74,123
12,124
55,124
56,124
57,124
58,124
59,124
75,124
13,125
54,125
76,125
77,125
13,126
53,126
78,126
13,127
51,127
52,127
79,127
14,128
49,128
50,128
79,128
15,129
16,129
47,129
48,129
80,129
17,130
18,130
45,130
46,130
79,130
19,131
20,131
42,131
43,131
44,131
80,131
21,132
22,132
23,132
41,132
80,132
24,133
39,133
40,133
80,133
25,134
26,134
27,134
28,134
29,134
30,134
31,134
32,134
33,134
34,134
37,134
38,134
81,134
35,135
36,135
81,135
82,136
82,137
82,138
82,139
82,140
82,141
82,142
82,143
82,144
82,145
83,146
83,147
83,148
83,149
83,150
83,151
82,152
83,153
83,154
83,155
83,156
83,157
83,158
83,159
83,160
84,161
84,162
84,163
83,164
83,165
83,166
84,167
84,168
84,169
84,170
84,171
84,172
84,173
85,174
84,175
84,176
84,177
84,178
84,179
85,180
85,181
85,182
85,183
85,184
85,185
84,186
85,187
85,188
85,189
85,190
85,191
85,192
86,193
86,194
86,195
86,196
85,197
85,198
85,199
85,200
86,201
86,202
86,203
86,204
86,205
86,206
87,207
86,208
86,209
86,210
86,211
86,212
86,213
86,214
87,215
87,216
87,217
87,218
86,219
87,220
87,221
87,222
87,223
87,224
87,225
87,226
88,227
88,228
88,229
87,230
87,231
87,232
87,233
87,234
88,235
88,236
88,237
88,238
88,239
89,240
88,241
88,242
88,243
88,244
88,245
89,246
89,247
89,248