2,0
3,1
4,2
4,3
4,4
4,5
4,6
4,7
4,8
4,9
4,10
4,11
3,12
3,13
3,14
3,15
3,16
3,17
3,18
3,19
3,20
3,21
3,22
3,23
3,24
3,25
3,26
3,27
3,28
3,29
3,30
3,31
2,32
2,33
2,34
2,35
2,36
2,37
2,38
2,39
2,40
3,41
3,42
3,43
2,44
2,45
2,46
2,47
2,48
2,49
2,50
2,51
2,52
2,53
2,54
2,55
2,56
3,57
3,58
55,58
56,58
3,59
50,59
51,59
52,59
53,59
54,59
57,59
58,59
2,60
47,60
48,60
49,60
59,60
2,61
41,61
42,61
44,61
45,61
46,61
60,61
61,61
3,62
39,62
40,62
43,62
62,62
63,62
64,62
3,63
38,63
65,63
66,63
3,64
35,64
36,64
37,64
67,64
68,64
3,65
34,65
69,65
4,66
33,66
70,66
4,67
30,67
31,67
32,67
71,67
5,68
6,68
29,68
72,68
7,69
27,69
28,69
73,69
8,70
23,70
24,70
25,70
26,70
74,70
9,71
18,71
19,71
20,71
21,71
22,71
74,71
10,72
11,72
12,72
13,72
14,72
15,72
16,72
17,72
74,72
75,73
76,74
77,75
78,76
78,77
79,78
78,79
79,80
80,81
80,82
80,83
81,84
81,85
82,86
82,87
83,88
83,89
83,90
84,91
84,92
85,93
85,94
84,95
84,96
84,97
84,98
84,99
84,100
84,101
84,102
84,103
84,104
84,105
83,106
83,107
83,108
83,109
82,110
81,111
81,112
80,113
80,114
79,115
79,116
79,117
78,118
78,119
77,120
77,121
77,122
76,123
75,124
75,125
14,126
74,126
11,127
12,127
13,127
15,127
16,127
17,127
18,127
19,127
20,127
21,127
22,127
23,127
24,127
72,127
73,127
10,128
25,128
71,128
8,129
9,129
26,129
27,129
28,129
29,129
30,129
31,129
70,129
7,130
32,130
33,130
34,130
35,130
36,130
69,130
6,131
37,131
38,131
39,131
68,131
6,132
40,132
66,132
67,132
6,133
41,133
42,133
43,133
65,133
5,134
44,134
45,134
46,134
47,134
64,134
5,135
48,135
49,135
50,135
51,135
52,135
53,135
54,135
55,135
62,135
63,135
4,136
56,136
57,136
58,136
59,136
60,136
61,136
4,137
4,138
4,139
4,140
3,141
3,142
3,143
3,144
3,145
3,146
3,147
3,148
2,149
2,150
2,151
3,152
3,153
3,154
3,155
3,156
2,157
2,158
2,159
2,160
2,161
2,162
2,163
2,164
2,165
2,166
2,167
3,168
3,169
2,170
2,171
2,172
1,173
1,174
1,175
1,176
1,177
1,178
2,179
2,180
2,181
2,182
2,183
2,184
2,185
2,186
2,187
2,188
2,189
2,190
1,191
1,192
1,193
1,194
1,195
1,196
1,197
1,198
1,199
1,200
1,201
1,202
0,203
1,204