202,0
203,0
204,0
205,0
206,0
207,0
212,0
213,0
214,0
215,0
216,0
217,0
218,0
219,0
220,0
221,0
222,0
223,0
224,0
225,0
226,0
194,1
195,1
196,1
197,1
198,1
199,1
200,1
201,1
208,1
209,1
210,1
211,1
227,1
228,1
229,1
230,1
231,1
232,1
233,1
234,1
235,1
236,1
237,1
189,2
192,2
193,2
238,2
239,2
240,2
241,2
242,2
187,3
188,3
190,3
191,3
243,3
244,3
184,4
185,4
186,4
245,4
246,4
182,5
183,5
247,5
248,5
181,6
249,6
250,6
251,6
179,7
180,7
252,7
253,7
178,8
254,8
177,9
255,9
176,10
256,10
257,10
175,11
258,11
174,12
259,12
174,13
260,13
173,14
261,14
170,15
171,15
172,15
262,15
169,16
262,16
169,17
262,17
169,18
262,18
168,19
263,19
168,20
263,20
168,21
264,21
168,22
264,22
168,23
264,23
168,24
264,24
168,25
264,25
168,26
264,26
168,27
264,27
168,28
264,28
168,29
263,29
169,30
262,30
170,31
261,31
171,32
261,32
170,33
260,33
171,34
259,34
171,35
258,35
172,36
258,36
173,37
257,37
174,38
257,38
175,39
256,39
175,40
255,40
176,41
254,41
177,42
253,42
178,43
252,43
179,44
252,44
180,45
251,45
181,46
251,46
182,47
250,47
182,48
250,48
183,49
250,49
184,50
249,50
184,51
249,51
184,52
248,52
184,53
247,53
185,54
247,54
185,55
247,55
186,56
247,56
186,57
246,57
187,58
246,58
187,59
246,59
73,60
74,60
75,60
76,60
77,60
187,60
246,60
72,61
78,61
79,61
188,61
246,61
72,62
80,62
81,62
82,62
83,62
84,62
188,62
247,62
72,63
85,63
86,63
87,63
88,63
89,63
90,63
91,63
92,63
93,63
188,63
247,63
72,64
94,64
95,64
188,64
248,64
72,65
96,65
97,65
98,65
99,65
188,65
249,65
72,66
100,66
101,66
102,66
103,66
104,66
188,66
249,66
71,67
105,67
106,67
107,67
108,67
109,67
110,67
111,67
187,67
249,67
368,67
369,67
72,68
112,68
113,68
114,68
187,68
250,68
349,68
350,68
351,68
352,68
357,68
358,68
359,68
360,68
361,68
362,68
363,68
364,68
365,68
366,68
367,68
370,68
72,69
115,69
116,69
117,69
118,69
119,69
120,69
187,69
251,69
332,69
333,69
334,69
343,69
344,69
345,69
346,69
347,69
348,69
353,69
354,69
355,69
356,69
371,69
72,70
121,70
122,70
123,70
124,70
185,70
186,70
252,70
253,70
254,70
327,70
328,70
329,70
330,70
331,70
335,70
336,70
337,70
338,70
339,70
340,70
341,70
342,70
370,70
72,71
125,71
126,71
127,71
128,71
129,71
130,71
131,71
132,71
184,71
255,71
256,71
257,71
258,71
306,71
307,71
308,71
309,71
310,71
311,71
312,71
313,71
314,71
315,71
316,71
317,71
318,71
319,71
320,71
321,71
322,71
323,71
324,71
325,71
326,71
370,71
72,72
133,72
183,72
259,72
260,72
292,72
293,72
294,72
295,72
296,72
297,72
301,72
302,72
303,72
304,72
305,72
370,72
72,73
134,73
182,73
261,73
266,73
267,73
268,73
269,73
270,73
271,73
272,73
273,73
274,73
275,73
276,73
277,73
278,73
279,73
280,73
281,73
282,73
283,73
284,73
285,73
286,73
287,73
288,73
289,73
290,73
291,73
298,73
299,73
300,73
370,73
72,74
135,74
136,74
137,74
138,74
139,74
140,74
141,74
142,74
143,74
144,74
145,74
180,74
181,74
262,74
263,74
264,74
265,74
370,74
72,75
146,75
147,75
148,75
149,75
178,75
179,75
369,75
73,76
150,76
174,76
175,76
176,76
177,76
369,76
73,77
151,77
152,77
153,77
154,77
155,77
156,77
157,77
158,77
159,77
160,77
166,77
167,77
168,77
173,77
369,77
73,78
161,78
162,78
163,78
164,78
165,78
169,78
170,78
171,78
172,78
369,78
73,79
369,79
73,80
369,80
73,81
369,81
73,82
368,82
73,83
368,83
74,84
369,84
73,85
369,85
73,86
369,86
73,87
369,87
73,88
369,88
74,89
369,89
74,90
369,90
74,91
369,91
74,92
369,92
74,93
368,93
74,94
369,94
74,95
369,95
74,96
369,96
74,97
369,97
75,98
369,98
75,99
369,99
75,100
369,100
75,101
369,101
75,102
369,102
75,103
368,103
74,104
368,104
74,105
369,105
74,106
369,106
74,107
369,107
75,108
369,108
75,109
369,109
75,110
369,110
75,111
369,111
75,112
368,112
75,113
368,113
74,114
368,114
74,115
368,115
74,116
368,116
74,117
368,117
74,118
368,118
20,119
23,119
24,119
25,119
26,119
74,119
368,119
18,120
19,120
21,120
22,120
27,120
28,120
29,120
74,120
368,120
16,121
17,121
30,121
31,121
73,121
369,121
15,122
32,122
33,122
72,122
369,122
14,123
34,123
35,123
72,123
369,123
13,124
36,124
71,124
368,124
12,125
37,125
38,125
71,125
368,125
11,126
39,126
70,126
368,126
10,127
40,127
70,127
368,127
9,128
41,128
69,128
368,128
8,129
42,129
43,129
44,129
67,129
68,129
368,129
8,130
45,130
46,130
66,130
367,130
8,131
47,131
65,131
367,131
7,132
48,132
49,132
50,132
51,132
64,132
367,132
7,133
52,133
53,133
54,133
63,133
367,133
6,134
55,134
56,134
57,134
62,134
367,134
6,135
58,135
59,135
60,135
61,135
367,135
6,136
367,136
5,137
310,137
311,137
312,137
313,137
314,137
366,137
5,138
308,138
309,138
315,138
316,138
317,138
318,138
319,138
320,138
321,138
322,138
323,138
366,138
4,139
307,139
324,139
325,139
326,139
327,139
365,139
3,140
306,140
328,140
329,140
330,140
331,140
365,140
3,141
304,141
305,141
332,141
365,141
3,142
303,142
333,142
334,142
364,142
3,143
302,143
335,143
336,143
337,143
338,143
339,143
363,143
2,144
301,144
340,144
341,144
342,144
343,144
344,144
345,144
362,144
2,145
300,145
346,145
347,145
348,145
349,145
350,145
361,145
2,146
298,146
299,146
351,146
352,146
353,146
354,146
355,146
356,146
358,146
359,146
360,146
2,147
297,147
357,147
2,148
297,148
1,149
296,149
1,150
295,150
1,151
294,151
2,152
294,152
1,153
294,153
1,154
293,154
1,155
293,155
1,156
292,156
0,157
292,157
0,158
292,158
0,159
291,159
0,160
291,160
0,161
290,161
0,162
290,162
1,163
290,163
1,164
289,164
1,165
288,165
1,166
288,166
1,167
288,167
1,168
287,168
1,169
287,169
1,170
287,170
1,171
287,171
1,172
287,172
2,173
287,173
2,174
287,174
1,175
287,175
1,176
287,176
1,177
287,177
1,178
287,178
1,179
287,179
2,180
287,180
2,181
288,181
2,182
288,182
2,183
288,183
3,184
288,184
3,185
288,185
3,186
289,186
4,187
289,187
4,188
290,188
5,189
290,189
5,190
291,190
5,191
60,191
61,191
62,191
63,191
64,191
65,191
291,191
6,192
53,192
54,192
55,192
56,192
57,192
58,192
59,192
66,192
67,192
291,192
6,193
52,193
68,193
69,193
292,193
6,194
49,194
50,194
51,194
70,194
71,194
293,194
6,195
48,195
72,195
293,195
7,196
47,196
72,196
294,196
8,197
45,197
46,197
72,197
294,197
8,198
44,198
73,198
294,198
9,199
43,199
73,199
183,199
184,199
188,199
189,199
190,199
191,199
192,199
295,199
10,200
42,200
74,200
179,200
180,200
181,200
182,200
185,200
186,200
187,200
193,200
194,200
195,200
196,200
197,200
198,200
199,200
296,200
10,201
41,201
74,201
176,201
177,201
178,201
200,201
201,201
202,201
297,201
355,201
356,201
357,201
358,201
359,201
360,201
361,201
362,201
363,201
11,202
12,202
40,202
74,202
174,202
175,202
203,202
204,202
297,202
347,202
348,202
349,202
350,202
351,202
352,202
353,202
354,202
364,202
13,203
14,203
38,203
39,203
75,203
172,203
173,203
205,203
206,203
207,203
208,203
297,203
345,203
346,203
365,203
15,204
36,204
37,204
75,204
169,204
170,204
171,204
209,204
210,204
211,204
298,204
343,204
344,204
366,204
16,205
34,205
35,205
75,205
165,205
167,205
168,205
212,205
213,205
299,205
342,205
367,205
17,206
33,206
76,206
164,206
166,206
214,206
215,206
216,206
300,206
339,206
340,206
341,206
367,206
18,207
31,207
32,207
76,207
163,207
217,207
218,207
301,207
338,207
367,207
19,208
30,208
76,208
161,208
162,208
219,208
302,208
337,208
368,208
20,209
21,209
22,209
23,209
24,209
25,209
26,209
27,209
28,209
29,209
76,209
160,209
220,209
303,209
304,209
334,209
335,209
336,209
368,209
76,210
159,210
221,210
305,210
306,210
333,210
368,210
77,211
158,211
222,211
223,211
307,211
308,211
309,211
328,211
329,211
330,211
331,211
332,211
368,211
77,212
157,212
224,212
310,212
311,212
312,212
326,212
327,212
369,212
77,213
156,213
225,213
313,213
323,213
324,213
325,213
369,213
76,214
156,214
226,214
227,214
314,214
315,214
318,214
319,214
320,214
321,214
322,214
369,214
76,215
155,215
228,215
316,215
317,215
369,215
76,216
154,216
229,216
369,216
76,217
153,217
230,217
370,217
76,218
152,218
229,218
370,218
76,219
152,219
229,219
370,219
77,220
152,220
230,220
370,220
76,221
152,221
231,221
370,221
76,222
152,222
232,222
369,222
76,223
152,223
232,223
369,223
76,224
152,224
232,224
369,224
76,225
152,225
233,225
369,225
76,226
152,226
233,226
369,226
76,227
153,227
233,227
369,227
76,228
153,228
233,228
369,228
76,229
153,229
233,229
369,229
76,230
153,230
233,230
369,230
76,231
154,231
233,231
369,231
75,232
154,232
233,232
369,232
75,233
155,233
233,233
370,233
75,234
155,234
232,234
370,234
75,235
154,235
232,235
370,235
75,236
155,236
232,236
370,236
75,237
155,237
231,237
370,237
75,238
156,238
230,238
370,238
75,239
157,239
229,239
370,239
75,240
157,240
228,240
369,240
75,241
157,241
228,241
369,241
75,242
158,242
228,242
368,242
75,243
158,243
227,243
368,243
75,244
159,244
227,244
368,244
75,245
160,245
226,245
368,245
75,246
161,246
225,246
369,246
75,247
162,247
225,247
369,247
75,248
162,248
224,248
369,248
74,249
163,249
224,249
369,249
75,250
163,250
223,250
369,250
74,251
163,251
223,251
369,251
74,252
164,252
222,252
369,252
74,253
164,253
221,253
369,253
74,254
164,254
221,254
369,254
73,255
165,255
220,255
369,255
73,256
165,256
219,256
369,256
73,257
166,257
219,257
369,257
73,258
167,258
218,258
369,258
73,259
167,259
218,259
368,259
73,260
167,260
217,260
368,260
73,261
168,261
217,261
368,261
73,262
168,262
217,262
368,262
73,263
168,263
218,263
368,263
73,264
168,264
218,264
368,264
73,265
169,265
218,265
368,265
73,266
169,266
218,266
368,266
73,267
169,267
219,267
368,267
73,268
169,268
219,268
368,268
72,269
169,269
220,269
368,269
71,270
169,270
221,270
222,270
368,270
71,271
167,271
168,271
223,271
368,271
71,272
166,272
224,272
225,272
369,272
71,273
162,273
163,273
165,273
226,273
227,273
228,273
229,273
230,273
231,273
370,273
71,274
161,274
164,274
232,274
233,274
234,274
235,274
236,274
237,274
243,274
244,274
245,274
252,274
253,274
254,274
255,274
269,274
270,274
271,274
272,274
273,274
292,274
304,274
305,274
306,274
326,274
327,274
328,274
370,274
71,275
158,275
159,275
160,275
238,275
239,275
240,275
241,275
242,275
246,275
247,275
248,275
249,275
250,275
251,275
256,275
257,275
258,275
259,275
260,275
261,275
262,275
263,275
264,275
265,275
266,275
267,275
268,275
274,275
275,275
276,275
277,275
278,275
279,275
280,275
281,275
282,275
283,275
284,275
285,275
286,275
287,275
288,275
289,275
290,275
291,275
293,275
294,275
295,275
296,275
297,275
298,275
299,275
300,275
301,275
302,275
303,275
307,275
308,275
309,275
310,275
311,275
312,275
313,275
314,275
315,275
316,275
317,275
318,275
319,275
320,275
321,275
322,275
323,275
324,275
325,275
329,275
330,275
331,275
332,275
333,275
334,275
335,275
336,275
337,275
338,275
339,275
340,275
341,275
342,275
343,275
344,275
345,275
346,275
347,275
353,275
354,275
355,275
356,275
357,275
358,275
359,275
360,275
361,275
362,275
363,275
364,275
365,275
369,275
70,276
153,276
154,276
155,276
156,276
157,276
348,276
349,276
350,276
351,276
352,276
366,276
367,276
368,276
70,277
108,277
121,277
122,277
123,277
124,277
125,277
126,277
136,277
137,277
138,277
139,277
140,277
141,277
142,277
143,277
144,277
145,277
146,277
147,277
148,277
149,277
150,277
151,277
152,277
71,278
80,278
81,278
82,278
83,278
84,278
85,278
86,278
87,278
88,278
89,278
90,278
95,278
96,278
97,278
98,278
99,278
100,278
101,278
102,278
103,278
104,278
105,278
106,278
107,278
109,278
110,278
111,278
112,278
113,278
114,278
115,278
116,278
117,278
118,278
119,278
120,278
127,278
128,278
129,278
130,278
131,278
132,278
133,278
134,278
135,278
72,279
73,279
74,279
75,279
76,279
77,279
78,279
79,279
91,279
92,279
93,279
94,279