78,0
78,1
77,2
77,3
77,4
77,5
77,6
77,7
77,8
77,9
77,10
77,11
77,12
76,13
76,14
76,15
76,16
76,17
76,18
76,19
77,20
77,21
77,22
77,23
77,24
77,25
77,26
77,27
77,28
77,29
77,30
76,31
76,32
76,33
76,34
76,35
76,36
76,37
76,38
77,39
77,40
76,41
76,42
76,43
76,44
76,45
76,46
77,47
77,48
76,49
76,50
76,51
76,52
76,53
76,54
76,55
76,56
76,57
76,58
76,59
76,60
76,61
76,62
76,63
76,64
76,65
77,66
76,67
76,68
76,69
76,70
76,71
76,72
76,73
76,74
76,75
76,76
76,77
76,78
76,79
76,80
76,81
76,82
76,83
76,84
75,85
75,86
20,87
21,87
22,87
23,87
75,87
18,88
19,88
24,88
25,88
75,88
17,89
26,89
27,89
28,89
29,89
30,89
31,89
75,89
16,90
32,90
33,90
75,90
15,91
34,91
35,91
36,91
75,91
14,92
37,92
38,92
39,92
74,92
13,93
40,93
74,93
12,94
41,94
73,94
11,95
42,95
43,95
73,95
10,96
44,96
45,96
46,96
72,96
10,97
47,97
48,97
72,97
9,98
49,98
50,98
51,98
71,98
9,99
52,99
53,99
54,99
70,99
8,100
55,100
56,100
57,100
69,100
7,101
58,101
59,101
67,101
68,101
6,102
60,102
61,102
62,102
63,102
64,102
65,102
66,102
6,103
5,104
5,105
5,106
4,107
4,108
4,109
3,110
3,111
3,112
2,113
2,114
2,115
2,116
2,117
2,118
1,119
0,120
0,121
0,122
0,123
0,124
0,125
0,126
0,127
0,128
0,129
0,130
0,131
0,132
0,133
0,134
1,135
0,136
0,137
1,138
1,139
1,140
2,141
2,142
2,143
2,144
3,145
3,146
4,147
4,148
5,149
5,150
5,151
6,152
6,153
6,154
6,155
7,156
7,157
63,157
64,157
65,157
66,157
67,157
68,157
69,157
8,158
61,158
62,158
70,158
9,159
56,159
57,159
58,159
59,159
60,159
71,159
72,159
10,160
53,160
54,160
55,160
73,160
11,161
52,161
74,161
12,162
50,162
51,162
75,162
13,163
48,163
49,163
75,163
14,164
46,164
47,164
75,164
15,165
43,165
44,165
45,165
76,165
16,166
17,166
39,166
42,166
76,166
18,167
19,167
37,167
38,167
40,167
41,167
77,167
20,168
21,168
31,168
32,168
33,168
34,168
35,168
36,168
77,168
22,169
23,169
24,169
27,169
28,169
29,169
30,169
77,169
25,170
26,170
77,170
77,171
77,172
77,173
76,174
77,175
77,176
77,177
77,178
77,179
78,180
78,181
77,182
77,183
77,184
77,185
77,186
78,187
78,188
78,189
77,190
77,191
76,192
76,193
77,194
77,195
77,196
77,197
77,198
77,199
77,200
77,201
77,202
77,203
77,204
77,205
77,206
77,207
77,208
77,209
76,210
76,211
76,212
76,213
77,214
77,215
77,216
77,217
76,218
76,219
77,220
77,221
77,222
77,223
77,224
77,225
77,226
77,227
76,228
76,229
76,230
76,231
76,232
76,233
77,234
77,235
77,236
77,237
77,238
77,239
77,240
77,241
77,242
77,243
77,244
77,245
76,246
76,247
76,248
76,249
76,250
76,251
77,252
77,253
77,254
77,255
77,256
77,257
77,258
77,259
77,260
77,261
77,262
77,263
77,264
77,265
77,266
77,267
77,268
77,269
77,270
77,271
77,272
77,273
78,274
78,275
78,276
78,277
78,278
78,279
78,280
78,281
77,282
77,283