2,0
2,1
2,2
2,3
2,4
2,5
2,6
2,7
2,8
2,9
3,10
3,11
3,12
3,13
3,14
3,15
3,16
3,17
3,18
3,19
4,20
4,21
4,22
4,23
4,24
4,25
4,26
4,27
4,28
4,29
4,30
4,31
5,32
5,33
5,34
5,35
5,36
5,37
5,38
5,39
6,40
6,41
6,42
6,43
6,44
6,45
6,46
6,47
6,48
6,49
6,50
6,51
6,52
7,53
7,54
7,55
7,56
7,57
7,58
7,59
7,60
8,61
8,62
8,63
8,64
8,65
8,66
9,67
9,68
9,69
9,70
9,71
9,72
10,73
10,74
10,75
10,76
10,77
10,78
51,78
52,78
53,78
54,78
55,78
56,78
57,78
58,78
10,79
50,79
59,79
60,79
10,80
49,80
61,80
11,81
47,81
48,81
62,81
11,82
45,82
46,82
63,82
11,83
43,83
44,83
64,83
65,83
11,84
42,84
66,84
12,85
39,85
40,85
41,85
67,85
12,86
38,86
68,86
12,87
36,87
37,87
68,87
13,88
33,88
34,88
35,88
69,88
13,89
32,89
70,89
14,90
31,90
71,90
15,91
30,91
72,91
16,92
28,92
29,92
73,92
17,93
18,93
25,93
26,93
27,93
74,93
19,94
20,94
21,94
22,94
23,94
24,94
74,94
74,95
74,96
74,97
75,98
75,99
76,100
76,101
76,102
76,103
76,104
76,105
77,106
77,107
76,108
76,109
77,110
77,111
77,112
77,113
77,114
76,115
76,116
76,117
76,118
76,119
76,120
76,121
76,122
76,123
76,124
76,125
75,126
75,127
74,128
73,129
73,130
73,131
73,132
73,133
73,134
72,135
19,136
20,136
21,136
22,136
23,136
24,136
25,136
26,136
27,136
28,136
32,136
72,136
18,137
29,137
30,137
31,137
33,137
34,137
69,137
70,137
71,137
17,138
35,138
36,138
68,138
16,139
37,139
38,139
39,139
67,139
15,140
40,140
41,140
42,140
67,140
15,141
43,141
44,141
66,141
14,142
45,142
46,142
66,142
14,143
47,143
48,143
65,143
13,144
49,144
50,144
64,144
13,145
51,145
52,145
53,145
59,145
60,145
61,145
62,145
63,145
12,146
54,146
55,146
56,146
57,146
58,146
12,147
12,148
11,149
11,150
11,151
10,152
10,153
10,154
10,155
10,156
10,157
10,158
9,159
9,160
9,161
9,162
9,163
9,164
9,165
8,166
8,167
8,168
8,169
8,170
8,171
8,172
7,173
7,174
7,175
7,176
7,177
7,178
6,179
6,180
6,181
6,182
6,183
6,184
6,185
5,186
5,187
5,188
5,189
5,190
5,191
5,192
4,193
4,194
4,195
4,196
4,197
4,198
4,199
3,200
3,201
3,202
3,203
3,204
3,205
3,206
3,207
2,208
2,209
3,210
3,211
3,212
3,213
2,214
2,215
2,216
2,217
2,218
2,219
2,220
1,221
1,222
1,223
1,224
1,225
1,226
0,227
0,228
1,229