6,0
6,1
6,2
6,3
6,4
6,5
6,6
6,7
6,8
6,9
6,10
6,11
5,12
5,13
5,14
5,15
5,16
5,17
5,18
5,19
4,20
4,21
4,22
4,23
4,24
4,25
4,26
4,27
4,28
4,29
3,30
3,31
4,32
4,33
4,34
4,35
4,36
4,37
3,38
3,39
3,40
3,41
3,42
3,43
2,44
2,45
2,46
2,47
2,48
2,49
2,50
2,51
2,52
2,53
2,54
2,55
1,56
1,57
1,58
1,59
1,60
1,61
1,62
1,63
0,64
0,65
1,66
0,67
1,68
1,69
1,70
1,71
0,72
0,73
0,74
0,75
0,76
0,77
0,78
0,79
0,80
0,81
0,82
0,83
0,84
0,85
0,86
1,87
1,88
1,89
44,89
45,89
46,89
47,89
48,89
49,89
50,89
51,89
1,90
41,90
42,90
43,90
52,90
53,90
54,90
55,90
56,90
57,90
58,90
1,91
38,91
39,91
40,91
59,91
60,91
61,91
1,92
35,92
36,92
37,92
62,92
2,93
33,93
34,93
63,93
3,94
30,94
31,94
32,94
64,94
65,94
66,94
3,95
28,95
29,95
67,95
4,96
26,96
27,96
68,96
4,97
24,97
25,97
69,97
5,98
6,98
9,98
10,98
11,98
22,98
23,98
70,98
7,99
8,99
12,99
13,99
14,99
15,99
16,99
17,99
18,99
19,99
20,99
21,99
70,99
71,100
72,101
73,102
74,103
75,104
76,104
77,105
78,106
79,107
79,108
79,109
80,110
80,111
80,112
80,113
80,114
80,115
80,116
81,117
81,118
82,119
83,120
83,121
83,122
83,123
83,124
83,125
83,126
83,127
83,128
82,129
82,130
82,131
81,132
81,133
81,134
81,135
81,136
81,137
82,138
81,139
81,140
81,141
80,142
80,143
79,144
78,145
77,146
76,147
76,148
76,149
14,150
75,150
10,151
11,151
12,151
13,151
15,151
16,151
17,151
18,151
19,151
20,151
21,151
22,151
74,151
9,152
23,152
73,152
8,153
24,153
25,153
26,153
72,153
7,154
27,154
28,154
71,154
6,155
29,155
70,155
5,156
30,156
31,156
69,156
4,157
32,157
33,157
64,157
65,157
66,157
67,157
68,157
3,158
34,158
35,158
36,158
37,158
63,158
3,159
38,159
62,159
3,160
39,160
40,160
41,160
60,160
61,160
2,161
42,161
45,161
46,161
47,161
48,161
49,161
50,161
51,161
52,161
53,161
54,161
55,161
56,161
57,161
58,161
59,161
2,162
43,162
44,162
1,163
1,164
1,165
0,166
0,167
0,168
0,169
0,170
0,171
0,172
0,173
0,174
1,175
1,176
1,177
1,178
1,179
1,180
1,181
1,182
1,183
1,184
1,185
1,186
1,187
1,188
1,189
2,190
2,191
2,192
1,193
1,194
1,195
1,196
2,197
2,198
2,199
2,200
2,201
2,202
2,203
2,204
2,205
2,206
2,207
2,208
3,209
3,210
4,211
4,212
4,213
4,214
4,215
4,216
4,217
4,218
4,219
4,220
4,221
4,222
4,223
4,224
4,225
4,226
4,227
4,228
4,229
5,230
5,231
5,232
5,233
5,234
5,235
5,236
6,237
6,238
6,239
6,240
6,241