140,0
141,0
142,0
145,0
146,0
147,0
148,0
149,0
150,0
151,0
152,0
153,0
154,0
155,0
156,0
157,0
106,1
107,1
108,1
109,1
110,1
111,1
112,1
113,1
114,1
115,1
116,1
117,1
118,1
119,1
120,1
121,1
122,1
123,1
124,1
125,1
126,1
127,1
128,1
129,1
130,1
131,1
132,1
133,1
134,1
135,1
136,1
137,1
138,1
139,1
143,1
144,1
158,1
159,1
160,1
161,1
162,1
163,1
164,1
165,1
166,1
167,1
168,1
170,1
171,1
172,1
311,1
312,1
313,1
318,1
319,1
320,1
321,1
322,1
323,1
324,1
325,1
326,1
327,1
331,1
332,1
333,1
334,1
335,1
336,1
359,1
371,1
372,1
373,1
374,1
375,1
376,1
377,1
378,1
379,1
380,1
381,1
101,2
102,2
103,2
104,2
105,2
169,2
173,2
174,2
175,2
176,2
177,2
178,2
179,2
257,2
258,2
259,2
260,2
261,2
262,2
263,2
264,2
265,2
266,2
268,2
269,2
270,2
272,2
273,2
274,2
275,2
276,2
279,2
280,2
281,2
282,2
283,2
284,2
285,2
286,2
289,2
290,2
291,2
292,2
293,2
294,2
295,2
296,2
297,2
298,2
299,2
300,2
301,2
302,2
303,2
304,2
305,2
306,2
307,2
308,2
309,2
310,2
314,2
315,2
316,2
317,2
328,2
329,2
330,2
337,2
338,2
339,2
340,2
341,2
342,2
343,2
344,2
345,2
346,2
347,2
348,2
349,2
350,2
351,2
352,2
353,2
354,2
355,2
356,2
357,2
358,2
360,2
361,2
362,2
363,2
364,2
365,2
366,2
367,2
368,2
369,2
370,2
382,2
383,2
384,2
385,2
386,2
387,2
99,3
100,3
180,3
181,3
182,3
250,3
251,3
252,3
253,3
254,3
255,3
256,3
267,3
271,3
277,3
278,3
287,3
288,3
388,3
98,4
183,4
184,4
185,4
186,4
249,4
388,4
97,5
187,5
188,5
189,5
247,5
248,5
388,5
97,6
190,6
245,6
246,6
388,6
98,7
191,7
244,7
388,7
98,8
192,8
243,8
388,8
98,9
193,9
242,9
388,9
99,10
194,10
241,10
388,10
100,11
194,11
240,11
388,11
100,12
195,12
239,12
388,12
100,13
195,13
238,13
389,13
100,14
195,14
238,14
389,14
100,15
195,15
238,15
389,15
100,16
195,16
239,16
389,16
100,17
195,17
238,17
389,17
99,18
195,18
238,18
389,18
98,19
194,19
237,19
389,19
98,20
194,20
238,20
389,20
98,21
193,21
238,21
389,21
98,22
193,22
238,22
389,22
98,23
192,23
239,23
389,23
98,24
192,24
239,24
389,24
98,25
192,25
240,25
389,25
98,26
191,26
241,26
389,26
97,27
191,27
241,27
389,27
97,28
190,28
242,28
389,28
97,29
189,29
242,29
389,29
97,30
189,30
243,30
389,30
97,31
188,31
244,31
389,31
97,32
187,32
245,32
390,32
97,33
187,33
246,33
390,33
97,34
186,34
246,34
390,34
96,35
185,35
247,35
390,35
96,36
185,36
247,36
390,36
96,37
184,37
248,37
390,37
96,38
184,38
249,38
390,38
96,39
183,39
249,39
390,39
96,40
182,40
250,40
390,40
96,41
182,41
250,41
390,41
96,42
181,42
251,42
390,42
95,43
180,43
252,43
390,43
95,44
180,44
252,44
390,44
95,45
180,45
252,45
390,45
95,46
179,46
253,46
390,46
95,47
178,47
253,47
391,47
95,48
178,48
253,48
391,48
95,49
178,49
253,49
391,49
95,50
177,50
253,50
391,50
95,51
177,51
253,51
391,51
94,52
177,52
253,52
391,52
94,53
176,53
253,53
391,53
94,54
176,54
253,54
391,54
94,55
176,55
252,55
391,55
94,56
176,56
252,56
391,56
94,57
176,57
251,57
391,57
94,58
176,58
251,58
391,58
94,59
176,59
250,59
391,59
94,60
176,60
250,60
391,60
93,61
177,61
249,61
391,61
93,62
177,62
249,62
391,62
94,63
177,63
248,63
391,63
94,64
177,64
247,64
391,64
94,65
178,65
246,65
391,65
93,66
178,66
245,66
391,66
93,67
178,67
244,67
391,67
93,68
179,68
180,68
243,68
391,68
93,69
181,69
242,69
390,69
92,70
182,70
240,70
241,70
390,70
92,71
183,71
238,71
239,71
390,71
92,72
184,72
185,72
236,72
237,72
390,72
92,73
186,73
187,73
235,73
390,73
92,74
188,74
233,74
234,74
390,74
92,75
189,75
190,75
231,75
232,75
341,75
342,75
343,75
344,75
345,75
390,75
91,76
191,76
192,76
229,76
230,76
338,76
339,76
340,76
346,76
347,76
348,76
389,76
90,77
193,77
194,77
195,77
225,77
226,77
227,77
228,77
337,77
349,77
350,77
389,77
90,78
196,78
197,78
198,78
222,78
223,78
224,78
335,78
336,78
351,78
352,78
353,78
388,78
90,79
199,79
200,79
214,79
215,79
216,79
217,79
218,79
219,79
220,79
221,79
334,79
354,79
388,79
90,80
201,80
202,80
203,80
204,80
205,80
206,80
207,80
208,80
209,80
210,80
211,80
212,80
213,80
333,80
355,80
356,80
387,80
90,81
332,81
357,81
358,81
359,81
386,81
90,82
331,82
360,82
386,82
90,83
330,83
361,83
362,83
363,83
385,83
90,84
329,84
364,84
365,84
385,84
89,85
329,85
366,85
367,85
384,85
89,86
328,86
368,86
369,86
383,86
89,87
328,87
370,87
371,87
382,87
89,88
327,88
372,88
373,88
374,88
375,88
380,88
381,88
89,89
327,89
376,89
377,89
378,89
379,89
89,90
326,90
88,91
326,91
88,92
326,92
22,93
23,93
24,93
25,93
26,93
27,93
88,93
325,93
17,94
18,94
19,94
20,94
21,94
28,94
29,94
30,94
31,94
32,94
33,94
34,94
35,94
88,94
325,94
15,95
16,95
36,95
37,95
88,95
325,95
14,96
38,96
87,96
325,96
13,97
39,97
40,97
41,97
87,97
324,97
11,98
12,98
42,98
43,98
87,98
324,98
10,99
44,99
45,99
46,99
86,99
324,99
9,100
47,100
48,100
49,100
86,100
323,100
9,101
50,101
86,101
323,101
8,102
51,102
52,102
53,102
85,102
323,102
7,103
54,103
55,103
85,103
323,103
7,104
56,104
57,104
84,104
323,104
6,105
58,105
59,105
83,105
323,105
6,106
60,106
83,106
322,106
5,107
61,107
82,107
323,107
5,108
62,108
63,108
64,108
65,108
81,108
323,108
4,109
66,109
67,109
80,109
323,109
4,110
68,110
69,110
70,110
71,110
77,110
78,110
79,110
322,110
4,111
72,111
73,111
74,111
75,111
76,111
322,111
4,112
323,112
3,113
323,113
3,114
323,114
2,115
324,115
1,116
324,116
1,117
323,117
1,118
324,118
1,119
324,119
1,120
324,120
1,121
325,121
0,122
325,122
0,123
325,123
0,124
326,124
0,125
326,125
0,126
327,126
0,127
327,127
0,128
327,128
0,129
327,129
376,129
377,129
378,129
1,130
328,130
373,130
374,130
375,130
379,130
380,130
381,130
1,131
329,131
372,131
382,131
383,131
1,132
330,132
370,132
371,132
384,132
2,133
330,133
369,133
385,133
2,134
331,134
367,134
368,134
385,134
3,135
331,135
366,135
386,135
2,136
332,136
364,136
365,136
387,136
3,137
333,137
362,137
363,137
387,137
3,138
334,138
360,138
361,138
388,138
3,139
334,139
357,139
358,139
359,139
388,139
3,140
335,140
356,140
387,140
4,141
335,141
353,141
354,141
355,141
388,141
4,142
336,142
352,142
388,142
5,143
337,143
349,143
350,143
351,143
388,143
6,144
338,144
339,144
348,144
388,144
6,145
340,145
341,145
342,145
343,145
344,145
345,145
346,145
347,145
388,145
7,146
389,146
7,147
389,147
8,148
389,148
9,149
389,149
10,150
389,150
11,151
67,151
68,151
69,151
70,151
71,151
72,151
73,151
74,151
75,151
389,151
11,152
65,152
66,152
76,152
77,152
78,152
389,152
12,153
62,153
63,153
64,153
79,153
80,153
389,153
13,154
61,154
81,154
389,154
14,155
58,155
59,155
60,155
81,155
389,155
15,156
57,156
82,156
389,156
16,157
17,157
55,157
56,157
83,157
389,157
18,158
53,158
54,158
83,158
389,158
19,159
51,159
52,159
84,159
389,159
20,160
49,160
50,160
84,160
389,160
21,161
22,161
47,161
48,161
85,161
389,161
23,162
24,162
25,162
45,162
46,162
85,162
389,162
26,163
27,163
28,163
29,163
42,163
43,163
44,163
86,163
389,163
30,164
31,164
32,164
33,164
34,164
35,164
36,164
40,164
41,164
86,164
389,164
37,165
38,165
39,165
86,165
388,165
86,166
388,166
86,167
388,167
87,168
388,168
87,169
388,169
87,170
388,170
87,171
388,171
87,172
388,172
87,173
223,173
224,173
388,173
87,174
213,174
214,174
215,174
216,174
217,174
218,174
219,174
220,174
221,174
222,174
225,174
226,174
227,174
228,174
229,174
230,174
231,174
232,174
233,174
234,174
388,174
87,175
210,175
211,175
212,175
235,175
236,175
237,175
388,175
87,176
207,176
208,176
209,176
238,176
239,176
240,176
388,176
88,177
203,177
204,177
205,177
206,177
241,177
242,177
243,177
244,177
388,177
88,178
202,178
245,178
246,178
247,178
248,178
388,178
88,179
200,179
201,179
249,179
250,179
388,179
88,180
198,180
199,180
251,180
252,180
253,180
388,180
88,181
196,181
197,181
254,181
255,181
387,181
88,182
195,182
256,182
257,182
387,182
88,183
193,183
194,183
258,183
387,183
88,184
192,184
259,184
387,184
88,185
192,185
260,185
387,185
88,186
191,186
261,186
387,186
89,187
190,187
262,187
387,187
89,188
189,188
263,188
387,188
89,189
188,189
264,189
387,189
89,190
187,190
265,190
387,190
89,191
187,191
266,191
387,191
89,192
186,192
267,192
387,192
89,193
186,193
267,193
387,193
89,194
186,194
267,194
387,194
89,195
186,195
268,195
387,195
90,196
186,196
267,196
387,196
89,197
185,197
267,197
386,197
89,198
184,198
266,198
386,198
89,199
184,199
266,199
385,199
89,200
185,200
266,200
385,200
89,201
185,201
266,201
385,201
89,202
185,202
265,202
385,202
89,203
185,203
265,203
385,203
89,204
185,204
265,204
385,204
90,205
186,205
264,205
385,205
90,206
186,206
264,206
385,206
89,207
186,207
263,207
384,207
89,208
187,208
263,208
384,208
90,209
187,209
263,209
384,209
91,210
187,210
262,210
384,210
91,211
188,211
261,211
384,211
91,212
188,212
261,212
384,212
90,213
189,213
261,213
384,213
90,214
189,214
260,214
384,214
91,215
190,215
259,215
383,215
91,216
190,216
259,216
384,216
91,217
191,217
259,217
383,217
91,218
191,218
258,218
384,218
91,219
192,219
258,219
384,219
91,220
192,220
257,220
383,220
91,221
193,221
256,221
383,221
91,222
193,222
256,222
383,222
91,223
193,223
255,223
383,223
91,224
194,224
255,224
383,224
92,225
195,225
254,225
383,225
92,226
195,226
253,226
383,226
91,227
195,227
253,227
382,227
92,228
195,228
253,228
382,228
92,229
196,229
252,229
382,229
92,230
196,230
252,230
382,230
92,231
196,231
252,231
382,231
92,232
196,232
252,232
382,232
92,233
196,233
252,233
382,233
92,234
196,234
251,234
382,234
92,235
196,235
251,235
382,235
92,236
196,236
251,236
381,236
93,237
196,237
251,237
381,237
93,238
196,238
251,238
381,238
92,239
196,239
252,239
381,239
92,240
195,240
252,240
381,240
92,241
195,241
253,241
381,241
92,242
195,242
253,242
381,242
93,243
194,243
254,243
381,243
93,244
194,244
255,244
381,244
93,245
192,245
193,245
256,245
257,245
379,245
380,245
94,246
191,246
258,246
259,246
260,246
261,246
262,246
377,246
378,246
95,247
188,247
189,247
190,247
263,247
264,247
265,247
266,247
267,247
268,247
269,247
270,247
271,247
272,247
273,247
274,247
325,247
326,247
331,247
332,247
376,247
96,248
106,248
110,248
128,248
129,248
130,248
135,248
139,248
140,248
141,248
146,248
147,248
151,248
152,248
153,248
154,248
155,248
185,248
186,248
187,248
275,248
276,248
277,248
278,248
279,248
280,248
281,248
282,248
283,248
284,248
285,248
286,248
287,248
288,248
289,248
290,248
291,248
292,248
293,248
294,248
295,248
296,248
297,248
298,248
299,248
300,248
301,248
302,248
303,248
304,248
305,248
306,248
307,248
308,248
309,248
310,248
311,248
312,248
313,248
314,248
315,248
316,248
317,248
318,248
319,248
320,248
321,248
322,248
323,248
324,248
327,248
328,248
329,248
330,248
333,248
334,248
338,248
339,248
340,248
341,248
342,248
343,248
344,248
345,248
346,248
347,248
348,248
349,248
350,248
351,248
352,248
353,248
354,248
357,248
358,248
359,248
360,248
368,248
369,248
372,248
373,248
374,248
375,248
97,249
98,249
99,249
100,249
101,249
102,249
103,249
104,249
105,249
107,249
108,249
109,249
111,249
112,249
113,249
114,249
115,249
116,249
117,249
118,249
119,249
120,249
121,249
122,249
123,249
124,249
125,249
126,249
127,249
131,249
132,249
133,249
134,249
136,249
137,249
138,249
142,249
143,249
144,249
145,249
148,249
149,249
150,249
156,249
157,249
158,249
159,249
165,249
166,249
167,249
168,249
169,249
170,249
171,249
172,249
173,249
174,249
175,249
176,249
177,249
178,249
179,249
180,249
181,249
182,249
183,249
184,249
335,249
336,249
337,249
355,249
356,249
361,249
362,249
363,249
364,249
365,249
366,249
367,249
370,249
371,249
160,250
161,250
162,250
163,250
164,250