215,0
207,1
208,1
209,1
210,1
211,1
212,1
213,1
214,1
216,1
217,1
218,1
219,1
220,1
221,1
222,1
223,1
224,1
225,1
226,1
227,1
228,1
229,1
230,1
200,2
202,2
203,2
204,2
205,2
206,2
231,2
232,2
233,2
234,2
235,2
197,3
198,3
199,3
201,3
236,3
237,3
238,3
239,3
240,3
241,3
242,3
243,3
194,4
195,4
196,4
244,4
192,5
193,5
245,5
191,6
246,6
247,6
248,6
249,6
250,6
251,6
190,7
252,7
253,7
255,7
189,8
254,8
256,8
257,8
188,9
258,9
259,9
260,9
187,10
261,10
186,11
262,11
186,12
263,12
185,13
264,13
184,14
265,14
266,14
184,15
265,15
267,15
184,16
264,16
266,16
268,16
183,17
265,17
269,17
183,18
270,18
183,19
271,19
183,20
270,20
183,21
271,21
183,22
271,22
184,23
272,23
184,24
272,24
184,25
272,25
185,26
272,26
185,27
271,27
185,28
271,28
186,29
270,29
187,30
270,30
187,31
269,31
187,32
269,32
187,33
268,33
188,34
267,34
188,35
266,35
189,36
265,36
189,37
264,37
190,38
263,38
191,39
262,39
191,40
261,40
192,41
260,41
192,42
260,42
193,43
259,43
194,44
258,44
194,45
257,45
194,46
256,46
195,47
256,47
195,48
255,48
195,49
254,49
195,50
253,50
196,51
252,51
196,52
251,52
197,53
251,53
197,54
251,54
197,55
250,55
197,56
249,56
197,57
249,57
198,58
249,58
198,59
248,59
198,60
248,60
198,61
247,61
198,62
248,62
197,63
248,63
197,64
249,64
196,65
249,65
196,66
249,66
89,67
90,67
91,67
195,67
249,67
87,68
88,68
92,68
93,68
94,68
95,68
96,68
97,68
98,68
99,68
100,68
101,68
102,68
103,68
104,68
105,68
106,68
112,68
113,68
114,68
121,68
194,68
249,68
85,69
86,69
107,69
108,69
109,69
110,69
111,69
115,69
116,69
117,69
118,69
119,69
120,69
122,69
123,69
124,69
125,69
126,69
127,69
128,69
131,69
193,69
250,69
84,70
129,70
130,70
132,70
133,70
134,70
135,70
136,70
137,70
138,70
139,70
140,70
141,70
142,70
143,70
144,70
145,70
146,70
147,70
148,70
149,70
150,70
151,70
152,70
190,70
191,70
192,70
251,70
84,71
153,71
154,71
155,71
156,71
157,71
158,71
159,71
160,71
161,71
162,71
163,71
164,71
165,71
188,71
189,71
252,71
85,72
166,72
167,72
177,72
178,72
179,72
180,72
181,72
182,72
185,72
186,72
187,72
252,72
86,73
168,73
169,73
170,73
171,73
172,73
173,73
174,73
175,73
176,73
183,73
184,73
253,73
86,74
254,74
255,74
256,74
85,75
257,75
85,76
258,76
85,77
258,77
85,78
259,78
260,78
85,79
261,79
262,79
263,79
264,79
265,79
85,80
266,80
267,80
268,80
269,80
270,80
271,80
272,80
273,80
85,81
274,81
275,81
276,81
277,81
278,81
279,81
85,82
280,82
281,82
282,82
283,82
284,82
285,82
286,82
287,82
288,82
289,82
85,83
290,83
291,83
292,83
293,83
294,83
295,83
296,83
85,84
297,84
298,84
299,84
300,84
301,84
302,84
303,84
304,84
85,85
305,85
306,85
307,85
308,85
309,85
310,85
85,86
311,86
312,86
313,86
314,86
315,86
316,86
317,86
318,86
319,86
85,87
320,87
321,87
322,87
323,87
324,87
86,88
325,88
326,88
327,88
328,88
329,88
330,88
331,88
332,88
333,88
86,89
334,89
85,90
335,90
336,90
337,90
338,90
339,90
340,90
341,90
342,90
345,90
85,91
343,91
344,91
346,91
347,91
348,91
349,91
85,92
350,92
351,92
352,92
353,92
354,92
355,92
356,92
357,92
358,92
359,92
360,92
361,92
85,93
362,93
363,93
364,93
85,94
365,94
366,94
367,94
85,95
368,95
369,95
370,95
371,95
372,95
373,95
374,95
375,95
376,95
378,95
85,96
377,96
379,96
86,97
379,97
86,98
379,98
86,99
379,99
86,100
378,100
86,101
378,101
86,102
378,102
86,103
378,103
86,104
378,104
87,105
377,105
86,106
378,106
86,107
378,107
86,108
378,108
86,109
377,109
86,110
377,110
86,111
377,111
86,112
377,112
87,113
377,113
87,114
377,114
87,115
376,115
87,116
376,116
87,117
376,117
87,118
377,118
87,119
377,119
87,120
377,120
87,121
377,121
87,122
377,122
87,123
377,123
87,124
377,124
87,125
376,125
87,126
376,126
87,127
377,127
87,128
377,128
87,129
377,129
87,130
376,130
87,131
376,131
88,132
376,132
88,133
376,133
88,134
376,134
88,135
376,135
87,136
376,136
87,137
376,137
87,138
376,138
87,139
376,139
88,140
376,140
88,141
377,141
88,142
377,142
88,143
377,143
88,144
377,144
88,145
377,145
88,146
376,146
88,147
376,147
89,148
376,148
89,149
376,149
89,150
376,150
88,151
376,151
88,152
376,152
88,153
376,153
88,154
377,154
88,155
377,155
88,156
377,156
89,157
377,157
89,158
377,158
89,159
377,159
89,160
377,160
89,161
376,161
89,162
376,162
89,163
377,163
89,164
377,164
89,165
377,165
90,166
377,166
89,167
378,167
89,168
378,168
89,169
378,169
89,170
379,170
89,171
379,171
89,172
380,172
23,173
24,173
25,173
26,173
89,173
380,173
428,173
429,173
430,173
431,173
432,173
433,173
434,173
435,173
436,173
437,173
21,174
22,174
27,174
28,174
29,174
30,174
89,174
381,174
423,174
426,174
427,174
438,174
20,175
31,175
32,175
33,175
34,175
89,175
381,175
421,175
422,175
424,175
425,175
438,175
18,176
19,176
35,176
36,176
37,176
38,176
89,176
381,176
419,176
420,176
439,176
441,176
17,177
39,177
40,177
89,177
381,177
416,177
417,177
418,177
440,177
442,177
16,178
41,178
89,178
382,178
414,178
415,178
441,178
442,178
14,179
15,179
42,179
89,179
383,179
413,179
443,179
444,179
13,180
43,180
44,180
89,180
384,180
411,180
412,180
445,180
12,181
45,181
89,181
385,181
406,181
407,181
408,181
409,181
410,181
446,181
11,182
46,182
47,182
88,182
386,182
387,182
388,182
403,182
404,182
405,182
445,182
447,182
10,183
48,183
49,183
50,183
87,183
389,183
390,183
398,183
401,183
402,183
446,183
448,183
10,184
51,184
87,184
391,184
392,184
394,184
395,184
396,184
397,184
399,184
400,184
449,184
9,185
52,185
53,185
54,185
86,185
393,185
449,185
8,186
55,186
86,186
449,186
8,187
56,187
86,187
450,187
7,188
56,188
86,188
450,188
7,189
57,189
58,189
59,189
85,189
451,189
6,190
60,190
85,190
451,190
6,191
61,191
84,191
452,191
5,192
62,192
82,192
83,192
452,192
5,193
63,193
64,193
65,193
66,193
81,193
452,193
4,194
67,194
68,194
69,194
70,194
80,194
452,194
3,195
71,195
76,195
77,195
78,195
79,195
452,195
3,196
72,196
73,196
74,196
75,196
452,196
2,197
452,197
2,198
452,198
2,199
452,199
2,200
453,200
1,201
453,201
1,202
453,202
1,203
453,203
1,204
453,204
1,205
453,205
1,206
454,206
1,207
454,207
1,208
454,208
0,209
454,209
0,210
454,210
0,211
454,211
0,212
454,212
1,213
454,213
1,214
454,214
1,215
454,215
1,216
454,216
2,217
454,217
2,218
454,218
2,219
454,219
3,220
454,220
3,221
454,221
3,222
454,222
4,223
454,223
4,224
453,224
4,225
453,225
4,226
453,226
5,227
453,227
5,228
453,228
6,229
453,229
6,230
453,230
7,231
453,231
7,232
204,232
205,232
206,232
207,232
453,232
8,233
191,233
192,233
197,233
198,233
199,233
200,233
201,233
202,233
203,233
208,233
209,233
210,233
211,233
212,233
213,233
214,233
215,233
216,233
453,233
9,234
189,234
190,234
193,234
194,234
195,234
196,234
217,234
218,234
219,234
220,234
221,234
222,234
223,234
452,234
9,235
185,235
186,235
187,235
188,235
224,235
225,235
226,235
227,235
452,235
10,236
182,236
183,236
184,236
228,236
229,236
230,236
231,236
232,236
233,236
452,236
11,237
53,237
54,237
55,237
56,237
57,237
58,237
59,237
60,237
61,237
62,237
63,237
64,237
65,237
66,237
67,237
68,237
180,237
181,237
234,237
235,237
236,237
237,237
452,237
11,238
52,238
69,238
70,238
177,238
179,238
238,238
451,238
12,239
49,239
50,239
51,239
71,239
175,239
176,239
178,239
239,239
240,239
451,239
13,240
48,240
71,240
174,240
241,240
242,240
450,240
14,241
45,241
46,241
47,241
72,241
173,241
243,241
244,241
245,241
450,241
15,242
16,242
17,242
39,242
42,242
43,242
44,242
73,242
172,242
246,242
247,242
450,242
18,243
38,243
40,243
41,243
74,243
171,243
248,243
249,243
449,243
19,244
20,244
21,244
35,244
36,244
37,244
75,244
170,244
250,244
251,244
449,244
22,245
23,245
24,245
31,245
32,245
33,245
34,245
76,245
168,245
169,245
252,245
449,245
25,246
26,246
27,246
28,246
29,246
30,246
76,246
167,246
253,246
449,246
76,247
167,247
254,247
449,247
77,248
166,248
254,248
386,248
387,248
388,248
389,248
390,248
448,248
77,249
166,249
254,249
385,249
391,249
392,249
448,249
78,250
165,250
255,250
382,250
383,250
384,250
393,250
394,250
447,250
78,251
165,251
256,251
380,251
381,251
395,251
396,251
397,251
398,251
447,251
78,252
164,252
257,252
379,252
399,252
447,252
78,253
164,253
258,253
378,253
400,253
446,253
78,254
164,254
258,254
378,254
401,254
402,254
403,254
445,254
79,255
164,255
259,255
377,255
404,255
444,255
79,256
164,256
260,256
376,256
405,256
443,256
79,257
164,257
260,257
376,257
406,257
442,257
78,258
164,258
261,258
375,258
407,258
408,258
409,258
442,258
79,259
165,259
261,259
374,259
410,259
441,259
79,260
165,260
261,260
373,260
411,260
412,260
440,260
79,261
165,261
262,261
372,261
413,261
414,261
439,261
79,262
165,262
262,262
372,262
415,262
416,262
417,262
418,262
438,262
79,263
166,263
262,263
372,263
419,263
420,263
435,263
437,263
79,264
166,264
261,264
371,264
421,264
433,264
434,264
436,264
79,265
166,265
261,265
371,265
422,265
423,265
424,265
430,265
431,265
432,265
79,266
167,266
260,266
370,266
425,266
426,266
427,266
428,266
429,266
79,267
168,267
260,267
369,267
80,268
169,268
260,268
368,268
80,269
169,269
259,269
368,269
80,270
170,270
259,270
368,270
80,271
171,271
259,271
368,271
80,272
172,272
258,272
368,272
79,273
172,273
258,273
368,273
79,274
172,274
257,274
367,274
80,275
173,275
256,275
367,275
80,276
173,276
256,276
367,276
80,277
174,277
255,277
367,277
80,278
175,278
254,278
367,278
80,279
175,279
251,279
252,279
253,279
367,279
80,280
175,280
250,280
366,280
80,281
176,281
249,281
366,281
80,282
176,282
249,282
366,282
81,283
176,283
248,283
365,283
81,284
176,284
248,284
364,284
81,285
177,285
247,285
364,285
81,286
178,286
246,286
364,286
81,287
179,287
245,287
364,287
80,288
179,288
244,288
364,288
80,289
179,289
244,289
364,289
80,290
179,290
243,290
363,290
80,291
179,291
243,291
363,291
80,292
179,292
242,292
363,292
81,293
179,293
242,293
363,293
81,294
179,294
241,294
363,294
81,295
179,295
240,295
363,295
81,296
179,296
240,296
362,296
81,297
179,297
240,297
362,297
81,298
179,298
240,298
361,298
81,299
180,299
240,299
361,299
81,300
180,300
239,300
361,300
82,301
180,301
239,301
361,301
83,302
179,302
239,302
361,302
84,303
85,303
86,303
87,303
88,303
89,303
90,303
91,303
92,303
93,303
94,303
95,303
96,303
97,303
98,303
178,303
239,303
360,303
99,304
100,304
101,304
102,304
103,304
104,304
105,304
106,304
107,304
108,304
109,304
110,304
111,304
112,304
113,304
118,304
119,304
120,304
121,304
128,304
129,304
177,304
239,304
360,304
114,305
115,305
116,305
117,305
122,305
123,305
124,305
125,305
126,305
127,305
130,305
173,305
174,305
176,305
239,305
360,305
131,306
132,306
133,306
134,306
135,306
136,306
137,306
138,306
139,306
140,306
141,306
142,306
143,306
144,306
169,306
170,306
171,306
172,306
175,306
240,306
360,306
145,307
146,307
147,307
148,307
149,307
150,307
151,307
152,307
153,307
154,307
155,307
156,307
157,307
158,307
159,307
166,307
167,307
168,307
241,307
359,307
160,308
161,308
162,308
163,308
164,308
165,308
242,308
359,308
243,309
359,309
244,310
245,310
359,310
246,311
359,311
247,312
248,312
358,312
249,313
250,313
357,313
251,314
252,314
357,314
253,315
254,315
255,315
256,315
257,315
258,315
259,315
260,315
261,315
262,315
263,315
264,315
265,315
266,315
357,315
267,316
268,316
357,316
269,317
270,317
271,317
272,317
273,317
274,317
275,317
276,317
277,317
278,317
279,317
280,317
281,317
356,317
282,318
283,318
284,318
285,318
286,318
287,318
288,318
289,318
290,318
291,318
292,318
293,318
294,318
295,318
296,318
356,318
297,319
356,319
298,320
299,320
300,320
301,320
302,320
303,320
304,320
305,320
306,320
307,320
308,320
309,320
310,320
311,320
356,320
312,321
313,321
314,321
315,321
316,321
317,321
318,321
319,321
320,321
321,321
322,321
323,321
325,321
326,321
356,321
324,322
327,322
355,322
328,323
329,323
330,323
331,323
332,323
333,323
334,323
335,323
336,323
337,323
338,323
339,323
340,323
341,323
342,323
354,323
343,324
344,324
345,324
346,324
347,324
348,324
349,324
350,324
351,324
352,324
353,324