3,0
3,1
3,2
3,3
4,4
4,5
4,6
4,7
3,8
3,9
3,10
3,11
3,12
3,13
3,14
3,15
3,16
3,17
3,18
3,19
3,20
3,21
3,22
2,23
2,24
2,25
2,26
2,27
2,28
2,29
2,30
2,31
2,32
2,33
2,34
2,35
3,36
3,37
3,38
3,39
3,40
3,41
3,42
3,43
3,44
3,45
3,46
3,47
3,48
3,49
2,50
2,51
2,52
2,53
2,54
2,55
2,56
2,57
2,58
2,59
2,60
2,61
2,62
2,63
2,64
2,65
2,66
2,67
2,68
2,69
2,70
2,71
2,72
2,73
3,74
3,75
2,76
2,77
2,78
2,79
2,80
2,81
53,81
54,81
55,81
56,81
2,82
51,82
52,82
57,82
58,82
59,82
61,82
65,82
66,82
2,83
49,83
50,83
60,83
62,83
63,83
64,83
67,83
2,84
47,84
48,84
68,84
2,85
45,85
46,85
69,85
2,86
43,86
44,86
69,86
2,87
42,87
69,87
2,88
41,88
69,88
3,89
40,89
70,89
3,90
38,90
39,90
71,90
3,91
37,91
72,91
3,92
36,92
72,92
4,93
35,93
72,93
4,94
33,94
34,94
73,94
4,95
31,95
32,95
74,95
5,96
30,96
74,96
5,97
30,97
74,97
5,98
28,98
29,98
75,98
6,99
7,99
27,99
76,99
8,100
25,100
26,100
76,100
9,101
22,101
23,101
24,101
76,101
10,102
11,102
18,102
19,102
20,102
21,102
77,102
12,103
13,103
14,103
15,103
16,103
17,103
77,103
77,104
77,105
77,106
77,107
77,108
77,109
78,110
78,111
78,112
78,113
78,114
78,115
78,116
78,117
78,118
78,119
78,120
78,121
78,122
78,123
78,124
78,125
78,126
78,127
78,128
77,129
77,130
78,131
78,132
78,133
78,134
78,135
78,136
78,137
78,138
78,139
77,140
77,141
77,142
76,143
75,144
75,145
75,146
75,147
75,148
75,149
15,150
16,150
17,150
18,150
19,150
20,150
21,150
22,150
23,150
74,150
13,151
14,151
24,151
25,151
74,151
11,152
12,152
26,152
27,152
28,152
29,152
73,152
10,153
30,153
31,153
32,153
73,153
10,154
33,154
34,154
73,154
9,155
35,155
36,155
72,155
8,156
37,156
71,156
8,157
38,157
71,157
7,158
39,158
70,158
6,159
40,159
69,159
5,160
41,160
42,160
69,160
5,161
43,161
68,161
5,162
44,162
67,162
5,163
45,163
46,163
47,163
67,163
6,164
48,164
65,164
66,164
6,165
49,165
50,165
51,165
64,165
5,166
52,166
63,166
5,167
53,167
54,167
55,167
56,167
57,167
61,167
62,167
5,168
58,168
59,168
60,168
4,169
4,170
4,171
4,172
4,173
4,174
4,175
4,176
4,177
4,178
4,179
3,180
3,181
4,182
4,183
3,184
3,185
3,186
3,187
3,188
3,189
3,190
3,191
3,192
3,193
3,194
4,195
4,196
4,197
4,198
4,199
4,200
4,201
4,202
3,203
3,204
3,205
3,206
3,207
3,208
3,209
3,210
3,211
3,212
3,213
3,214
3,215
3,216
3,217
3,218
3,219
2,220
2,221
2,222
2,223
2,224
2,225
2,226
3,227
3,228
3,229
3,230
3,231
2,232
2,233
2,234
2,235
2,236
2,237
2,238
2,239
2,240
2,241
2,242
2,243
2,244
2,245
2,246
2,247
2,248
2,249
1,250
2,251
2,252
1,253
1,254
1,255
1,256
1,257
1,258
2,259
2,260
2,261
2,262
2,263
2,264
2,265
2,266
2,267
2,268
2,269
2,270
2,271
2,272
2,273
2,274
1,275
1,276
1,277
1,278
1,279
1,280
1,281
1,282
1,283
1,284
1,285
0,286
0,287
0,288
1,289
1,290
1,291
1,292
1,293
1,294
1,295
1,296
1,297
1,298
1,299
1,300
1,301
0,302
0,303
0,304
0,305
0,306
0,307
0,308
0,309
1,310
2,311
2,312