81,0
80,1
82,1
83,1
84,1
85,1
86,1
87,1
88,1
89,1
90,1
91,1
92,1
93,1
94,1
95,1
96,1
97,1
98,1
99,1
100,1
101,1
102,1
103,1
104,1
105,1
106,1
107,1
108,1
109,1
79,2
110,2
111,2
112,2
113,2
114,2
115,2
116,2
117,2
118,2
119,2
120,2
121,2
122,2
123,2
124,2
125,2
126,2
127,2
128,2
129,2
130,2
131,2
132,2
133,2
134,2
135,2
136,2
137,2
138,2
78,3
139,3
140,3
141,3
142,3
143,3
144,3
145,3
146,3
224,3
225,3
231,3
232,3
233,3
240,3
241,3
78,4
147,4
148,4
149,4
150,4
151,4
152,4
153,4
154,4
157,4
221,4
222,4
223,4
226,4
227,4
228,4
229,4
230,4
234,4
235,4
236,4
237,4
238,4
239,4
242,4
243,4
244,4
245,4
246,4
247,4
248,4
249,4
250,4
251,4
78,5
155,5
156,5
158,5
219,5
220,5
252,5
253,5
254,5
77,6
159,6
160,6
161,6
218,6
255,6
256,6
257,6
258,6
259,6
260,6
261,6
262,6
263,6
264,6
265,6
266,6
267,6
268,6
269,6
270,6
271,6
272,6
273,6
274,6
275,6
276,6
277,6
278,6
279,6
280,6
281,6
282,6
76,7
162,7
217,7
283,7
284,7
76,8
163,8
217,8
285,8
286,8
287,8
288,8
289,8
290,8
76,9
163,9
217,9
291,9
292,9
293,9
294,9
76,10
163,10
216,10
295,10
296,10
297,10
298,10
299,10
300,10
301,10
302,10
303,10
304,10
305,10
306,10
307,10
308,10
309,10
310,10
311,10
312,10
76,11
164,11
216,11
313,11
76,12
164,12
216,12
314,12
315,12
316,12
317,12
318,12
319,12
320,12
321,12
322,12
323,12
324,12
325,12
75,13
165,13
216,13
326,13
327,13
328,13
329,13
330,13
331,13
332,13
333,13
334,13
335,13
336,13
337,13
342,13
75,14
165,14
216,14
338,14
339,14
340,14
341,14
343,14
344,14
75,15
165,15
216,15
345,15
346,15
347,15
348,15
349,15
350,15
351,15
352,15
353,15
354,15
355,15
356,15
357,15
76,16
164,16
216,16
358,16
359,16
360,16
361,16
362,16
363,16
364,16
365,16
366,16
367,16
369,16
370,16
371,16
76,17
164,17
217,17
368,17
372,17
373,17
376,17
76,18
164,18
217,18
374,18
375,18
377,18
378,18
379,18
380,18
381,18
382,18
383,18
384,18
385,18
75,19
164,19
217,19
386,19
387,19
388,19
389,19
390,19
75,20
163,20
217,20
391,20
75,21
163,21
217,21
391,21
75,22
163,22
218,22
391,22
75,23
162,23
218,23
390,23
75,24
162,24
218,24
390,24
74,25
161,25
218,25
390,25
74,26
160,26
219,26
390,26
74,27
159,27
219,27
390,27
74,28
158,28
220,28
390,28
74,29
158,29
221,29
389,29
74,30
158,30
222,30
389,30
74,31
157,31
222,31
389,31
74,32
156,32
222,32
389,32
73,33
156,33
223,33
389,33
73,34
155,34
223,34
389,34
73,35
154,35
224,35
389,35
73,36
154,36
224,36
389,36
72,37
152,37
153,37
225,37
389,37
72,38
151,38
225,38
389,38
72,39
151,39
225,39
389,39
72,40
151,40
225,40
388,40
72,41
150,41
226,41
388,41
72,42
149,42
226,42
387,42
71,43
149,43
227,43
387,43
71,44
149,44
227,44
387,44
71,45
148,45
227,45
387,45
71,46
148,46
228,46
387,46
71,47
148,47
228,47
387,47
71,48
148,48
228,48
386,48
71,49
148,49
229,49
386,49
70,50
148,50
229,50
386,50
70,51
149,51
229,51
386,51
70,52
149,52
230,52
386,52
70,53
150,53
230,53
386,53
70,54
150,54
230,54
385,54
70,55
151,55
230,55
385,55
70,56
151,56
230,56
385,56
70,57
152,57
230,57
385,57
70,58
152,58
230,58
385,58
70,59
153,59
230,59
385,59
70,60
154,60
230,60
385,60
70,61
155,61
156,61
230,61
384,61
69,62
157,62
229,62
384,62
69,63
158,63
229,63
384,63
69,64
159,64
228,64
384,64
69,65
160,65
228,65
384,65
68,66
161,66
162,66
227,66
384,66
68,67
163,67
226,67
384,67
68,68
163,68
223,68
224,68
225,68
384,68
68,69
164,69
222,69
384,69
67,70
165,70
166,70
221,70
383,70
67,71
167,71
219,71
220,71
382,71
18,72
19,72
67,72
168,72
169,72
170,72
218,72
382,72
15,73
16,73
17,73
20,73
67,73
171,73
172,73
216,73
217,73
382,73
14,74
21,74
22,74
23,74
24,74
25,74
26,74
66,74
173,74
174,74
213,74
214,74
215,74
382,74
12,75
13,75
27,75
66,75
175,75
176,75
177,75
212,75
382,75
11,76
28,76
29,76
66,76
178,76
179,76
180,76
181,76
182,76
209,76
210,76
211,76
381,76
10,77
30,77
31,77
32,77
66,77
183,77
184,77
185,77
186,77
187,77
195,77
206,77
207,77
208,77
381,77
9,78
33,78
66,78
188,78
189,78
190,78
191,78
192,78
193,78
194,78
196,78
197,78
198,78
199,78
200,78
201,78
202,78
203,78
204,78
205,78
381,78
8,79
34,79
35,79
36,79
66,79
381,79
8,80
37,80
65,80
380,80
7,81
38,81
39,81
40,81
64,81
380,81
7,82
41,82
64,82
323,82
324,82
325,82
326,82
327,82
328,82
329,82
380,82
6,83
42,83
43,83
63,83
320,83
321,83
322,83
330,83
331,83
332,83
333,83
380,83
5,84
44,84
45,84
62,84
318,84
319,84
334,84
335,84
336,84
337,84
338,84
379,84
5,85
46,85
62,85
316,85
317,85
339,85
379,85
5,86
47,86
48,86
60,86
61,86
315,86
340,86
341,86
379,86
5,87
49,87
58,87
59,87
315,87
342,87
343,87
378,87
4,88
50,88
51,88
52,88
53,88
54,88
55,88
56,88
57,88
314,88
344,88
345,88
346,88
378,88
4,89
312,89
313,89
347,89
377,89
3,90
311,90
348,90
349,90
350,90
351,90
376,90
3,91
310,91
352,91
353,91
354,91
355,91
375,91
3,92
309,92
356,92
357,92
358,92
359,92
360,92
374,92
2,93
308,93
361,93
362,93
363,93
364,93
365,93
366,93
367,93
368,93
369,93
370,93
372,93
373,93
1,94
307,94
371,94
1,95
307,95
1,96
306,96
0,97
306,97
0,98
305,98
0,99
304,99
0,100
304,100
0,101
303,101
0,102
302,102
0,103
302,103
0,104
302,104
0,105
301,105
0,106
301,106
0,107
300,107
0,108
300,108
0,109
300,109
0,110
299,110
0,111
299,111
1,112
299,112
1,113
299,113
1,114
298,114
1,115
298,115
1,116
298,116
2,117
298,117
2,118
298,118
2,119
298,119
2,120
298,120
3,121
298,121
3,122
298,122
3,123
298,123
3,124
298,124
4,125
52,125
53,125
54,125
55,125
56,125
57,125
58,125
299,125
4,126
47,126
48,126
50,126
51,126
59,126
299,126
5,127
46,127
49,127
60,127
61,127
62,127
299,127
5,128
44,128
45,128
63,128
298,128
6,129
42,129
43,129
64,129
299,129
6,130
40,130
41,130
64,130
299,130
7,131
39,131
64,131
300,131
8,132
37,132
38,132
65,132
300,132
9,133
36,133
65,133
300,133
10,134
34,134
35,134
66,134
301,134
11,135
32,135
33,135
66,135
301,135
12,136
13,136
31,136
67,136
302,136
14,137
29,137
30,137
67,137
302,137
15,138
28,138
67,138
303,138
16,139
17,139
18,139
25,139
26,139
27,139
67,139
303,139
19,140
22,140
23,140
24,140
67,140
304,140
20,141
21,141
67,141
304,141
68,142
305,142
68,143
306,143
68,144
307,144
365,144
366,144
367,144
368,144
369,144
68,145
307,145
360,145
361,145
362,145
363,145
364,145
370,145
371,145
372,145
373,145
68,146
307,146
357,146
358,146
359,146
374,146
375,146
68,147
308,147
354,147
355,147
356,147
376,147
68,148
309,148
353,148
377,148
69,149
310,149
352,149
377,149
69,150
311,150
350,150
351,150
378,150
69,151
193,151
194,151
195,151
196,151
197,151
198,151
199,151
200,151
201,151
202,151
203,151
204,151
205,151
311,151
348,151
349,151
378,151
69,152
191,152
192,152
206,152
207,152
208,152
209,152
312,152
345,152
346,152
347,152
379,152
68,153
189,153
190,153
210,153
211,153
212,153
213,153
214,153
313,153
314,153
342,153
343,153
344,153
379,153
68,154
186,154
187,154
188,154
215,154
315,154
339,154
340,154
341,154
380,154
68,155
183,155
184,155
185,155
216,155
217,155
218,155
316,155
317,155
318,155
336,155
337,155
338,155
380,155
68,156
181,156
182,156
219,156
220,156
319,156
320,156
332,156
333,156
334,156
335,156
380,156
69,157
179,157
180,157
221,157
321,157
322,157
323,157
324,157
328,157
329,157
330,157
331,157
381,157
69,158
177,158
178,158
222,158
223,158
325,158
326,158
327,158
381,158
69,159
176,159
224,159
380,159
69,160
174,160
175,160
224,160
380,160
69,161
173,161
225,161
226,161
380,161
69,162
172,162
227,162
380,162
70,163
170,163
171,163
228,163
229,163
380,163
70,164
169,164
230,164
380,164
70,165
168,165
231,165
381,165
70,166
167,166
232,166
381,166
70,167
166,167
233,167
381,167
70,168
166,168
234,168
381,168
70,169
165,169
235,169
381,169
70,170
165,170
235,170
381,170
70,171
164,171
236,171
381,171
70,172
164,172
237,172
381,172
70,173
164,173
237,173
380,173
71,174
164,174
238,174
381,174
71,175
164,175
238,175
381,175
71,176
164,176
239,176
380,176
71,177
164,177
239,177
380,177
71,178
164,178
240,178
380,178
71,179
164,179
240,179
380,179
71,180
164,180
240,180
380,180
71,181
164,181
240,181
380,181
72,182
164,182
240,182
380,182
71,183
164,183
240,183
380,183
71,184
164,184
240,184
380,184
71,185
164,185
240,185
380,185
71,186
164,186
239,186
380,186
72,187
164,187
239,187
380,187
72,188
164,188
239,188
379,188
72,189
165,189
238,189
379,189
72,190
165,190
238,190
379,190
72,191
165,191
238,191
379,191
72,192
166,192
237,192
379,192
72,193
166,193
237,193
379,193
72,194
166,194
237,194
379,194
72,195
167,195
236,195
379,195
72,196
167,196
236,196
379,196
73,197
168,197
235,197
379,197
73,198
169,198
235,198
379,198
73,199
169,199
234,199
379,199
73,200
169,200
234,200
379,200
73,201
170,201
234,201
379,201
73,202
171,202
234,202
379,202
73,203
171,203
233,203
379,203
73,204
171,204
233,204
378,204
74,205
172,205
233,205
378,205
74,206
172,206
232,206
378,206
74,207
172,207
232,207
379,207
74,208
173,208
232,208
379,208
74,209
173,209
231,209
379,209
74,210
174,210
231,210
379,210
75,211
174,211
231,211
378,211
74,212
174,212
230,212
378,212
74,213
175,213
230,213
378,213
74,214
174,214
230,214
378,214
74,215
175,215
229,215
378,215
75,216
175,216
229,216
378,216
75,217
175,217
229,217
377,217
76,218
175,218
229,218
377,218
77,219
175,219
229,219
377,219
78,220
79,220
80,220
81,220
85,220
86,220
175,220
229,220
377,220
82,221
83,221
84,221
87,221
88,221
89,221
90,221
95,221
96,221
97,221
175,221
229,221
377,221
91,222
92,222
93,222
94,222
98,222
99,222
100,222
102,222
103,222
175,222
229,222
377,222
101,223
104,223
105,223
108,223
109,223
174,223
230,223
377,223
106,224
107,224
110,224
111,224
112,224
113,224
114,224
115,224
116,224
174,224
231,224
232,224
376,224
117,225
118,225
119,225
120,225
121,225
122,225
123,225
124,225
173,225
233,225
376,225
125,226
126,226
127,226
128,226
129,226
130,226
131,226
132,226
133,226
172,226
234,226
376,226
134,227
135,227
137,227
138,227
139,227
140,227
141,227
170,227
171,227
235,227
236,227
237,227
376,227
136,228
142,228
143,228
144,228
145,228
146,228
147,228
148,228
149,228
150,228
151,228
159,228
160,228
161,228
162,228
163,228
167,228
168,228
169,228
238,228
239,228
240,228
241,228
376,228
152,229
153,229
154,229
155,229
156,229
157,229
158,229
164,229
165,229
166,229
242,229
243,229
244,229
245,229
246,229
247,229
248,229
249,229
250,229
251,229
376,229
252,230
253,230
254,230
255,230
256,230
257,230
258,230
259,230
260,230
261,230
262,230
263,230
264,230
268,230
269,230
270,230
271,230
272,230
273,230
274,230
275,230
276,230
277,230
278,230
279,230
280,230
376,230
265,231
266,231
267,231
281,231
282,231
283,231
284,231
285,231
286,231
287,231
289,231
290,231
291,231
292,231
293,231
294,231
295,231
296,231
297,231
298,231
299,231
300,231
301,231
302,231
303,231
304,231
305,231
306,231
307,231
308,231
309,231
377,231
288,232
310,232
311,232
312,232
313,232
314,232
315,232
316,232
317,232
318,232
319,232
320,232
321,232
322,232
323,232
324,232
328,232
337,232
338,232
377,232
325,233
326,233
327,233
329,233
330,233
331,233
332,233
333,233
334,233
335,233
336,233
339,233
377,233
340,234
341,234
342,234
343,234
344,234
345,234
346,234
347,234
348,234
349,234
350,234
351,234
352,234
353,234
354,234
355,234
356,234
357,234
358,234
359,234
360,234
361,234
362,234
363,234
364,234
365,234
366,234
367,234
368,234
377,234
369,235
375,235
376,235
370,236
371,236
372,236
373,236
374,236