84,0
83,1
83,2
83,3
84,4
85,4
86,5
86,6
86,7
86,8
86,9
86,10
86,11
86,12
86,13
85,14
85,15
85,16
85,17
84,18
85,19
85,20
85,21
84,22
84,23
84,24
84,25
84,26
84,27
83,28
83,29
83,30
83,31
83,32
83,33
83,34
82,35
82,36
82,37
82,38
82,39
82,40
82,41
82,42
82,43
82,44
82,45
82,46
82,47
81,48
81,49
81,50
81,51
81,52
81,53
80,54
80,55
80,56
80,57
79,58
79,59
21,60
22,60
23,60
24,60
25,60
26,60
80,60
19,61
20,61
27,61
28,61
29,61
80,61
18,62
30,62
31,62
80,62
18,63
32,63
79,63
17,64
33,64
34,64
78,64
15,65
16,65
35,65
78,65
13,66
14,66
36,66
37,66
77,66
12,67
38,67
39,67
77,67
11,68
40,68
76,68
10,69
41,69
42,69
75,69
10,70
43,70
75,70
9,71
44,71
74,71
8,72
45,72
74,72
7,73
46,73
47,73
73,73
6,74
48,74
49,74
71,74
72,74
6,75
50,75
51,75
70,75
5,76
52,76
53,76
66,76
67,76
68,76
69,76
4,77
54,77
55,77
56,77
61,77
62,77
63,77
64,77
65,77
4,78
57,78
58,78
60,78
4,79
59,79
3,80
3,81
4,82
3,83
3,84
3,85
3,86
2,87
2,88
2,89
2,90
2,91
1,92
1,93
1,94
1,95
1,96
0,97
0,98
0,99
0,100
0,101
0,102
1,103
1,104
1,105
1,106
1,107
1,108
1,109
1,110
1,111
1,112
1,113
1,114
1,115
1,116
1,117
1,118
1,119
1,120
1,121
1,122
2,123
2,124
2,125
3,126
3,127
3,128
3,129
3,130
3,131
4,132
4,133
61,133
62,133
63,133
64,133
65,133
66,133
67,133
4,134
60,134
68,134
69,134
70,134
5,135
57,135
58,135
59,135
71,135
5,136
54,136
55,136
56,136
72,136
73,136
5,137
51,137
52,137
53,137
74,137
6,138
49,138
50,138
74,138
6,139
47,139
48,139
75,139
6,140
45,140
46,140
76,140
7,141
44,141
77,141
8,142
43,142
78,142
9,143
41,143
42,143
78,143
10,144
40,144
79,144
10,145
40,145
79,145
11,146
38,146
39,146
79,146
12,147
35,147
36,147
37,147
80,147
13,148
34,148
81,148
14,149
15,149
31,149
32,149
33,149
81,149
16,150
28,150
29,150
30,150
81,150
17,151
18,151
21,151
24,151
25,151
26,151
27,151
81,151
19,152
20,152
22,152
23,152
81,152
81,153
81,154
81,155
81,156
81,157
81,158
82,159
82,160
82,161
82,162
82,163
82,164
82,165
82,166
82,167
82,168
82,169
82,170
81,171
81,172
82,173
82,174
82,175
82,176
82,177
82,178
82,179
82,180
82,181
82,182
83,183
83,184
83,185
83,186
83,187
83,188
83,189
83,190
83,191
83,192
83,193
83,194
83,195
83,196
83,197
83,198
82,199
82,200
82,201
83,202
84,203
83,204
83,205
83,206
83,207
83,208
84,209
83,210
83,211
83,212
83,213
83,214
83,215
83,216
83,217
83,218
83,219
82,220
82,221
82,222
82,223