76,0
76,1
76,2
76,3
76,4
76,5
77,6
77,7
77,8
77,9
77,10
77,11
77,12
77,13
77,14
77,15
77,16
77,17
77,18
77,19
77,20
77,21
77,22
77,23
77,24
77,25
77,26
77,27
77,28
77,29
77,30
77,31
77,32
77,33
77,34
77,35
77,36
77,37
77,38
77,39
77,40
77,41
77,42
77,43
77,44
77,45
77,46
78,47
77,48
77,49
77,50
77,51
77,52
77,53
77,54
77,55
77,56
77,57
77,58
77,59
77,60
77,61
77,62
77,63
77,64
77,65
77,66
77,67
77,68
77,69
77,70
77,71
77,72
77,73
77,74
77,75
77,76
77,77
77,78
77,79
77,80
77,81
77,82
20,83
21,83
22,83
23,83
24,83
25,83
26,83
27,83
28,83
77,83
19,84
29,84
77,84
17,85
18,85
30,85
77,85
16,86
31,86
77,86
14,87
15,87
32,87
33,87
34,87
77,87
13,88
35,88
77,88
12,89
35,89
76,89
11,90
36,90
37,90
76,90
10,91
38,91
76,91
9,92
38,92
76,92
9,93
39,93
75,93
8,94
40,94
41,94
75,94
7,95
42,95
75,95
6,96
43,96
74,96
6,97
44,97
74,97
6,98
45,98
46,98
73,98
5,99
47,99
73,99
5,100
48,100
72,100
5,101
49,101
50,101
71,101
4,102
51,102
52,102
53,102
70,102
4,103
54,103
69,103
3,104
55,104
56,104
57,104
67,104
68,104
3,105
58,105
59,105
60,105
61,105
62,105
63,105
64,105
65,105
66,105
3,106
3,107
3,108
3,109
3,110
2,111
2,112
2,113
2,114
1,115
1,116
1,117
1,118
1,119
1,120
1,121
1,122
1,123
1,124
1,125
0,126
0,127
0,128
0,129
0,130
0,131
0,132
0,133
0,134
0,135
0,136
1,137
1,138
1,139
0,140
1,141
1,142
1,143
1,144
1,145
1,146
1,147
1,148
1,149
2,150
2,151
2,152
2,153
2,154
2,155
2,156
3,157
3,158
57,158
58,158
59,158
60,158
61,158
62,158
63,158
64,158
3,159
55,159
56,159
65,159
66,159
4,160
51,160
52,160
53,160
54,160
67,160
68,160
4,161
49,161
50,161
69,161
4,162
47,162
48,162
70,162
5,163
45,163
46,163
71,163
6,164
43,164
44,164
71,164
6,165
42,165
71,165
7,166
40,166
41,166
72,166
7,167
39,167
72,167
8,168
38,168
73,168
9,169
37,169
73,169
10,170
35,170
36,170
73,170
11,171
33,171
34,171
74,171
12,172
32,172
74,172
13,173
30,173
31,173
74,173
14,174
28,174
29,174
74,174
15,175
16,175
27,175
75,175
17,176
18,176
19,176
20,176
24,176
25,176
26,176
75,176
21,177
22,177
23,177
75,177
75,178
75,179
75,180
75,181
76,182
75,183
75,184
75,185
75,186
75,187
75,188
75,189
75,190
75,191
75,192
75,193
75,194
75,195
75,196
75,197
75,198
75,199
75,200
75,201
75,202
74,203
75,204
75,205
74,206
74,207
74,208
74,209
74,210
74,211
74,212
74,213
74,214
74,215
74,216
74,217
74,218
74,219
74,220
74,221
74,222
74,223
74,224
74,225
75,226
75,227
75,228
75,229
75,230
75,231
75,232
75,233
75,234
75,235
75,236
75,237
75,238