48,0
48,1
48,2
48,3
48,4
47,5
48,6
48,7
47,8
46,9
46,10
46,11
46,12
46,13
47,14
46,15
46,16
46,17
45,18
45,19
45,20
44,21
44,22
44,23
44,24
44,25
44,26
43,27
43,28
43,29
43,30
43,31
43,32
43,33
42,34
42,35
41,36
41,37
41,38
41,39
40,40
40,41
40,42
40,43
40,44
40,45
40,46
39,47
39,48
39,49
39,50
39,51
39,52
38,53
38,54
38,55
38,56
38,57
38,58
38,59
37,60
37,61
37,62
37,63
37,64
37,65
36,66
36,67
36,68
36,69
36,70
36,71
35,72
35,73
35,74
35,75
35,76
35,77
35,78
34,79
33,80
33,81
33,82
33,83
33,84
33,85
33,86
33,87
33,88
33,89
33,90
34,91
76,91
77,91
33,92
74,92
75,92
78,92
79,92
80,92
81,92
82,92
83,92
84,92
33,93
72,93
73,93
85,93
33,94
67,94
68,94
69,94
70,94
71,94
86,94
87,94
88,94
34,95
66,95
89,95
34,96
63,96
64,96
65,96
89,96
35,97
61,97
62,97
90,97
35,98
59,98
60,98
91,98
36,99
55,99
56,99
57,99
58,99
91,99
37,100
53,100
54,100
92,100
38,101
39,101
49,101
50,101
51,101
52,101
93,101
40,102
41,102
42,102
43,102
44,102
46,102
47,102
48,102
94,102
45,103
94,103
95,104
95,105
96,106
96,107
96,108
96,109
96,110
97,111
98,112
98,113
97,114
97,115
96,116
97,117
98,118
99,119
99,120
99,121
99,122
99,123
99,124
100,125
100,126
100,127
100,128
99,129
98,130
98,131
99,132
99,133
99,134
99,135
98,136
99,137
99,138
99,139
99,140
99,141
98,142
98,143
98,144
98,145
99,146
99,147
99,148
97,149
98,149
96,150
96,151
96,152
96,153
96,154
96,155
95,156
95,157
95,158
94,159
94,160
93,161
93,162
93,163
92,164
25,165
26,165
92,165
24,166
27,166
28,166
29,166
30,166
31,166
32,166
91,166
23,167
33,167
90,167
22,168
34,168
35,168
89,168
20,169
21,169
36,169
37,169
89,169
19,170
38,170
89,170
18,171
38,171
89,171
17,172
39,172
89,172
17,173
40,173
89,173
17,174
41,174
42,174
43,174
88,174
16,175
44,175
87,175
15,176
45,176
87,176
14,177
44,177
86,177
14,178
45,178
46,178
85,178
14,179
47,179
48,179
85,179
14,180
49,180
82,180
83,180
84,180
13,181
50,181
81,181
13,182
51,182
80,182
13,183
51,183
81,183
12,184
51,184
80,184
12,185
52,185
53,185
79,185
12,186
54,186
75,186
76,186
77,186
78,186
12,187
55,187
73,187
74,187
11,188
56,188
67,188
68,188
69,188
70,188
72,188
11,189
57,189
66,189
71,189
11,190
58,190
59,190
60,190
65,190
11,191
61,191
62,191
63,191
64,191
11,192
10,193
9,194
9,195
9,196
9,197
9,198
9,199
8,200
7,201
7,202
7,203
7,204
7,205
7,206
6,207
6,208
6,209
6,210
6,211
5,212
4,213
4,214
4,215
4,216
4,217
4,218
4,219
3,220
3,221
3,222
3,223
3,224
3,225
2,226
2,227
1,228
1,229
1,230
1,231
0,232
0,233
0,234
0,235
1,236
2,237
3,238
4,239
5,239
6,239
7,239
8,240
9,240
10,240
11,240
12,240
13,241
14,242
15,242
16,242
17,242
18,243
19,243
20,243
21,244
22,244
23,244
24,244
25,244
26,244
27,245
28,245
29,245
30,246
31,246
32,246
33,246
34,247
35,247
36,247
37,247
38,247
39,248
40,249
41,249
42,249
43,249
44,249
45,250
46,251
47,251
48,251
49,251
50,251
51,251
52,251
53,252
54,252
55,252
56,253
57,253
58,253
59,254
60,254
61,255
62,255
63,256
63,257
64,258
64,259
64,260
65,261
65,262
65,263
66,264
67,265
68,266
69,267
70,267
71,268
71,269
71,270
71,271
70,272
70,273
70,274
69,275
69,276
68,277
67,278
67,279
66,280
65,281
65,282
63,283
64,283
62,284
61,285
61,286
60,287
59,288
58,289
57,290
56,291
55,292
55,293
54,294
53,295
52,296
51,297
51,298
51,299
50,300
49,301
48,302
48,303
47,304
47,305
47,306