81,0
81,1
81,2
81,3
81,4
81,5
81,6
81,7
81,8
81,9
81,10
81,11
81,12
81,13
81,14
80,15
81,16
81,17
81,18
80,19
80,20
80,21
80,22
80,23
80,24
81,25
81,26
81,27
81,28
81,29
81,30
80,31
80,32
80,33
79,34
79,35
79,36
79,37
79,38
80,39
80,40
80,41
80,42
80,43
80,44
80,45
80,46
79,47
79,48
79,49
79,50
79,51
79,52
79,53
79,54
79,55
79,56
79,57
79,58
79,59
79,60
79,61
79,62
78,63
78,64
78,65
78,66
78,67
78,68
79,69
79,70
79,71
79,72
79,73
78,74
78,75
78,76
78,77
78,78
78,79
77,80
77,81
78,82
78,83
78,84
78,85
78,86
78,87
78,88
78,89
78,90
78,91
78,92
78,93
77,94
77,95
77,96
77,97
77,98
77,99
77,100
77,101
77,102
77,103
77,104
77,105
77,106
77,107
77,108
77,109
77,110
77,111
76,112
75,113
75,114
75,115
20,116
21,116
22,116
23,116
24,116
25,116
75,116
17,117
18,117
19,117
26,117
75,117
16,118
27,118
75,118
15,119
28,119
29,119
30,119
31,119
32,119
74,119
14,120
33,120
34,120
74,120
13,121
35,121
36,121
37,121
38,121
74,121
12,122
39,122
73,122
10,123
11,123
40,123
41,123
73,123
9,124
42,124
43,124
72,124
9,125
44,125
45,125
72,125
8,126
46,126
72,126
7,127
47,127
48,127
71,127
6,128
49,128
69,128
70,128
6,129
50,129
51,129
52,129
53,129
54,129
68,129
6,130
55,130
56,130
57,130
58,130
65,130
66,130
67,130
5,131
59,131
63,131
64,131
5,132
60,132
61,132
62,132
5,133
5,134
4,135
4,136
3,137
3,138
3,139
3,140
2,141
1,142
1,143
1,144
1,145
1,146
1,147
0,148
0,149
0,150
0,151
0,152
0,153
0,154
0,155
0,156
1,157
0,158
0,159
1,160
0,161
0,162
1,163
1,164
2,165
2,166
2,167
3,168
3,169
3,170
4,171
5,172
5,173
6,174
5,175
5,176
6,177
7,178
8,179
8,180
64,180
65,180
66,180
67,180
68,180
69,180
70,180
71,180
9,181
61,181
62,181
63,181
72,181
9,182
56,182
57,182
58,182
59,182
60,182
72,182
9,183
55,183
72,183
10,184
54,184
73,184
11,185
52,185
53,185
74,185
12,186
50,186
51,186
74,186
13,187
49,187
75,187
14,188
45,188
46,188
48,188
76,188
15,189
44,189
47,189
76,189
16,190
40,190
41,190
43,190
77,190
17,191
38,191
39,191
42,191
77,191
18,192
36,192
37,192
77,192
19,193
20,193
21,193
22,193
23,193
24,193
33,193
34,193
35,193
77,193
25,194
26,194
27,194
28,194
29,194
30,194
31,194
32,194
77,194
78,195
78,196
78,197
78,198
78,199
78,200
78,201
79,202
79,203
79,204
79,205
79,206
79,207
79,208
79,209
79,210
79,211
79,212
79,213
79,214
79,215
79,216
79,217
80,218
79,219
80,220
80,221
80,222
80,223
80,224
79,225
79,226
79,227
79,228
79,229
79,230
79,231
79,232
79,233
79,234
79,235
79,236
79,237
79,238
79,239
79,240
80,241
79,242
79,243
79,244
79,245
79,246
79,247
79,248
80,249
80,250
80,251
80,252
80,253
80,254
80,255
80,256
81,257
80,258
79,259
79,260
80,261
79,262
80,263
80,264
80,265
80,266
80,267
80,268