82,0
82,1
83,2
83,3
83,4
83,5
83,6
82,7
82,8
82,9
82,10
82,11
82,12
81,13
81,14
81,15
81,16
81,17
81,18
81,19
82,20
82,21
81,22
81,23
81,24
81,25
81,26
80,27
80,28
80,29
80,30
79,31
79,32
79,33
79,34
79,35
79,36
79,37
80,38
80,39
80,40
80,41
80,42
80,43
80,44
79,45
79,46
79,47
78,48
78,49
78,50
78,51
78,52
78,53
77,54
77,55
78,56
78,57
78,58
78,59
77,60
77,61
77,62
77,63
77,64
77,65
77,66
77,67
77,68
77,69
76,70
76,71
76,72
76,73
77,74
77,75
77,76
77,77
76,78
76,79
76,80
76,81
76,82
76,83
76,84
75,85
75,86
75,87
74,88
74,89
74,90
75,91
76,92
75,93
75,94
75,95
75,96
74,97
74,98
74,99
74,100
20,101
74,101
18,102
19,102
21,102
22,102
74,102
15,103
16,103
17,103
23,103
74,103
13,104
14,104
24,104
74,104
12,105
25,105
26,105
74,105
12,106
27,106
73,106
11,107
28,107
73,107
10,108
29,108
72,108
9,109
30,109
72,109
8,110
31,110
73,110
7,111
32,111
33,111
73,111
7,112
34,112
35,112
73,112
7,113
36,113
73,113
6,114
37,114
72,114
6,115
38,115
72,115
5,116
39,116
71,116
5,117
40,117
41,117
68,117
69,117
70,117
5,118
42,118
67,118
4,119
43,119
44,119
65,119
66,119
4,120
45,120
64,120
4,121
46,121
47,121
64,121
3,122
48,122
63,122
3,123
49,123
63,123
3,124
50,124
62,124
2,125
51,125
55,125
56,125
57,125
59,125
60,125
61,125
2,126
52,126
53,126
54,126
58,126
2,127
2,128
1,129
2,130
2,131
1,132
1,133
1,134
1,135
1,136
1,137
0,138
0,139
0,140
0,141
0,142
0,143
0,144
0,145
0,146
0,147
1,148
1,149
1,150
1,151
1,152
1,153
1,154
1,155
1,156
1,157
1,158
1,159
2,160
2,161
2,162
2,163
2,164
2,165
3,166
3,167
55,167
56,167
3,168
54,168
57,168
58,168
61,168
62,168
63,168
64,168
65,168
68,168
3,169
48,169
49,169
50,169
51,169
52,169
53,169
59,169
60,169
66,169
67,169
69,169
4,170
47,170
70,170
4,171
47,171
71,171
5,172
45,172
46,172
70,172
5,173
42,173
43,173
44,173
70,173
6,174
41,174
71,174
6,175
41,175
70,175
7,176
39,176
40,176
71,176
72,176
7,177
38,177
73,177
8,178
37,178
74,178
8,179
36,179
74,179
9,180
34,180
35,180
74,180
10,181
33,181
74,181
11,182
32,182
75,182
12,183
31,183
75,183
13,184
30,184
75,184
14,185
27,185
28,185
29,185
75,185
15,186
26,186
75,186
16,187
17,187
25,187
75,187
18,188
19,188
20,188
21,188
22,188
23,188
24,188
75,188
76,189
76,190
76,191
76,192
76,193
76,194
76,195
76,196
76,197
76,198
76,199
77,200
77,201
77,202
77,203
77,204
77,205
77,206
77,207
77,208
77,209
77,210
77,211
77,212
77,213
77,214
77,215
77,216
78,217
78,218
78,219
78,220
78,221
78,222
77,223
77,224
78,225
78,226
78,227
78,228
77,229
77,230
77,231
78,232
78,233
78,234
79,235
79,236
78,237
78,238
78,239
78,240
78,241
78,242
78,243
78,244
78,245
78,246
78,247
78,248
78,249
78,250
78,251
78,252
79,253
79,254
79,255
79,256
79,257
79,258
79,259
79,260
79,261
79,262
79,263
79,264
79,265
79,266
79,267
79,268
79,269
79,270
80,271
80,272
80,273
80,274
80,275
80,276
80,277
80,278
80,279
80,280
80,281
80,282
80,283
80,284
80,285
80,286
81,287