79,0
79,1
79,2
79,3
79,4
79,5
79,6
79,7
79,8
79,9
79,10
80,11
80,12
81,13
81,14
81,15
81,16
81,17
80,18
80,19
80,20
80,21
80,22
80,23
80,24
80,25
80,26
80,27
81,28
82,29
82,30
82,31
82,32
81,33
81,34
81,35
82,36
82,37
82,38
82,39
82,40
81,41
81,42
81,43
81,44
81,45
81,46
82,47
83,48
83,49
83,50
82,51
82,52
82,53
82,54
82,55
82,56
82,57
82,58
82,59
82,60
82,61
82,62
81,63
81,64
82,65
82,66
82,67
82,68
36,69
81,69
27,70
28,70
29,70
30,70
31,70
32,70
33,70
34,70
35,70
37,70
38,70
39,70
40,70
81,70
25,71
26,71
41,71
42,71
43,71
45,71
81,71
22,72
23,72
24,72
44,72
46,72
80,72
20,73
21,73
47,73
48,73
80,73
18,74
19,74
49,74
50,74
79,74
16,75
17,75
51,75
78,75
15,76
52,76
78,76
14,77
53,77
54,77
77,77
12,78
13,78
55,78
56,78
57,78
76,78
11,79
58,79
59,79
63,79
74,79
75,79
10,80
60,80
61,80
62,80
64,80
65,80
66,80
67,80
68,80
69,80
71,80
72,80
73,80
10,81
70,81
9,82
8,83
8,84
7,85
7,86
6,87
6,88
5,89
5,90
5,91
4,92
3,93
3,94
3,95
2,96
2,97
1,98
1,99
1,100
1,101
0,102
1,103
1,104
1,105
1,106
1,107
1,108
1,109
1,110
1,111
1,112
1,113
2,114
2,115
2,116
2,117
3,118
3,119
4,120
5,121
5,122
5,123
5,124
6,125
7,126
7,127
8,128
9,129
9,130
10,131
65,131
66,131
67,131
68,131
69,131
70,131
71,131
72,131
73,131
74,131
75,131
11,132
64,132
76,132
12,133
62,133
63,133
77,133
13,134
14,134
59,134
60,134
61,134
78,134
79,134
15,135
57,135
58,135
80,135
15,136
56,136
81,136
16,137
17,137
18,137
53,137
54,137
55,137
82,137
83,137
19,138
51,138
52,138
84,138
20,139
49,139
50,139
84,139
21,140
22,140
23,140
47,140
48,140
84,140
24,141
25,141
45,141
46,141
85,141
26,142
27,142
28,142
29,142
30,142
31,142
32,142
33,142
34,142
35,142
36,142
37,142
38,142
39,142
40,142
41,142
42,142
43,142
44,142
85,142
85,143
85,144
86,145
86,146
86,147
86,148
86,149
86,150
86,151
86,152
86,153
87,154
87,155
86,156
86,157
86,158
86,159
86,160
85,161
85,162
85,163
85,164
85,165
85,166
85,167
85,168
84,169
84,170
84,171
85,172
85,173
85,174
85,175
85,176
84,177
84,178
84,179
84,180
84,181
84,182
84,183
84,184
84,185
83,186
83,187
83,188
83,189
84,190
84,191
83,192
83,193
83,194
83,195
83,196
83,197
83,198
82,199
82,200
82,201
82,202
82,203
82,204
82,205
81,206
81,207
82,208
82,209
82,210
81,211
81,212
81,213
81,214
81,215
81,216
81,217
80,218
80,219
79,220
78,221
78,222
78,223
78,224