85,0
85,1
84,2
84,3
84,4
84,5
83,6
83,7
83,8
83,9
82,10
82,11
82,12
82,13
82,14
82,15
82,16
82,17
81,18
81,19
81,20
81,21
81,22
81,23
81,24
81,25
81,26
81,27
81,28
80,29
80,30
80,31
80,32
80,33
80,34
80,35
80,36
79,37
79,38
79,39
79,40
79,41
79,42
79,43
79,44
79,45
79,46
79,47
79,48
79,49
78,50
77,51
77,52
77,53
77,54
77,55
76,56
76,57
76,58
75,59
75,60
75,61
21,62
22,62
23,62
24,62
25,62
26,62
27,62
28,62
29,62
30,62
31,62
32,62
33,62
34,62
74,62
19,63
20,63
35,63
36,63
37,63
38,63
39,63
74,63
18,64
40,64
41,64
42,64
74,64
17,65
43,65
44,65
45,65
73,65
16,66
46,66
47,66
48,66
49,66
50,66
72,66
15,67
51,67
52,67
53,67
71,67
13,68
14,68
54,68
69,68
70,68
12,69
55,69
56,69
57,69
58,69
68,69
11,70
59,70
60,70
61,70
62,70
63,70
64,70
65,70
66,70
67,70
10,71
9,72
9,73
8,74
8,75
7,76
7,77
6,78
6,79
5,80
5,81
5,82
4,83
4,84
4,85
3,86
3,87
3,88
2,89
2,90
1,91
1,92
0,93
0,94
0,95
0,96
0,97
0,98
0,99
0,100
0,101
1,102
1,103
1,104
1,105
2,106
2,107
2,108
3,109
3,110
4,111
4,112
4,113
5,114
5,115
6,116
7,117
7,118
8,119
8,120
9,121
9,122
10,123
11,124
11,125
12,126
13,127
64,127
65,127
66,127
67,127
68,127
69,127
70,127
71,127
14,128
60,128
61,128
62,128
63,128
72,128
14,129
54,129
57,129
58,129
59,129
73,129
74,129
15,130
52,130
53,130
55,130
56,130
75,130
16,131
49,131
50,131
51,131
76,131
16,132
46,132
47,132
48,132
76,132
16,133
43,133
44,133
45,133
76,133
17,134
18,134
19,134
39,134
40,134
41,134
42,134
76,134
20,135
21,135
36,135
37,135
38,135
77,135
22,136
23,136
27,136
28,136
29,136
30,136
32,136
33,136
34,136
35,136
77,136
24,137
25,137
26,137
31,137
78,137
78,138
79,139
79,140
79,141
79,142
79,143
79,144
80,145
80,146
80,147
80,148
80,149
80,150
80,151
81,152
81,153
81,154
81,155
81,156
81,157
81,158
81,159
81,160
81,161
81,162
82,163
82,164
82,165
82,166
81,167
82,168
82,169
82,170
82,171
82,172
81,173
80,174
81,175
81,176
81,177
81,178
81,179
81,180
81,181
81,182
81,183
81,184
81,185
81,186
81,187
81,188
81,189
81,190
81,191
81,192
81,193
81,194
81,195
81,196
81,197
82,198
82,199
82,200
81,201
81,202
82,203
82,204
82,205
82,206
82,207
83,208
83,209
83,210
83,211
83,212
83,213
83,214
82,215
82,216
82,217
82,218
82,219
82,220
82,221
82,222
82,223
82,224
82,225
82,226
82,227
82,228
82,229
82,230
82,231
82,232
82,233
82,234
82,235
83,236
83,237
83,238
83,239
83,240
83,241
82,242
82,243
82,244
82,245
82,246
82,247
83,248
83,249
83,250
83,251
83,252
83,253
83,254
83,255
82,256
82,257
82,258
82,259
82,260
82,261
83,262
83,263
83,264
82,265
82,266
83,267
83,268
84,269