78,0
77,1
77,2
76,3
76,4
76,5
76,6
77,7
77,8
77,9
77,10
77,11
77,12
77,13
77,14
77,15
78,16
78,17
78,18
77,19
77,20
76,21
76,22
76,23
77,24
77,25
77,26
77,27
77,28
77,29
77,30
77,31
77,32
78,33
78,34
78,35
78,36
78,37
77,38
77,39
77,40
77,41
77,42
77,43
77,44
77,45
77,46
77,47
77,48
78,49
78,50
78,51
77,52
77,53
78,54
77,55
77,56
77,57
77,58
77,59
77,60
78,61
78,62
78,63
78,64
78,65
78,66
78,67
78,68
78,69
78,70
78,71
78,72
77,73
77,74
77,75
77,76
77,77
77,78
78,79
78,80
78,81
78,82
78,83
78,84
78,85
79,86
79,87
78,88
78,89
78,90
77,91
77,92
77,93
77,94
77,95
77,96
77,97
77,98
78,99
78,100
77,101
77,102
78,103
78,104
78,105
77,106
77,107
77,108
76,109
76,110
76,111
76,112
76,113
76,114
76,115
77,116
77,117
77,118
77,119
77,120
77,121
77,122
76,123
77,124
77,125
77,126
76,127
76,128
18,129
19,129
20,129
21,129
22,129
23,129
24,129
25,129
26,129
27,129
76,129
16,130
17,130
28,130
29,130
76,130
15,131
30,131
76,131
14,132
31,132
32,132
75,132
13,133
33,133
34,133
35,133
75,133
12,134
36,134
75,134
11,135
37,135
38,135
39,135
75,135
10,136
40,136
41,136
74,136
10,137
42,137
43,137
44,137
74,137
9,138
45,138
46,138
74,138
9,139
47,139
74,139
8,140
48,140
74,140
7,141
49,141
50,141
73,141
7,142
51,142
52,142
72,142
6,143
53,143
54,143
55,143
70,143
71,143
5,144
56,144
57,144
58,144
59,144
68,144
69,144
5,145
60,145
61,145
62,145
63,145
64,145
65,145
66,145
67,145
5,146
5,147
4,148
4,149
4,150
4,151
4,152
3,153
2,154
2,155
2,156
2,157
2,158
2,159
1,160
0,161
1,162
1,163
1,164
0,165
0,166
1,167
0,168
0,169
1,170
1,171
1,172
1,173
1,174
1,175
1,176
2,177
2,178
2,179
2,180
2,181
3,182
4,183
4,184
4,185
5,186
5,187
6,188
6,189
6,190
7,191
8,192
8,193
64,193
9,194
63,194
65,194
66,194
67,194
68,194
10,195
61,195
62,195
69,195
70,195
9,196
58,196
59,196
60,196
71,196
72,196
10,197
56,197
57,197
73,197
11,198
54,198
55,198
73,198
11,199
53,199
74,199
12,200
51,200
52,200
75,200
12,201
49,201
50,201
76,201
13,202
48,202
77,202
14,203
44,203
45,203
46,203
47,203
77,203
15,204
42,204
43,204
77,204
16,205
41,205
77,205
17,206
38,206
39,206
40,206
78,206
18,207
19,207
20,207
36,207
37,207
78,207
21,208
22,208
33,208
34,208
35,208
78,208
23,209
24,209
25,209
26,209
27,209
29,209
30,209
31,209
32,209
78,209
28,210
78,210
79,211
79,212
79,213
79,214
79,215
78,216
78,217
78,218
78,219
78,220
78,221
78,222
78,223
78,224
78,225
78,226
78,227
79,228
79,229
79,230
79,231
79,232
79,233
78,234
78,235
78,236
78,237
78,238
78,239
78,240
77,241
77,242
78,243
78,244
78,245
78,246
78,247
78,248
78,249
78,250
79,251
78,252
78,253
78,254
77,255
77,256
77,257
77,258
77,259
77,260
78,261
78,262
78,263
78,264
78,265
78,266
78,267
78,268
78,269
77,270
77,271
77,272