4,0
4,1
3,2
2,3
2,4
2,5
2,6
2,7
2,8
2,9
2,10
1,11
1,12
1,13
1,14
1,15
1,16
1,17
1,18
1,19
1,20
1,21
1,22
1,23
1,24
1,25
1,26
1,27
1,28
1,29
1,30
1,31
1,32
1,33
1,34
1,35
1,36
1,37
1,38
1,39
1,40
1,41
1,42
1,43
1,44
1,45
1,46
1,47
1,48
1,49
1,50
1,51
1,52
1,53
1,54
0,55
0,56
0,57
0,58
0,59
0,60
0,61
0,62
0,63
0,64
0,65
0,66
0,67
0,68
0,69
0,70
0,71
0,72
0,73
0,74
0,75
0,76
0,77
0,78
0,79
0,80
1,81
1,82
47,82
48,82
49,82
50,82
51,82
52,82
53,82
54,82
0,83
42,83
46,83
55,83
0,84
40,84
41,84
43,84
44,84
45,84
56,84
1,85
39,85
57,85
58,85
59,85
1,86
38,86
60,86
1,87
35,87
36,87
37,87
61,87
1,88
34,88
62,88
2,89
32,89
33,89
63,89
2,90
30,90
31,90
64,90
2,91
29,91
64,91
2,92
27,92
28,92
65,92
3,93
25,93
26,93
65,93
3,94
24,94
66,94
4,95
22,95
23,95
66,95
5,96
20,96
21,96
67,96
6,97
16,97
17,97
18,97
19,97
67,97
6,98
15,98
66,98
7,99
8,99
9,99
10,99
11,99
12,99
13,99
14,99
67,99
68,100
68,101
68,102
69,103
70,104
70,105
70,106
70,107
71,108
71,109
71,110
72,111
72,112
73,113
73,114
73,115
73,116
74,117
74,118
74,119
74,120
74,121
74,122
74,123
74,124
74,125
74,126
75,127
75,128
75,129
75,130
74,131
74,132
74,133
74,134
74,135
73,136
73,137
73,138
73,139
72,140
72,141
72,142
71,143
71,144
71,145
70,146
70,147
69,148
10,149
11,149
12,149
69,149
8,150
9,150
13,150
14,150
15,150
16,150
17,150
18,150
19,150
69,150
6,151
7,151
20,151
21,151
68,151
5,152
22,152
23,152
68,152
5,153
24,153
25,153
26,153
67,153
4,154
27,154
67,154
3,155
28,155
29,155
30,155
66,155
3,156
31,156
66,156
3,157
32,157
33,157
64,157
65,157
3,158
34,158
35,158
36,158
63,158
2,159
37,159
38,159
62,159
2,160
39,160
40,160
61,160
1,161
41,161
42,161
60,161
1,162
43,162
44,162
58,162
59,162
1,163
45,163
46,163
47,163
48,163
54,163
55,163
56,163
57,163
1,164
49,164
50,164
51,164
52,164
53,164
1,165
1,166
1,167
1,168
1,169
1,170
1,171
1,172
1,173
1,174
1,175
1,176
1,177
1,178
1,179
2,180
2,181
2,182
2,183
2,184
2,185
2,186
2,187
2,188
2,189
2,190
2,191
2,192
1,193
1,194
1,195
1,196
1,197
1,198
1,199
1,200
1,201
1,202
1,203
1,204
1,205
1,206
1,207
1,208
1,209
1,210
1,211
1,212
1,213
2,214
2,215
2,216
2,217
2,218
2,219
2,220
2,221
2,222
2,223
2,224
2,225
2,226
2,227
2,228
2,229
2,230
2,231
2,232
2,233
2,234
2,235
2,236
2,237
2,238
2,239
2,240
2,241
2,242
2,243
2,244
2,245
2,246
3,247
3,248
3,249
3,250
3,251
3,252
3,253
3,254
3,255
3,256
3,257
4,258