1,0
1,1
1,2
2,3
2,4
2,5
2,6
2,7
1,8
1,9
2,10
2,11
2,12
1,13
2,14
2,15
2,16
2,17
3,18
3,19
2,20
3,21
3,22
3,23
3,24
3,25
3,26
4,27
4,28
4,29
4,30
4,31
4,32
4,33
4,34
5,35
5,36
5,37
5,38
5,39
5,40
5,41
5,42
6,43
5,44
5,45
5,46
5,47
5,48
5,49
5,50
5,51
6,52
6,53
6,54
6,55
6,56
6,57
6,58
6,59
7,60
7,61
7,62
7,63
7,64
7,65
8,66
8,67
8,68
8,69
8,70
8,71
8,72
8,73
9,74
9,75
9,76
9,77
9,78
10,79
9,80
9,81
49,81
50,81
51,81
52,81
53,81
54,81
10,82
46,82
47,82
48,82
55,82
10,83
44,83
45,83
56,83
57,83
10,84
42,84
43,84
58,84
59,84
11,85
40,85
41,85
60,85
61,85
11,86
38,86
39,86
62,86
11,87
36,87
37,87
63,87
12,88
34,88
35,88
64,88
65,88
13,89
32,89
33,89
66,89
14,90
31,90
67,90
15,91
28,91
29,91
30,91
68,91
16,92
26,92
27,92
68,92
17,93
18,93
23,93
24,93
25,93
69,93
19,94
20,94
21,94
22,94
70,94
71,95
71,96
72,97
72,98
73,99
73,100
74,101
75,102
75,103
75,104
76,105
76,106
77,107
77,108
77,109
77,110
78,111
78,112
78,113
78,114
78,115
78,116
77,117
77,118
77,119
77,120
77,121
77,122
76,123
76,124
76,125
76,126
76,127
75,128
75,129
75,130
75,131
74,132
74,133
74,134
73,135
20,136
73,136
17,137
18,137
19,137
21,137
22,137
23,137
24,137
25,137
26,137
27,137
72,137
16,138
28,138
29,138
31,138
32,138
72,138
16,139
30,139
33,139
71,139
15,140
34,140
70,140
15,141
35,141
36,141
37,141
70,141
14,142
38,142
70,142
14,143
39,143
40,143
41,143
69,143
13,144
42,144
43,144
68,144
13,145
44,145
45,145
67,145
12,146
46,146
47,146
65,146
66,146
12,147
48,147
49,147
50,147
64,147
12,148
51,148
52,148
63,148
11,149
53,149
61,149
62,149
11,150
54,150
55,150
56,150
57,150
58,150
59,150
60,150
11,151
10,152
10,153
10,154
9,155
9,156
9,157
9,158
9,159
9,160
9,161
9,162
8,163
8,164
8,165
8,166
8,167
8,168
8,169
8,170
7,171
7,172
7,173
7,174
7,175
7,176
7,177
7,178
7,179
7,180
7,181
7,182
6,183
6,184
6,185
6,186
6,187
5,188
5,189
5,190
4,191
4,192
4,193
4,194
4,195
4,196
4,197
4,198
4,199
4,200
4,201
3,202
3,203
3,204
3,205
3,206
3,207
2,208
2,209
2,210
2,211
2,212
2,213
2,214
2,215
2,216
2,217
2,218
2,219
1,220
1,221
1,222
0,223
0,224
0,225
0,226
0,227
0,228
0,229
0,230
0,231
0,232