96,0
95,1
95,2
95,3
94,4
94,5
95,6
95,7
95,8
94,9
94,10
94,11
94,12
93,13
93,14
93,15
93,16
93,17
93,18
93,19
93,20
93,21
92,22
92,23
92,24
91,25
91,26
91,27
91,28
92,29
91,30
91,31
91,32
90,33
90,34
90,35
90,36
89,37
89,38
89,39
90,40
90,41
90,42
89,43
89,44
88,45
88,46
88,47
88,48
88,49
87,50
87,51
88,52
88,53
88,54
88,55
87,56
87,57
87,58
86,59
86,60
86,61
85,62
86,63
86,64
86,65
86,66
85,67
85,68
85,69
85,70
85,71
84,72
84,73
84,74
85,75
84,76
84,77
84,78
83,79
83,80
83,81
82,82
82,83
82,84
81,85
82,86
82,87
82,88
81,89
80,90
79,91
79,92
32,93
79,93
25,94
26,94
27,94
28,94
29,94
30,94
31,94
33,94
34,94
35,94
36,94
37,94
79,94
22,95
23,95
24,95
38,95
39,95
40,95
43,95
78,95
21,96
41,96
42,96
44,96
78,96
19,97
20,97
45,97
46,97
47,97
76,97
77,97
17,98
18,98
48,98
75,98
14,99
15,99
16,99
49,99
50,99
51,99
74,99
13,100
52,100
53,100
55,100
73,100
13,101
54,101
56,101
67,101
72,101
12,102
57,102
58,102
59,102
64,102
65,102
66,102
68,102
69,102
70,102
71,102
11,103
60,103
61,103
62,103
63,103
10,104
9,105
8,106
8,107
7,108
6,109
5,110
4,111
4,112
4,113
4,114
3,115
3,116
2,117
2,118
1,119
1,120
1,121
1,122
0,123
1,124
1,125
0,126
0,127
0,128
0,129
0,130
0,131
0,132
0,133
0,134
0,135
1,136
1,137
2,138
2,139
2,140
3,141
3,142
3,143
4,144
5,145
6,146
72,146
7,147
69,147
70,147
71,147
73,147
74,147
75,147
7,148
66,148
67,148
68,148
76,148
77,148
8,149
61,149
62,149
63,149
64,149
65,149
78,149
79,149
80,149
9,150
59,150
60,150
81,150
9,151
57,151
58,151
81,151
10,152
56,152
82,152
10,153
55,153
83,153
11,154
12,154
52,154
53,154
54,154
83,154
13,155
51,155
84,155
14,156
15,156
50,156
84,156
16,157
48,157
49,157
85,157
17,158
18,158
19,158
46,158
47,158
85,158
20,159
45,159
85,159
21,160
22,160
23,160
24,160
25,160
41,160
42,160
43,160
44,160
86,160
26,161
27,161
28,161
29,161
30,161
35,161
36,161
37,161
38,161
39,161
40,161
86,161
31,162
32,162
33,162
34,162
86,162
86,163
86,164
86,165
86,166
87,167
87,168
87,169
87,170
87,171
87,172
88,173
88,174
88,175
88,176
88,177
89,178
89,179
89,180
89,181
89,182
89,183
89,184
89,185
89,186
90,187
90,188
91,189
91,190
91,191
91,192
91,193
91,194
91,195
91,196
91,197
91,198
91,199
91,200
92,201
92,202
92,203
92,204
92,205
92,206
92,207
92,208
92,209
92,210
92,211
93,212
93,213
94,214
94,215
94,216
94,217
94,218
94,219
94,220
94,221
94,222
94,223
95,224
95,225
95,226
95,227
95,228
95,229
96,230
96,231
95,232
95,233
95,234
96,235
96,236
96,237
96,238
96,239
96,240
96,241