2,0
2,1
2,2
2,3
2,4
2,5
1,6
2,7
3,8
3,9
2,10
2,11
2,12
1,13
2,14
2,15
2,16
2,17
2,18
2,19
1,20
1,21
1,22
1,23
1,24
2,25
2,26
1,27
1,28
1,29
1,30
1,31
2,32
2,33
2,34
2,35
2,36
2,37
2,38
2,39
2,40
2,41
2,42
2,43
2,44
2,45
2,46
2,47
1,48
1,49
1,50
2,51
2,52
2,53
2,54
1,55
1,56
1,57
1,58
1,59
2,60
2,61
1,62
1,63
1,64
1,65
1,66
1,67
1,68
0,69
0,70
1,71
1,72
1,73
1,74
1,75
0,76
0,77
1,78
1,79
1,80
1,81
2,82
1,83
1,84
1,85
2,86
2,87
2,88
2,89
1,90
1,91
1,92
1,93
2,94
2,95
2,96
1,97
1,98
1,99
1,100
1,101
1,102
2,103
1,104
1,105
1,106
1,107
1,108
2,109
2,110
1,111
1,112
1,113
1,114
1,115
2,116
2,117
1,118
1,119
1,120
1,121
1,122
1,123
2,124
1,125
0,126
1,127
1,128
1,129
1,130
1,131
0,132
56,132
1,133
53,133
54,133
55,133
57,133
58,133
59,133
60,133
61,133
1,134
49,134
51,134
52,134
62,134
1,135
48,135
50,135
63,135
1,136
47,136
64,136
1,137
46,137
65,137
66,137
1,138
45,138
67,138
1,139
44,139
68,139
1,140
43,140
69,140
1,141
40,141
41,141
42,141
70,141
2,142
39,142
70,142
2,143
38,143
71,143
2,144
37,144
71,144
3,145
37,145
72,145
2,146
36,146
73,146
2,147
33,147
34,147
35,147
74,147
3,148
32,148
74,148
3,149
31,149
75,149
4,150
30,150
75,150
5,151
28,151
29,151
75,151
6,152
26,152
27,152
75,152
5,153
25,153
75,153
6,154
23,154
24,154
76,154
7,155
8,155
11,155
12,155
17,155
18,155
19,155
20,155
21,155
22,155
76,155
9,156
10,156
13,156
14,156
15,156
16,156
76,156
77,157
76,158
76,159
77,160
77,161
77,162
78,163
79,164
79,165
78,166
78,167
78,168
79,169
79,170
79,171
79,172
78,173
78,174
79,175
79,176
79,177
79,178
79,179
78,180
78,181
78,182
78,183
78,184
79,185
79,186
78,187
78,188
78,189
78,190
78,191
78,192
78,193
77,194
77,195
77,196
76,197
76,198
14,199
15,199
16,199
76,199
11,200
12,200
13,200
17,200
18,200
19,200
20,200
21,200
75,200
9,201
10,201
22,201
23,201
75,201
8,202
24,202
75,202
7,203
25,203
26,203
27,203
28,203
29,203
75,203
6,204
30,204
75,204
6,205
31,205
32,205
74,205
5,206
33,206
34,206
74,206
5,207
35,207
73,207
4,208
36,208
73,208
3,209
37,209
38,209
72,209
3,210
39,210
72,210
3,211
40,211
41,211
71,211
3,212
42,212
71,212
3,213
43,213
70,213
3,214
43,214
69,214
3,215
44,215
45,215
68,215
2,216
46,216
47,216
68,216
2,217
48,217
67,217
2,218
49,218
50,218
66,218
2,219
51,219
64,219
65,219
2,220
52,220
63,220
2,221
53,221
54,221
55,221
62,221
2,222
56,222
60,222
61,222
1,223
57,223
58,223
59,223
1,224
1,225
1,226
2,227
2,228
2,229
1,230
1,231
1,232
1,233
1,234
1,235
2,236
1,237
1,238
1,239
1,240
1,241
2,242
2,243
1,244
1,245
1,246
1,247
2,248
2,249
2,250
1,251
1,252
1,253
1,254
1,255
1,256
2,257
1,258
1,259
1,260
1,261
1,262
2,263
2,264
1,265
1,266
1,267
1,268
1,269
1,270
1,271
0,272
1,273
1,274
1,275
1,276
1,277
1,278
1,279
1,280