76,0
76,1
76,2
76,3
76,4
76,5
76,6
76,7
76,8
76,9
76,10
77,11
76,12
76,13
76,14
76,15
76,16
76,17
76,18
76,19
75,20
75,21
75,22
75,23
75,24
75,25
75,26
75,27
74,28
74,29
74,30
74,31
75,32
75,33
75,34
75,35
74,36
74,37
74,38
74,39
74,40
74,41
74,42
74,43
74,44
74,45
74,46
73,47
73,48
73,49
73,50
73,51
74,52
73,53
73,54
73,55
73,56
73,57
73,58
73,59
73,60
72,61
72,62
72,63
72,64
72,65
72,66
72,67
71,68
71,69
71,70
71,71
71,72
72,73
72,74
71,75
71,76
71,77
71,78
71,79
71,80
71,81
71,82
71,83
70,84
70,85
70,86
70,87
69,88
18,89
19,89
20,89
21,89
22,89
23,89
24,89
25,89
26,89
27,89
28,89
29,89
69,89
17,90
30,90
31,90
69,90
17,91
32,91
33,91
68,91
15,92
16,92
34,92
68,92
14,93
35,93
36,93
38,93
69,93
13,94
37,94
39,94
40,94
41,94
68,94
13,95
42,95
43,95
67,95
12,96
44,96
67,96
11,97
45,97
46,97
66,97
10,98
47,98
48,98
49,98
65,98
10,99
50,99
63,99
64,99
9,100
51,100
52,100
62,100
8,101
53,101
54,101
55,101
58,101
59,101
60,101
61,101
7,102
56,102
57,102
6,103
6,104
5,105
4,106
4,107
3,108
3,109
2,110
2,111
2,112
1,113
1,114
1,115
1,116
1,117
1,118
1,119
0,120
0,121
0,122
0,123
0,124
1,125
1,126
1,127
1,128
1,129
2,130
2,131
2,132
3,133
3,134
4,135
5,136
6,137
6,138
7,139
59,139
60,139
7,140
58,140
61,140
62,140
7,141
55,141
56,141
57,141
63,141
64,141
8,142
52,142
53,142
54,142
65,142
66,142
9,143
50,143
51,143
67,143
9,144
48,144
49,144
68,144
10,145
46,145
47,145
68,145
11,146
43,146
44,146
45,146
69,146
11,147
42,147
70,147
12,148
39,148
40,148
41,148
70,148
12,149
38,149
70,149
13,150
14,150
38,150
70,150
15,151
37,151
70,151
15,152
34,152
35,152
36,152
71,152
16,153
31,153
32,153
33,153
71,153
17,154
18,154
19,154
20,154
27,154
28,154
29,154
30,154
72,154
21,155
22,155
23,155
24,155
25,155
26,155
73,155
73,156
73,157
73,158
73,159
73,160
73,161
73,162
73,163
73,164
73,165
73,166
73,167
73,168
73,169
73,170
73,171
73,172
73,173
73,174
74,175
74,176
74,177
74,178
74,179
74,180
74,181
74,182
74,183
74,184
74,185
74,186
74,187
74,188
74,189
74,190
74,191
73,192
73,193
73,194
73,195
74,196
74,197
74,198
75,199
74,200
75,201
75,202
75,203
74,204
74,205
74,206
74,207
74,208
74,209
73,210
73,211
73,212
73,213
73,214
73,215
74,216
74,217
74,218
75,219
75,220
74,221
74,222
74,223
74,224
74,225
74,226
74,227
74,228
74,229
74,230
74,231
74,232
74,233
74,234
74,235
74,236
75,237
75,238
75,239
75,240
75,241
75,242
75,243
75,244
75,245
75,246
75,247
75,248
75,249
74,250
75,251