82,0
82,1
82,2
82,3
82,4
82,5
82,6
82,7
82,8
82,9
81,10
81,11
81,12
81,13
81,14
81,15
81,16
81,17
81,18
81,19
81,20
81,21
81,22
81,23
81,24
81,25
81,26
81,27
81,28
81,29
81,30
81,31
81,32
81,33
81,34
81,35
81,36
81,37
81,38
81,39
81,40
81,41
81,42
81,43
81,44
81,45
81,46
81,47
80,48
79,49
79,50
79,51
79,52
79,53
78,54
78,55
22,56
26,56
27,56
78,56
20,57
21,57
23,57
24,57
25,57
28,57
29,57
30,57
77,57
18,58
19,58
31,58
32,58
77,58
17,59
33,59
77,59
16,60
34,60
77,60
15,61
35,61
76,61
13,62
14,62
36,62
37,62
76,62
12,63
38,63
75,63
12,64
39,64
40,64
75,64
11,65
41,65
74,65
10,66
42,66
74,66
10,67
43,67
73,67
9,68
44,68
45,68
73,68
8,69
46,69
47,69
72,69
8,70
48,70
49,70
71,70
7,71
50,71
51,71
70,71
7,72
52,72
68,72
69,72
6,73
53,73
54,73
55,73
67,73
6,74
56,74
57,74
58,74
59,74
60,74
62,74
63,74
64,74
65,74
66,74
6,75
61,75
5,76
5,77
4,78
4,79
4,80
4,81
4,82
3,83
3,84
3,85
3,86
3,87
3,88
2,89
2,90
2,91
2,92
2,93
2,94
2,95
1,96
0,97
0,98
0,99
0,100
0,101
0,102
0,103
0,104
1,105
1,106
1,107
1,108
1,109
1,110
1,111
1,112
1,113
1,114
1,115
1,116
1,117
1,118
1,119
2,120
2,121
2,122
2,123
2,124
2,125
3,126
3,127
3,128
3,129
4,130
4,131
5,132
59,132
60,132
5,133
53,133
54,133
55,133
56,133
57,133
58,133
61,133
62,133
63,133
64,133
6,134
50,134
51,134
52,134
65,134
66,134
7,135
48,135
49,135
67,135
7,136
47,136
68,136
8,137
45,137
46,137
69,137
8,138
43,138
44,138
70,138
9,139
41,139
42,139
71,139
10,140
40,140
72,140
11,141
38,141
39,141
72,141
11,142
36,142
37,142
73,142
12,143
35,143
73,143
13,144
31,144
32,144
33,144
34,144
74,144
14,145
29,145
30,145
73,145
15,146
16,146
27,146
28,146
74,146
17,147
18,147
19,147
20,147
21,147
22,147
23,147
24,147
25,147
26,147
74,147
74,148
75,149
75,150
75,151
75,152
76,153
76,154
76,155
76,156
76,157
76,158
76,159
76,160
76,161
77,162
77,163
77,164
77,165
77,166
77,167
77,168
77,169
77,170
77,171
78,172
78,173
78,174
78,175
78,176
78,177
78,178
78,179
78,180
78,181
78,182
78,183
78,184
78,185
78,186
78,187
78,188
78,189
79,190
79,191
79,192
79,193
78,194
78,195
78,196
78,197
78,198
78,199
78,200
78,201
78,202
78,203
78,204
78,205
79,206
79,207
79,208
79,209
79,210
79,211
79,212
80,213
80,214
80,215
80,216
80,217
80,218
80,219
80,220
80,221
80,222
80,223
80,224
81,225
81,226
81,227
80,228
79,229
78,230
79,231
80,232
81,233
81,234
81,235