224,0
211,1
212,1
213,1
216,1
217,1
218,1
219,1
220,1
221,1
222,1
223,1
225,1
226,1
227,1
228,1
229,1
232,1
233,1
234,1
235,1
208,2
209,2
210,2
214,2
215,2
230,2
231,2
236,2
237,2
240,2
241,2
200,3
201,3
202,3
203,3
204,3
205,3
206,3
207,3
238,3
239,3
242,3
243,3
192,4
193,4
194,4
195,4
196,4
197,4
198,4
199,4
244,4
245,4
191,5
246,5
187,6
188,6
189,6
190,6
247,6
248,6
249,6
185,7
186,7
250,7
251,7
182,8
183,8
184,8
252,8
179,9
180,9
181,9
253,9
178,10
254,10
177,11
255,11
176,12
256,12
174,13
175,13
257,13
172,14
173,14
258,14
171,15
259,15
170,16
259,16
169,17
260,17
168,18
260,18
167,19
260,19
167,20
260,20
167,21
260,21
166,22
261,22
165,23
261,23
165,24
261,24
164,25
261,25
163,26
261,26
163,27
260,27
163,28
260,28
163,29
259,29
163,30
259,30
163,31
258,31
163,32
257,32
163,33
257,33
163,34
256,34
163,35
255,35
164,36
254,36
165,37
253,37
165,38
254,38
166,39
253,39
166,40
252,40
167,41
251,41
168,42
251,42
169,43
250,43
170,44
249,44
171,45
249,45
171,46
250,46
172,47
249,47
173,48
249,48
174,49
248,49
175,50
248,50
176,51
249,51
177,52
249,52
178,53
249,53
178,54
250,54
179,55
250,55
179,56
250,56
179,57
248,57
249,57
180,58
181,58
247,58
182,59
247,59
182,60
247,60
183,61
247,61
183,62
248,62
183,63
249,63
183,64
250,64
184,65
251,65
185,66
251,66
307,66
308,66
309,66
310,66
311,66
312,66
313,66
314,66
315,66
316,66
317,66
318,66
319,66
320,66
321,66
185,67
252,67
253,67
300,67
301,67
302,67
303,67
304,67
305,67
306,67
322,67
185,68
254,68
255,68
292,68
293,68
294,68
295,68
296,68
297,68
298,68
299,68
321,68
185,69
256,69
257,69
284,69
285,69
286,69
287,69
288,69
289,69
290,69
291,69
321,69
184,70
258,70
259,70
260,70
261,70
262,70
263,70
268,70
269,70
270,70
276,70
277,70
278,70
279,70
280,70
281,70
282,70
283,70
321,70
184,71
264,71
265,71
266,71
267,71
271,71
272,71
273,71
274,71
275,71
321,71
184,72
321,72
183,73
321,73
184,74
322,74
183,75
322,75
182,76
322,76
181,77
322,77
181,78
322,78
178,79
179,79
180,79
322,79
177,80
322,80
174,81
175,81
176,81
322,81
173,82
323,82
167,83
168,83
169,83
170,83
171,83
172,83
322,83
166,84
322,84
158,85
159,85
160,85
161,85
162,85
163,85
164,85
165,85
322,85
142,86
143,86
150,86
151,86
152,86
153,86
154,86
155,86
156,86
157,86
322,86
134,87
135,87
136,87
137,87
138,87
139,87
140,87
141,87
144,87
145,87
146,87
147,87
148,87
149,87
322,87
128,88
129,88
130,88
132,88
133,88
322,88
118,89
119,89
120,89
121,89
122,89
123,89
124,89
125,89
126,89
127,89
131,89
323,89
111,90
112,90
113,90
114,90
115,90
116,90
117,90
323,90
103,91
104,91
105,91
106,91
107,91
108,91
109,91
110,91
323,91
96,92
97,92
98,92
99,92
100,92
101,92
102,92
323,92
88,93
90,93
91,93
95,93
323,93
87,94
89,94
92,94
93,94
94,94
323,94
84,95
85,95
86,95
323,95
83,96
323,96
84,97
324,97
84,98
324,98
84,99
324,99
84,100
324,100
84,101
324,101
84,102
324,102
84,103
324,103
84,104
324,104
84,105
325,105
84,106
324,106
84,107
324,107
83,108
324,108
83,109
324,109
83,110
324,110
83,111
324,111
83,112
324,112
84,113
325,113
83,114
325,114
83,115
325,115
83,116
325,116
83,117
325,117
83,118
325,118
83,119
325,119
84,120
325,120
83,121
326,121
375,121
376,121
377,121
382,121
383,121
83,122
326,122
374,122
378,122
379,122
380,122
381,122
384,122
83,123
326,123
370,123
371,123
372,123
373,123
385,123
386,123
387,123
83,124
326,124
368,124
369,124
388,124
389,124
390,124
391,124
82,125
326,125
367,125
392,125
82,126
326,126
367,126
393,126
394,126
83,127
326,127
365,127
366,127
395,127
84,128
327,128
363,128
364,128
396,128
83,129
328,129
361,129
362,129
397,129
83,130
328,130
360,130
398,130
399,130
83,131
328,131
359,131
400,131
82,132
329,132
358,132
401,132
82,133
329,133
356,133
357,133
402,133
82,134
330,134
354,134
355,134
402,134
82,135
331,135
353,135
402,135
83,136
332,136
352,136
403,136
83,137
333,137
351,137
403,137
82,138
334,138
335,138
336,138
347,138
348,138
349,138
350,138
404,138
82,139
337,139
338,139
344,139
345,139
346,139
405,139
82,140
339,140
340,140
341,140
342,140
343,140
406,140
82,141
407,141
82,142
408,142
82,143
408,143
82,144
408,144
82,145
409,145
82,146
409,146
82,147
410,147
82,148
411,148
82,149
411,149
81,150
412,150
82,151
412,151
82,152
412,152
82,153
412,153
82,154
412,154
82,155
413,155
81,156
413,156
81,157
413,157
81,158
413,158
81,159
413,159
82,160
413,160
81,161
413,161
81,162
412,162
81,163
413,163
80,164
413,164
80,165
413,165
80,166
412,166
80,167
412,167
20,168
21,168
22,168
23,168
81,168
412,168
18,169
19,169
24,169
25,169
26,169
27,169
28,169
29,169
80,169
411,169
16,170
17,170
30,170
80,170
410,170
15,171
31,171
32,171
33,171
80,171
411,171
14,172
34,172
80,172
410,172
13,173
35,173
36,173
37,173
79,173
410,173
12,174
38,174
79,174
409,174
11,175
39,175
40,175
78,175
409,175
10,176
41,176
79,176
409,176
9,177
42,177
43,177
78,177
408,177
8,178
44,178
45,178
46,178
77,178
346,178
347,178
348,178
349,178
408,178
7,179
47,179
77,179
342,179
343,179
344,179
345,179
350,179
409,179
6,180
48,180
77,180
340,180
341,180
351,180
352,180
353,180
354,180
355,180
356,180
408,180
6,181
49,181
50,181
76,181
339,181
357,181
358,181
407,181
5,182
51,182
52,182
53,182
75,182
338,182
359,182
360,182
362,182
407,182
5,183
54,183
74,183
337,183
361,183
363,183
364,183
405,183
406,183
5,184
55,184
73,184
336,184
365,184
404,184
5,185
56,185
57,185
61,185
73,185
335,185
366,185
367,185
404,185
5,186
58,186
59,186
60,186
62,186
72,186
335,186
368,186
369,186
371,186
403,186
4,187
63,187
64,187
65,187
69,187
70,187
71,187
334,187
370,187
372,187
373,187
402,187
4,188
66,188
67,188
68,188
334,188
374,188
375,188
401,188
4,189
333,189
376,189
377,189
379,189
380,189
399,189
400,189
3,190
333,190
378,190
381,190
382,190
395,190
396,190
397,190
398,190
3,191
332,191
383,191
384,191
385,191
386,191
387,191
388,191
389,191
390,191
391,191
392,191
394,191
3,192
333,192
393,192
2,193
332,193
2,194
332,194
2,195
332,195
2,196
332,196
2,197
332,197
2,198
331,198
1,199
331,199
1,200
332,200
1,201
332,201
0,202
332,202
0,203
332,203
0,204
332,204
1,205
332,205
1,206
332,206
1,207
332,207
0,208
333,208
0,209
333,209
0,210
333,210
0,211
333,211
0,212
333,212
1,213
333,213
1,214
333,214
1,215
333,215
1,216
334,216
1,217
334,217
1,218
334,218
1,219
334,219
1,220
335,220
2,221
335,221
3,222
335,222
3,223
335,223
3,224
336,224
3,225
336,225
3,226
336,226
3,227
336,227
4,228
64,228
65,228
66,228
67,228
68,228
69,228
70,228
71,228
72,228
336,228
5,229
63,229
73,229
74,229
75,229
336,229
5,230
59,230
60,230
61,230
62,230
76,230
337,230
5,231
57,231
58,231
77,231
338,231
6,232
56,232
78,232
338,232
6,233
55,233
78,233
338,233
6,234
54,234
79,234
80,234
338,234
6,235
52,235
53,235
81,235
338,235
7,236
51,236
81,236
338,236
8,237
50,237
81,237
338,237
8,238
49,238
81,238
338,238
9,239
48,239
81,239
339,239
9,240
47,240
82,240
340,240
10,241
46,241
82,241
340,241
10,242
44,242
45,242
82,242
340,242
11,243
42,243
43,243
81,243
340,243
12,244
41,244
82,244
340,244
13,245
40,245
83,245
340,245
13,246
40,246
84,246
340,246
14,247
15,247
38,247
39,247
85,247
341,247
16,248
17,248
36,248
37,248
85,248
341,248
18,249
19,249
33,249
34,249
35,249
84,249
341,249
20,250
21,250
32,250
84,250
341,250
22,251
31,251
84,251
341,251
23,252
26,252
27,252
28,252
29,252
30,252
84,252
341,252
24,253
25,253
84,253
341,253
84,254
341,254
85,255
342,255
85,256
343,256
84,257
343,257
84,258
343,258
84,259
343,259
84,260
343,260
83,261
343,261
83,262
344,262
84,263
345,263
84,264
345,264
84,265
345,265
84,266
345,266
84,267
345,267
84,268
345,268
84,269
345,269
84,270
346,270
84,271
346,271
84,272
202,272
209,272
210,272
346,272
84,273
194,273
195,273
196,273
197,273
198,273
199,273
200,273
201,273
203,273
204,273
205,273
206,273
207,273
208,273
211,273
212,273
213,273
214,273
215,273
217,273
218,273
219,273
220,273
346,273
84,274
190,274
191,274
192,274
193,274
216,274
221,274
222,274
223,274
225,274
226,274
346,274
83,275
186,275
187,275
188,275
189,275
224,275
227,275
228,275
229,275
346,275
83,276
183,276
184,276
185,276
230,276
231,276
346,276
83,277
178,277
179,277
180,277
181,277
182,277
232,277
233,277
234,277
235,277
347,277
83,278
176,278
177,278
236,278
348,278
84,279
172,279
173,279
174,279
175,279
237,279
238,279
348,279
84,280
170,280
171,280
239,280
348,280
84,281
168,281
169,281
240,281
348,281
84,282
166,282
167,282
240,282
242,282
348,282
83,283
164,283
165,283
241,283
243,283
348,283
83,284
163,284
244,284
348,284
83,285
162,285
245,285
348,285
83,286
162,286
246,286
349,286
84,287
160,287
161,287
246,287
350,287
84,288
159,288
246,288
350,288
84,289
158,289
246,289
350,289
84,290
158,290
247,290
350,290
84,291
157,291
247,291
350,291
83,292
156,292
248,292
350,292
83,293
155,293
249,293
350,293
83,294
155,294
249,294
351,294
83,295
154,295
249,295
351,295
83,296
154,296
249,296
351,296
84,297
154,297
249,297
351,297
84,298
154,298
249,298
351,298
83,299
154,299
248,299
352,299
83,300
154,300
249,300
352,300
83,301
154,301
248,301
352,301
83,302
154,302
247,302
353,302
84,303
154,303
247,303
353,303
83,304
155,304
246,304
353,304
83,305
155,305
245,305
354,305
83,306
156,306
245,306
353,306
83,307
157,307
244,307
354,307
83,308
158,308
243,308
354,308
83,309
159,309
243,309
354,309
82,310
159,310
242,310
355,310
83,311
159,311
242,311
355,311
83,312
160,312
240,312
241,312
355,312
82,313
161,313
239,313
355,313
83,314
162,314
238,314
355,314
82,315
163,315
164,315
237,315
355,315
82,316
165,316
236,316
356,316
82,317
166,317
236,317
357,317
82,318
166,318
236,318
357,318
83,319
167,319
235,319
357,319
83,320
168,320
235,320
357,320
82,321
169,321
234,321
357,321
82,322
170,322
233,322
357,322
81,323
170,323
233,323
357,323
82,324
171,324
232,324
358,324
81,325
172,325
233,325
359,325
81,326
173,326
232,326
359,326
82,327
173,327
232,327
359,327
82,328
174,328
231,328
359,328
82,329
175,329
231,329
359,329
82,330
175,330
230,330
359,330
82,331
175,331
229,331
359,331
82,332
175,332
229,332
359,332
82,333
175,333
230,333
360,333
81,334
175,334
230,334
360,334
82,335
176,335
230,335
360,335
82,336
176,336
230,336
361,336
82,337
177,337
230,337
361,337
82,338
177,338
230,338
361,338
81,339
177,339
231,339
361,339
81,340
177,340
232,340
360,340
81,341
177,341
233,341
361,341
81,342
177,342
234,342
357,342
358,342
359,342
360,342
81,343
177,343
235,343
336,343
337,343
341,343
342,343
343,343
349,343
350,343
351,343
352,343
353,343
354,343
355,343
356,343
81,344
177,344
236,344
238,344
239,344
301,344
309,344
310,344
311,344
317,344
318,344
319,344
322,344
323,344
325,344
326,344
327,344
328,344
329,344
330,344
331,344
332,344
333,344
334,344
335,344
338,344
339,344
340,344
344,344
345,344
346,344
347,344
348,344
81,345
178,345
237,345
240,345
270,345
278,345
279,345
280,345
281,345
285,345
286,345
287,345
288,345
289,345
290,345
291,345
293,345
294,345
295,345
296,345
297,345
298,345
299,345
300,345
302,345
303,345
304,345
305,345
306,345
307,345
308,345
312,345
313,345
314,345
315,345
316,345
320,345
321,345
324,345
81,346
177,346
241,346
246,346
254,346
262,346
263,346
264,346
265,346
266,346
267,346
268,346
269,346
271,346
272,346
273,346
274,346
275,346
276,346
277,346
282,346
283,346
284,346
292,346
80,347
176,347
242,347
243,347
244,347
245,347
247,347
248,347
249,347
250,347
251,347
252,347
253,347
255,347
256,347
257,347
258,347
259,347
260,347
261,347
80,348
175,348
80,349
175,349
80,350
174,350
81,351
174,351
80,352
172,352
173,352
80,353
170,353
171,353
80,354
167,354
168,354
169,354
80,355
159,355
160,355
161,355
162,355
163,355
164,355
165,355
166,355
80,356
143,356
151,356
152,356
153,356
154,356
155,356
156,356
157,356
158,356
80,357
128,357
129,357
130,357
131,357
132,357
135,357
136,357
137,357
138,357
139,357
140,357
141,357
142,357
144,357
145,357
146,357
147,357
148,357
149,357
150,357
80,358
120,358
121,358
122,358
123,358
124,358
125,358
126,358
127,358
133,358
134,358
81,359
106,359
107,359
108,359
109,359
110,359
111,359
112,359
113,359
114,359
115,359
116,359
117,359
118,359
119,359
82,360
88,360
89,360
96,360
97,360
98,360
99,360
100,360
101,360
102,360
103,360
104,360
105,360
83,361
84,361
85,361
86,361
87,361
90,361
91,361
92,361
93,361
94,361
95,361