80,0
80,1
81,2
80,3
80,4
80,5
80,6
80,7
80,8
81,9
81,10
81,11
81,12
81,13
81,14
81,15
81,16
81,17
81,18
81,19
81,20
81,21
81,22
81,23
81,24
81,25
81,26
81,27
81,28
81,29
82,30
82,31
82,32
82,33
82,34
82,35
82,36
82,37
82,38
82,39
82,40
82,41
82,42
82,43
82,44
82,45
82,46
82,47
82,48
82,49
82,50
82,51
82,52
82,53
82,54
82,55
82,56
82,57
83,58
82,59
83,60
83,61
83,62
83,63
83,64
83,65
83,66
82,67
82,68
82,69
20,70
82,70
17,71
18,71
19,71
21,71
22,71
23,71
24,71
25,71
82,71
15,72
16,72
26,72
27,72
28,72
82,72
14,73
29,73
82,73
13,74
30,74
31,74
32,74
83,74
12,75
33,75
34,75
82,75
11,76
35,76
82,76
10,77
36,77
37,77
81,77
9,78
38,78
82,78
8,79
39,79
40,79
82,79
8,80
41,80
81,80
7,81
42,81
43,81
81,81
6,82
44,82
80,82
5,83
45,83
46,83
80,83
5,84
47,84
80,84
5,85
48,85
49,85
79,85
4,86
50,86
51,86
52,86
78,86
4,87
53,87
54,87
78,87
4,88
55,88
56,88
77,88
3,89
57,89
58,89
59,89
76,89
3,90
60,90
61,90
62,90
73,90
74,90
75,90
3,91
63,91
64,91
65,91
66,91
67,91
68,91
69,91
70,91
71,91
72,91
3,92
2,93
2,94
2,95
1,96
1,97
1,98
1,99
1,100
1,101
1,102
0,103
0,104
0,105
0,106
0,107
0,108
0,109
0,110
0,111
0,112
0,113
0,114
0,115
0,116
0,117
0,118
0,119
0,120
0,121
1,122
1,123
1,124
1,125
1,126
1,127
1,128
2,129
2,130
3,131
3,132
66,132
67,132
68,132
69,132
70,132
71,132
72,132
73,132
3,133
62,133
63,133
64,133
65,133
74,133
75,133
4,134
59,134
60,134
61,134
76,134
77,134
4,135
56,135
57,135
58,135
78,135
4,136
54,136
55,136
79,136
4,137
53,137
80,137
5,138
51,138
52,138
80,138
5,139
50,139
81,139
6,140
50,140
81,140
7,141
48,141
49,141
82,141
7,142
47,142
82,142
8,143
46,143
82,143
8,144
45,144
83,144
9,145
43,145
44,145
83,145
10,146
41,146
42,146
83,146
10,147
40,147
83,147
11,148
39,148
83,148
12,149
38,149
84,149
13,150
36,150
37,150
84,150
14,151
35,151
84,151
15,152
16,152
33,152
34,152
83,152
17,153
18,153
31,153
32,153
83,153
19,154
29,154
30,154
84,154
20,155
22,155
23,155
24,155
25,155
26,155
27,155
28,155
84,155
21,156
84,156
84,157
84,158
84,159
84,160
84,161
84,162
84,163
84,164
84,165
84,166
84,167
84,168
84,169
84,170
84,171
84,172
84,173
84,174
84,175
84,176
84,177
83,178
83,179
84,180
84,181
84,182
84,183
83,184
84,185
84,186
84,187
83,188
83,189
83,190
83,191
83,192
83,193
83,194
83,195
83,196
83,197
83,198
83,199
82,200
82,201
82,202
83,203
83,204
83,205
83,206
82,207
82,208
82,209
82,210
82,211
82,212
82,213
82,214
82,215
82,216
82,217
82,218
82,219
81,220
81,221
81,222
81,223
82,224
82,225
82,226
82,227
81,228
81,229
81,230
81,231
81,232
81,233
81,234
81,235
81,236
80,237