59,0
58,1
57,2
57,3
57,4
56,5
56,6
57,7
57,8
57,9
57,10
57,11
57,12
58,13
59,14
59,15
59,16
59,17
59,18
59,19
59,20
59,21
59,22
60,23
60,24
60,25
60,26
60,27
61,28
61,29
61,30
61,31
61,32
61,33
61,34
62,35
62,36
62,37
62,38
62,39
62,40
62,41
62,42
62,43
63,44
63,45
63,46
63,47
63,48
64,49
64,50
64,51
64,52
65,53
65,54
65,55
65,56
64,57
64,58
65,59
65,60
65,61
65,62
64,63
64,64
64,65
64,66
64,67
63,68
63,69
15,70
16,70
17,70
18,70
19,70
20,70
63,70
13,71
14,71
21,71
22,71
23,71
24,71
25,71
63,71
11,72
12,72
26,72
27,72
28,72
63,72
10,73
29,73
30,73
62,73
9,74
31,74
32,74
62,74
8,75
33,75
34,75
35,75
61,75
7,76
36,76
60,76
6,77
37,77
38,77
60,77
6,78
39,78
40,78
41,78
60,78
5,79
42,79
43,79
44,79
59,79
4,80
45,80
46,80
57,80
58,80
3,81
47,81
48,81
49,81
50,81
51,81
52,81
55,81
56,81
3,82
53,82
54,82
3,83
3,84
3,85
3,86
3,87
2,88
2,89
2,90
2,91
1,92
1,93
1,94
1,95
0,96
0,97
0,98
0,99
0,100
0,101
0,102
0,103
0,104
0,105
0,106
0,107
0,108
1,109
1,110
1,111
1,112
1,113
2,114
2,115
2,116
2,117
3,118
3,119
4,120
5,121
52,121
53,121
54,121
55,121
56,121
57,121
58,121
59,121
6,122
49,122
50,122
51,122
60,122
61,122
6,123
48,123
62,123
63,123
7,124
46,124
47,124
64,124
7,125
44,125
45,125
65,125
8,126
43,126
66,126
8,127
41,127
42,127
66,127
9,128
39,128
40,128
66,128
9,129
37,129
38,129
67,129
10,130
11,130
36,130
67,130
12,131
34,131
35,131
67,131
13,132
32,132
33,132
68,132
14,133
30,133
31,133
68,133
15,134
28,134
29,134
68,134
16,135
17,135
26,135
27,135
68,135
18,136
25,136
68,136
19,137
20,137
21,137
22,137
23,137
24,137
69,137
68,138
68,139
68,140
68,141
68,142
68,143
68,144
68,145
68,146
68,147
68,148
68,149
68,150
68,151
68,152
67,153
67,154
67,155
68,156
68,157
68,158
68,159
68,160
68,161
68,162
68,163
68,164
68,165
67,166
67,167
67,168
67,169
67,170
67,171
67,172
66,173
66,174
66,175
66,176
66,177
66,178
66,179
66,180
65,181
65,182
65,183
65,184
65,185
65,186
65,187
65,188
65,189
65,190
65,191
66,192
65,193
65,194
65,195
65,196
65,197
65,198
65,199
65,200
65,201
65,202
64,203
64,204
64,205
64,206
64,207
64,208
64,209
64,210
64,211
64,212
64,213
63,214
63,215
63,216
63,217
63,218
63,219
63,220
62,221
62,222
62,223
62,224
62,225
62,226
62,227
63,228
63,229
62,230
62,231
62,232
62,233
62,234
62,235
62,236
62,237
62,238
62,239
62,240
62,241
61,242
61,243
61,244
61,245
61,246
61,247
61,248
61,249
60,250
60,251
60,252
60,253