75,0
75,1
75,2
75,3
74,4
74,5
74,6
75,7
75,8
75,9
75,10
75,11
75,12
75,13
75,14
76,15
76,16
76,17
76,18
76,19
76,20
77,21
77,22
77,23
77,24
77,25
78,26
78,27
78,28
78,29
78,30
79,31
79,32
79,33
79,34
79,35
79,36
79,37
79,38
79,39
79,40
80,41
80,42
80,43
80,44
80,45
80,46
80,47
80,48
80,49
81,50
81,51
80,52
80,53
80,54
81,55
81,56
80,57
23,58
24,58
25,58
26,58
27,58
80,58
19,59
20,59
21,59
22,59
28,59
80,59
18,60
29,60
30,60
31,60
80,60
17,61
32,61
33,61
34,61
80,61
16,62
35,62
80,62
14,63
15,63
36,63
80,63
13,64
37,64
38,64
80,64
12,65
39,65
40,65
80,65
12,66
41,66
79,66
10,67
11,67
40,67
79,67
9,68
41,68
42,68
43,68
44,68
79,68
8,69
45,69
78,69
8,70
46,70
47,70
78,70
8,71
48,71
49,71
78,71
7,72
50,72
51,72
78,72
7,73
52,73
77,73
6,74
53,74
54,74
55,74
77,74
5,75
56,75
57,75
77,75
5,76
58,76
59,76
60,76
73,76
74,76
76,76
5,77
61,77
62,77
70,77
71,77
72,77
75,77
5,78
63,78
64,78
65,78
66,78
67,78
68,78
69,78
4,79
4,80
3,81
2,82
2,83
2,84
2,85
2,86
1,87
1,88
1,89
1,90
1,91
1,92
1,93
1,94
1,95
1,96
1,97
0,98
0,99
0,100
0,101
0,102
0,103
0,104
0,105
0,106
1,107
1,108
1,109
1,110
1,111
1,112
1,113
1,114
2,115
2,116
2,117
2,118
3,119
67,119
68,119
3,120
64,120
65,120
66,120
69,120
70,120
4,121
60,121
61,121
62,121
63,121
71,121
72,121
4,122
57,122
58,122
59,122
73,122
74,122
4,123
56,123
75,123
4,124
54,124
55,124
76,124
77,124
5,125
52,125
53,125
78,125
5,126
51,126
79,126
5,127
51,127
79,127
6,128
49,128
50,128
79,128
6,129
48,129
80,129
7,130
47,130
80,130
7,131
46,131
80,131
8,132
45,132
81,132
8,133
44,133
82,133
9,134
43,134
82,134
10,135
42,135
82,135
10,136
41,136
82,136
11,137
40,137
82,137
12,138
38,138
39,138
82,138
13,139
37,139
82,139
14,140
36,140
82,140
15,141
35,141
81,141
16,142
17,142
34,142
82,142
18,143
19,143
33,143
82,143
20,144
21,144
22,144
23,144
30,144
31,144
32,144
82,144
24,145
25,145
26,145
27,145
28,145
29,145
82,145
82,146
82,147
82,148
82,149
82,150
82,151
82,152
82,153
82,154
82,155
82,156
82,157
82,158
81,159
81,160
80,161
80,162
80,163
80,164
80,165
80,166
80,167
80,168
80,169
80,170
79,171
79,172
79,173
79,174
79,175
79,176
79,177
79,178
79,179
79,180
79,181
79,182
79,183
79,184
78,185
78,186
78,187
78,188
78,189
78,190
78,191
78,192
78,193
78,194
78,195
78,196
78,197
78,198
78,199
77,200
77,201
77,202
77,203
77,204
77,205
77,206
77,207
77,208
77,209
77,210
77,211
77,212
76,213
76,214
76,215
76,216
76,217
76,218
76,219
76,220
76,221
76,222
76,223
76,224
76,225
76,226
75,227
75,228
75,229
75,230
75,231
75,232
75,233
75,234
75,235
74,236
73,237
73,238
73,239
73,240
73,241
73,242
73,243
73,244
73,245
73,246
74,247