5,0
4,1
4,2
4,3
4,4
4,5
4,6
4,7
4,8
4,9
4,10
4,11
4,12
4,13
3,14
4,15
4,16
3,17
3,18
3,19
3,20
3,21
3,22
2,23
2,24
2,25
2,26
2,27
2,28
2,29
2,30
2,31
2,32
2,33
2,34
2,35
2,36
2,37
2,38
2,39
2,40
2,41
2,42
2,43
2,44
2,45
1,46
1,47
1,48
1,49
1,50
1,51
1,52
1,53
1,54
1,55
1,56
1,57
1,58
0,59
0,60
0,61
0,62
0,63
0,64
0,65
0,66
0,67
0,68
1,69
1,70
1,71
1,72
1,73
1,74
1,75
1,76
53,76
54,76
55,76
56,76
57,76
58,76
59,76
60,76
2,77
49,77
50,77
51,77
52,77
61,77
2,78
47,78
48,78
62,78
2,79
46,79
63,79
64,79
65,79
66,79
2,80
46,80
67,80
2,81
44,81
45,81
68,81
2,82
43,82
69,82
3,83
42,83
70,83
71,83
3,84
41,84
72,84
4,85
39,85
40,85
72,85
4,86
38,86
73,86
4,87
37,87
74,87
5,88
37,88
74,88
5,89
35,89
36,89
75,89
6,90
34,90
76,90
6,91
33,91
77,91
7,92
31,92
32,92
77,92
8,93
29,93
30,93
77,93
9,94
26,94
27,94
28,94
78,94
10,95
11,95
12,95
25,95
79,95
13,96
14,96
15,96
16,96
17,96
18,96
19,96
20,96
21,96
22,96
23,96
24,96
79,96
79,97
79,98
80,99
80,100
81,101
81,102
81,103
81,104
81,105
81,106
81,107
81,108
82,109
82,110
82,111
82,112
82,113
82,114
82,115
82,116
82,117
82,118
83,119
83,120
83,121
83,122
83,123
83,124
83,125
83,126
83,127
83,128
83,129
83,130
83,131
83,132
83,133
83,134
83,135
82,136
82,137
82,138
82,139
82,140
82,141
82,142
81,143
81,144
81,145
81,146
80,147
80,148
80,149
79,150
79,151
18,152
19,152
20,152
21,152
22,152
23,152
24,152
25,152
26,152
27,152
79,152
17,153
28,153
29,153
30,153
31,153
78,153
16,154
32,154
33,154
78,154
15,155
34,155
35,155
36,155
79,155
14,156
37,156
78,156
13,157
38,157
39,157
40,157
77,157
12,158
41,158
77,158
12,159
42,159
43,159
76,159
12,160
44,160
76,160
11,161
45,161
75,161
11,162
46,162
47,162
74,162
10,163
48,163
49,163
72,163
73,163
10,164
50,164
71,164
10,165
51,165
52,165
70,165
9,166
53,166
54,166
57,166
58,166
59,166
65,166
66,166
69,166
9,167
55,167
56,167
60,167
61,167
64,167
67,167
68,167
9,168
62,168
63,168
9,169
8,170
8,171
8,172
8,173
8,174
7,175
7,176
7,177
7,178
7,179
7,180
7,181
7,182
7,183
7,184
7,185
7,186
7,187
7,188
7,189
7,190
7,191
6,192
6,193
6,194
6,195
6,196
6,197
6,198
6,199
6,200
6,201
6,202
6,203
6,204
6,205
6,206
5,207
5,208
5,209
5,210
5,211
5,212
5,213
5,214
5,215
5,216
5,217
5,218
5,219
5,220
5,221
5,222
5,223
5,224
5,225
5,226
5,227
5,228
5,229
5,230
5,231
5,232
5,233
5,234
5,235
5,236
5,237
4,238
4,239
4,240
4,241
5,242
5,243