2,0
2,1
2,2
2,3
2,4
2,5
2,6
2,7
2,8
2,9
2,10
2,11
2,12
2,13
3,14
3,15
3,16
3,17
3,18
3,19
3,20
3,21
3,22
4,23
4,24
4,25
4,26
4,27
4,28
4,29
4,30
4,31
4,32
4,33
3,34
3,35
3,36
3,37
3,38
3,39
4,40
4,41
4,42
4,43
4,44
4,45
4,46
4,47
4,48
4,49
4,50
4,51
4,52
4,53
5,54
5,55
5,56
5,57
5,58
5,59
5,60
5,61
5,62
5,63
5,64
5,65
6,66
6,67
6,68
6,69
5,70
5,71
5,72
5,73
5,74
5,75
5,76
5,77
5,78
5,79
5,80
5,81
5,82
5,83
5,84
5,85
5,86
5,87
6,88
6,89
6,90
6,91
6,92
6,93
6,94
6,95
6,96
6,97
6,98
6,99
7,100
58,100
59,100
60,100
61,100
7,101
52,101
53,101
54,101
55,101
56,101
57,101
62,101
7,102
50,102
51,102
63,102
64,102
65,102
7,103
48,103
49,103
66,103
8,104
47,104
67,104
8,105
45,105
46,105
68,105
69,105
7,106
42,106
43,106
44,106
70,106
8,107
41,107
71,107
8,108
39,108
40,108
72,108
8,109
38,109
73,109
9,110
37,110
74,110
10,111
35,111
36,111
75,111
11,112
33,112
34,112
76,112
11,113
32,113
76,113
12,114
31,114
76,114
12,115
29,115
30,115
77,115
13,116
14,116
23,116
25,116
26,116
27,116
28,116
78,116
15,117
16,117
17,117
18,117
19,117
20,117
21,117
22,117
24,117
78,117
79,118
79,119
79,120
79,121
80,122
80,123
80,124
80,125
81,126
81,127
82,128
82,129
82,130
82,131
82,132
83,133
83,134
83,135
83,136
83,137
83,138
83,139
84,140
84,141
84,142
83,143
83,144
83,145
83,146
83,147
83,148
84,149
84,150
84,151
84,152
84,153
84,154
84,155
84,156
84,157
84,158
84,159
84,160
84,161
83,162
83,163
83,164
83,165
83,166
83,167
83,168
83,169
82,170
82,171
82,172
82,173
82,174
82,175
81,176
81,177
80,178
79,179
79,180
79,181
18,182
19,182
20,182
21,182
22,182
23,182
24,182
25,182
26,182
27,182
28,182
29,182
78,182
17,183
30,183
31,183
77,183
16,184
32,184
33,184
77,184
15,185
34,185
35,185
36,185
76,185
14,186
37,186
75,186
13,187
38,187
74,187
13,188
39,188
74,188
12,189
40,189
73,189
11,190
41,190
72,190
10,191
42,191
71,191
10,192
43,192
70,192
10,193
44,193
70,193
10,194
45,194
69,194
9,195
46,195
47,195
69,195
9,196
48,196
68,196
9,197
49,197
50,197
51,197
52,197
53,197
66,197
67,197
8,198
54,198
64,198
65,198
8,199
55,199
59,199
60,199
61,199
62,199
63,199
8,200
56,200
58,200
8,201
57,201
8,202
8,203
8,204
7,205
7,206
7,207
7,208
7,209
7,210
7,211
7,212
6,213
6,214
6,215
6,216
6,217
6,218
6,219
6,220
6,221
6,222
6,223
6,224
6,225
5,226
5,227
5,228
5,229
5,230
5,231
5,232
5,233
5,234
5,235
5,236
5,237
5,238
5,239
4,240
4,241
4,242
4,243
4,244
4,245
4,246
4,247
4,248
3,249
2,250
2,251
2,252
2,253
2,254
2,255
2,256
2,257
2,258
2,259
1,260
1,261
1,262
1,263
1,264
1,265
1,266
1,267
1,268
1,269
1,270
1,271
1,272
1,273
1,274
0,275
0,276
0,277
1,278