75,0
76,0
77,0
78,0
245,0
248,0
74,1
79,1
80,1
81,1
82,1
83,1
84,1
85,1
239,1
240,1
241,1
242,1
243,1
244,1
246,1
247,1
249,1
250,1
251,1
252,1
253,1
254,1
255,1
256,1
257,1
258,1
259,1
260,1
261,1
262,1
263,1
264,1
265,1
73,2
86,2
87,2
88,2
89,2
90,2
91,2
92,2
93,2
94,2
95,2
96,2
97,2
98,2
99,2
100,2
101,2
102,2
103,2
104,2
105,2
106,2
107,2
108,2
109,2
110,2
111,2
112,2
113,2
114,2
115,2
116,2
117,2
118,2
119,2
120,2
121,2
122,2
123,2
124,2
125,2
126,2
127,2
128,2
129,2
130,2
134,2
135,2
137,2
138,2
235,2
236,2
237,2
238,2
266,2
267,2
268,2
269,2
270,2
271,2
272,2
273,2
274,2
275,2
276,2
277,2
278,2
279,2
280,2
281,2
282,2
74,3
131,3
132,3
133,3
136,3
139,3
140,3
141,3
232,3
233,3
234,3
283,3
284,3
285,3
286,3
287,3
288,3
289,3
290,3
291,3
292,3
74,4
142,4
143,4
144,4
145,4
146,4
147,4
148,4
231,4
293,4
294,4
295,4
296,4
74,5
149,5
230,5
297,5
298,5
299,5
300,5
301,5
302,5
303,5
304,5
305,5
306,5
307,5
308,5
309,5
310,5
311,5
312,5
313,5
314,5
315,5
316,5
317,5
318,5
319,5
320,5
321,5
322,5
323,5
324,5
325,5
326,5
327,5
328,5
74,6
150,6
151,6
227,6
228,6
229,6
329,6
330,6
331,6
332,6
333,6
334,6
335,6
336,6
337,6
338,6
74,7
152,7
226,7
339,7
340,7
341,7
342,7
343,7
344,7
345,7
346,7
347,7
348,7
349,7
350,7
351,7
352,7
353,7
74,8
153,8
154,8
155,8
225,8
354,8
355,8
75,9
156,9
224,9
356,9
75,10
157,10
158,10
223,10
357,10
75,11
159,11
160,11
223,11
357,11
76,12
161,12
223,12
357,12
76,13
162,13
222,13
356,13
76,14
163,14
222,14
356,14
76,15
163,15
222,15
356,15
77,16
163,16
222,16
356,16
77,17
163,17
223,17
356,17
77,18
164,18
223,18
355,18
78,19
164,19
223,19
356,19
78,20
164,20
223,20
356,20
78,21
164,21
223,21
356,21
78,22
164,22
224,22
356,22
78,23
164,23
224,23
356,23
78,24
164,24
224,24
356,24
78,25
164,25
225,25
356,25
78,26
164,26
225,26
356,26
79,27
164,27
226,27
356,27
79,28
164,28
226,28
356,28
79,29
164,29
227,29
356,29
79,30
163,30
227,30
356,30
79,31
163,31
228,31
356,31
80,32
162,32
228,32
356,32
79,33
161,33
229,33
356,33
79,34
161,34
230,34
356,34
79,35
161,35
230,35
355,35
79,36
160,36
230,36
355,36
79,37
159,37
231,37
355,37
79,38
159,38
232,38
233,38
355,38
79,39
159,39
234,39
355,39
80,40
159,40
235,40
355,40
80,41
158,41
235,41
355,41
80,42
157,42
235,42
355,42
80,43
156,43
236,43
355,43
80,44
155,44
237,44
355,44
81,45
154,45
238,45
355,45
81,46
154,46
238,46
355,46
81,47
153,47
238,47
355,47
81,48
152,48
239,48
354,48
81,49
152,49
239,49
354,49
81,50
151,50
239,50
354,50
82,51
150,51
240,51
354,51
82,52
150,52
241,52
354,52
82,53
149,53
240,53
354,53
83,54
148,54
240,54
354,54
83,55
149,55
239,55
241,55
354,55
83,56
149,56
239,56
240,56
242,56
354,56
84,57
148,57
238,57
240,57
242,57
354,57
84,58
149,58
239,58
242,58
354,58
84,59
148,59
243,59
354,59
84,60
148,60
242,60
354,60
83,61
149,61
242,61
354,61
83,62
149,62
241,62
354,62
84,63
149,63
241,63
354,63
84,64
149,64
240,64
354,64
84,65
149,65
240,65
354,65
84,66
150,66
239,66
354,66
84,67
151,67
238,67
354,67
84,68
152,68
237,68
354,68
84,69
151,69
236,69
354,69
84,70
152,70
153,70
235,70
353,70
84,71
154,71
234,71
353,71
84,72
155,72
156,72
157,72
158,72
231,72
232,72
233,72
353,72
84,73
159,73
229,73
230,73
353,73
84,74
159,74
228,74
353,74
84,75
160,75
226,75
227,75
353,75
84,76
161,76
220,76
223,76
224,76
225,76
353,76
26,77
27,77
28,77
29,77
30,77
31,77
32,77
33,77
34,77
35,77
84,77
162,77
217,77
218,77
219,77
221,77
222,77
352,77
24,78
25,78
36,78
37,78
38,78
39,78
41,78
84,78
163,78
164,78
165,78
214,78
215,78
216,78
352,78
21,79
22,79
23,79
40,79
42,79
83,79
166,79
167,79
168,79
169,79
170,79
171,79
172,79
173,79
207,79
208,79
209,79
210,79
211,79
212,79
213,79
352,79
20,80
43,80
44,80
45,80
83,80
174,80
197,80
198,80
203,80
204,80
205,80
206,80
352,80
19,81
46,81
47,81
48,81
49,81
82,81
175,81
176,81
177,81
178,81
179,81
180,81
181,81
182,81
183,81
184,81
185,81
186,81
188,81
189,81
190,81
191,81
192,81
193,81
194,81
195,81
196,81
199,81
200,81
201,81
202,81
352,81
18,82
50,82
82,82
187,82
352,82
17,83
51,83
52,83
53,83
54,83
55,83
81,83
351,83
16,84
56,84
57,84
58,84
59,84
60,84
80,84
351,84
15,85
61,85
80,85
351,85
14,86
62,86
63,86
64,86
65,86
75,86
76,86
77,86
78,86
79,86
351,86
13,87
66,87
67,87
68,87
69,87
70,87
71,87
72,87
73,87
74,87
350,87
12,88
350,88
11,89
350,89
11,90
349,90
10,91
349,91
10,92
291,92
292,92
300,92
301,92
302,92
303,92
304,92
349,92
9,93
290,93
293,93
294,93
295,93
296,93
297,93
298,93
299,93
305,93
306,93
348,93
9,94
289,94
307,94
308,94
309,94
348,94
8,95
288,95
310,95
311,95
347,95
8,96
286,96
287,96
312,96
313,96
314,96
346,96
7,97
284,97
285,97
315,97
316,97
317,97
346,97
7,98
283,98
318,98
319,98
320,98
345,98
6,99
282,99
321,99
322,99
323,99
343,99
344,99
5,100
281,100
324,100
325,100
341,100
342,100
5,101
280,101
326,101
327,101
328,101
329,101
330,101
331,101
332,101
333,101
338,101
339,101
340,101
4,102
280,102
334,102
335,102
336,102
337,102
4,103
279,103
3,104
278,104
2,105
277,105
2,106
276,106
2,107
276,107
1,108
276,108
1,109
275,109
1,110
274,110
1,111
273,111
0,112
273,112
1,113
273,113
1,114
272,114
1,115
272,115
1,116
272,116
2,117
271,117
2,118
271,118
2,119
271,119
2,120
270,120
2,121
270,121
3,122
269,122
3,123
269,123
4,124
269,124
4,125
269,125
5,126
268,126
6,127
268,127
6,128
268,128
6,129
268,129
6,130
268,130
7,131
268,131
8,132
268,132
8,133
267,133
9,134
267,134
9,135
267,135
10,136
71,136
72,136
73,136
74,136
75,136
76,136
77,136
268,136
10,137
68,137
69,137
70,137
78,137
267,137
11,138
66,138
67,138
79,138
80,138
268,138
12,139
64,139
65,139
81,139
268,139
13,140
62,140
63,140
82,140
268,140
13,141
60,141
61,141
83,141
268,141
14,142
58,142
59,142
84,142
269,142
15,143
16,143
57,143
84,143
269,143
17,144
53,144
54,144
55,144
56,144
85,144
269,144
17,145
51,145
52,145
85,145
270,145
18,146
47,146
49,146
50,146
85,146
270,146
19,147
20,147
43,147
44,147
45,147
46,147
48,147
86,147
270,147
21,148
41,148
42,148
86,148
271,148
339,148
340,148
341,148
342,148
343,148
345,148
22,149
23,149
24,149
38,149
39,149
40,149
86,149
271,149
335,149
336,149
337,149
338,149
344,149
346,149
25,150
26,150
27,150
28,150
31,150
32,150
33,150
34,150
35,150
36,150
37,150
86,150
272,150
333,150
334,150
347,150
348,150
29,151
30,151
86,151
273,151
330,151
331,151
332,151
349,151
86,152
273,152
328,152
329,152
350,152
86,153
273,153
326,153
327,153
351,153
87,154
274,154
325,154
351,154
87,155
275,155
323,155
324,155
352,155
87,156
276,156
322,156
352,156
87,157
276,157
320,157
321,157
353,157
87,158
277,158
319,158
354,158
87,159
278,159
317,159
318,159
354,159
86,160
278,160
316,160
354,160
86,161
279,161
314,161
315,161
355,161
86,162
280,162
312,162
313,162
355,162
86,163
281,163
311,163
355,163
86,164
282,164
283,164
307,164
308,164
309,164
310,164
356,164
86,165
284,165
305,165
306,165
356,165
86,166
285,166
303,166
304,166
357,166
86,167
286,167
287,167
288,167
289,167
290,167
291,167
300,167
301,167
302,167
357,167
86,168
292,168
293,168
294,168
295,168
296,168
297,168
298,168
299,168
357,168
85,169
357,169
85,170
358,170
85,171
358,171
85,172
358,172
85,173
358,173
85,174
358,174
85,175
359,175
84,176
359,176
83,177
358,177
83,178
358,178
83,179
358,179
83,180
358,180
82,181
358,181
82,182
358,182
82,183
359,183
82,184
359,184
82,185
359,185
82,186
359,186
82,187
359,187
82,188
359,188
82,189
359,189
82,190
359,190
82,191
359,191
82,192
359,192
82,193
359,193
82,194
359,194
81,195
359,195
81,196
359,196
80,197
360,197
81,198
360,198
80,199
360,199
80,200
360,200
80,201
361,201
80,202
361,202
80,203
360,203
79,204
361,204
79,205
361,205
78,206
361,206
78,207
361,207
79,208
361,208
79,209
361,209
78,210
361,210
78,211
361,211
79,212
362,212
79,213
361,213
79,214
361,214
78,215
361,215
77,216
362,216
77,217
362,217
77,218
362,218
77,219
362,219
77,220
362,220
77,221
362,221
76,222
362,222
77,223
362,223
76,224
362,224
76,225
362,225
76,226
362,226
76,227
362,227
76,228
362,228
75,229
362,229
75,230
362,230
75,231
362,231
74,232
362,232
74,233
359,233
360,233
361,233
74,234
337,234
338,234
339,234
341,234
342,234
343,234
344,234
345,234
346,234
347,234
348,234
349,234
350,234
351,234
352,234
353,234
354,234
355,234
356,234
357,234
358,234
74,235
318,235
319,235
320,235
321,235
322,235
323,235
324,235
325,235
326,235
327,235
328,235
329,235
330,235
331,235
332,235
333,235
334,235
335,235
336,235
340,235
74,236
287,236
288,236
289,236
290,236
291,236
297,236
301,236
302,236
303,236
305,236
306,236
307,236
308,236
309,236
310,236
311,236
312,236
313,236
314,236
315,236
316,236
317,236
74,237
271,237
272,237
273,237
274,237
275,237
276,237
277,237
278,237
279,237
280,237
281,237
282,237
283,237
284,237
285,237
286,237
292,237
293,237
294,237
295,237
296,237
298,237
299,237
300,237
304,237
74,238
261,238
262,238
263,238
264,238
265,238
266,238
267,238
268,238
269,238
270,238
74,239
258,239
259,239
260,239
73,240
255,240
256,240
257,240
73,241
253,241
254,241
73,242
252,242
72,243
251,243
72,244
249,244
250,244
72,245
140,245
141,245
142,245
144,245
145,245
146,245
147,245
156,245
157,245
165,245
166,245
167,245
248,245
73,246
74,246
76,246
106,246
113,246
114,246
115,246
116,246
117,246
118,246
119,246
120,246
121,246
122,246
123,246
124,246
125,246
126,246
127,246
129,246
130,246
131,246
132,246
133,246
134,246
135,246
136,246
137,246
138,246
139,246
143,246
148,246
149,246
150,246
151,246
152,246
153,246
154,246
155,246
158,246
159,246
160,246
161,246
162,246
163,246
164,246
168,246
169,246
170,246
171,246
172,246
173,246
174,246
248,246
75,247
77,247
80,247
81,247
82,247
83,247
84,247
85,247
86,247
87,247
88,247
89,247
90,247
91,247
92,247
93,247
94,247
95,247
96,247
97,247
98,247
99,247
100,247
101,247
102,247
103,247
104,247
105,247
107,247
108,247
109,247
110,247
111,247
112,247
128,247
175,247
176,247
177,247
178,247
179,247
248,247
78,248
79,248
180,248
181,248
182,248
247,248
183,249
184,249
246,249
185,250
186,250
245,250
187,251
188,251
245,251
189,252
245,252
190,253
245,253
191,254
245,254
191,255
245,255
191,256
245,256
191,257
246,257
191,258
246,258
192,259
246,259
192,260
247,260
192,261
247,261
192,262
248,262
192,263
248,263
192,264
249,264
192,265
249,265
191,266
250,266
191,267
250,267
191,268
251,268
190,269
251,269
190,270
252,270
190,271
253,271
190,272
253,272
189,273
254,273
189,274
254,274
188,275
255,275
188,276
256,276
188,277
257,277
188,278
257,278
187,279
257,279
187,280
258,280
186,281
258,281
186,282
258,282
185,283
259,283
185,284
259,284
185,285
259,285
184,286
260,286
184,287
260,287
183,288
260,288
183,289
261,289
183,290
261,290
183,291
261,291
183,292
261,292
183,293
261,293
183,294
261,294
183,295
261,295
183,296
261,296
183,297
261,297
184,298
261,298
184,299
260,299
184,300
260,300
185,301
259,301
185,302
258,302
186,303
258,303
187,304
257,304
187,305
256,305
188,306
256,306
189,307
255,307
189,308
254,308
190,309
191,309
253,309
192,310
252,310
193,311
250,311
251,311
194,312
195,312
249,312
196,313
247,313
248,313
197,314
198,314
245,314
246,314
199,315
200,315
243,315
244,315
201,316
202,316
203,316
242,316
204,317
240,317
241,317
205,318
206,318
238,318
239,318
207,319
208,319
209,319
235,319
236,319
237,319
210,320
211,320
212,320
213,320
233,320
234,320
214,321
215,321
216,321
217,321
218,321
219,321
230,321
231,321
232,321
220,322
226,322
227,322
228,322
229,322
221,323
222,323
223,323
224,323
225,323