258,0
259,0
260,0
261,0
262,0
263,0
264,0
265,0
266,0
267,0
268,0
269,0
274,0
275,0
276,0
277,0
278,0
279,0
280,0
281,0
282,0
283,0
284,0
285,0
244,1
245,1
246,1
247,1
248,1
249,1
250,1
251,1
252,1
253,1
254,1
255,1
256,1
257,1
270,1
271,1
272,1
273,1
286,1
227,2
234,2
235,2
236,2
237,2
238,2
239,2
240,2
241,2
242,2
243,2
286,2
225,3
226,3
228,3
229,3
230,3
231,3
232,3
233,3
286,3
223,4
224,4
287,4
218,5
219,5
220,5
221,5
222,5
287,5
217,6
287,6
215,7
216,7
287,7
214,8
288,8
213,9
288,9
213,10
288,10
120,11
121,11
122,11
123,11
124,11
125,11
126,11
127,11
128,11
129,11
130,11
131,11
132,11
133,11
134,11
135,11
212,11
289,11
106,12
107,12
108,12
109,12
110,12
111,12
112,12
113,12
114,12
115,12
116,12
117,12
118,12
119,12
136,12
211,12
289,12
96,13
97,13
98,13
99,13
100,13
101,13
102,13
103,13
104,13
105,13
137,13
138,13
139,13
211,13
289,13
82,14
83,14
84,14
85,14
86,14
87,14
88,14
89,14
90,14
91,14
92,14
93,14
94,14
95,14
140,14
141,14
142,14
143,14
144,14
211,14
289,14
65,15
66,15
67,15
68,15
69,15
72,15
73,15
74,15
75,15
76,15
77,15
78,15
79,15
80,15
81,15
145,15
211,15
289,15
53,16
54,16
55,16
56,16
57,16
58,16
59,16
60,16
61,16
62,16
63,16
64,16
70,16
71,16
145,16
211,16
289,16
42,17
43,17
44,17
45,17
46,17
47,17
48,17
49,17
50,17
51,17
52,17
146,17
211,17
289,17
32,18
33,18
34,18
35,18
36,18
37,18
38,18
39,18
40,18
41,18
146,18
211,18
289,18
15,19
16,19
17,19
21,19
22,19
23,19
24,19
25,19
26,19
27,19
28,19
29,19
30,19
31,19
146,19
212,19
290,19
9,20
10,20
11,20
12,20
13,20
14,20
18,20
19,20
20,20
147,20
212,20
290,20
2,21
3,21
4,21
5,21
6,21
7,21
8,21
147,21
212,21
290,21
1,22
147,22
213,22
290,22
1,23
147,23
213,23
290,23
1,24
148,24
214,24
290,24
1,25
147,25
214,25
290,25
1,26
147,26
215,26
290,26
1,27
147,27
215,27
290,27
1,28
147,28
216,28
291,28
1,29
147,29
216,29
291,29
1,30
146,30
217,30
291,30
1,31
146,31
218,31
291,31
1,32
146,32
218,32
291,32
2,33
145,33
219,33
220,33
291,33
2,34
145,34
221,34
291,34
2,35
144,35
221,35
291,35
2,36
144,36
222,36
292,36
2,37
143,37
223,37
292,37
2,38
142,38
224,38
292,38
2,39
142,39
225,39
292,39
2,40
142,40
226,40
292,40
2,41
141,41
227,41
292,41
2,42
140,42
228,42
293,42
2,43
139,43
229,43
293,43
2,44
139,44
228,44
293,44
2,45
138,45
228,45
293,45
2,46
137,46
229,46
293,46
2,47
137,47
230,47
293,47
2,48
136,48
231,48
293,48
3,49
135,49
231,49
294,49
3,50
135,50
231,50
294,50
2,51
134,51
231,51
294,51
2,52
133,52
231,52
294,52
1,53
133,53
231,53
294,53
1,54
134,54
231,54
294,54
2,55
133,55
230,55
293,55
2,56
132,56
228,56
229,56
293,56
2,57
132,57
227,57
293,57
2,58
132,58
228,58
294,58
2,59
132,59
228,59
294,59
2,60
132,60
228,60
294,60
2,61
132,61
227,61
294,61
2,62
133,62
226,62
295,62
2,63
134,63
226,63
295,63
2,64
134,64
225,64
295,64
2,65
135,65
225,65
295,65
2,66
135,66
224,66
295,66
2,67
135,67
221,67
222,67
223,67
295,67
2,68
136,68
220,68
295,68
2,69
137,69
219,69
296,69
3,70
138,70
219,70
296,70
3,71
139,71
217,71
218,71
296,71
2,72
140,72
216,72
296,72
2,73
141,73
142,73
212,73
213,73
214,73
215,73
297,73
3,74
143,74
211,74
297,74
3,75
144,75
145,75
146,75
208,75
209,75
210,75
297,75
3,76
147,76
201,76
202,76
203,76
204,76
205,76
206,76
207,76
297,76
3,77
148,77
149,77
198,77
199,77
200,77
297,77
3,78
150,78
151,78
152,78
153,78
154,78
190,78
191,78
192,78
193,78
194,78
195,78
196,78
197,78
297,78
3,79
155,79
156,79
157,79
158,79
159,79
165,79
166,79
167,79
168,79
169,79
170,79
171,79
172,79
173,79
174,79
184,79
185,79
186,79
187,79
188,79
189,79
298,79
341,79
342,79
343,79
344,79
345,79
346,79
3,80
160,80
161,80
162,80
163,80
164,80
175,80
176,80
177,80
178,80
179,80
180,80
181,80
182,80
183,80
298,80
339,80
340,80
347,80
348,80
349,80
3,81
298,81
335,81
337,81
338,81
350,81
3,82
299,82
333,82
334,82
336,82
351,82
352,82
4,83
299,83
332,83
353,83
4,84
299,84
331,84
354,84
4,85
300,85
329,85
330,85
355,85
4,86
300,86
326,86
327,86
328,86
356,86
4,87
300,87
325,87
356,87
4,88
301,88
323,88
324,88
357,88
4,89
302,89
322,89
357,89
4,90
303,90
320,90
321,90
358,90
4,91
304,91
317,91
318,91
319,91
359,91
4,92
305,92
306,92
314,92
315,92
316,92
359,92
4,93
307,93
308,93
309,93
310,93
311,93
312,93
313,93
359,93
4,94
360,94
4,95
360,95
4,96
361,96
4,97
361,97
4,98
362,98
5,99
362,99
4,100
362,100
4,101
363,101
4,102
363,102
5,103
363,103
5,104
363,104
5,105
52,105
53,105
363,105
5,106
50,106
51,106
54,106
55,106
56,106
57,106
58,106
59,106
60,106
61,106
62,106
63,106
64,106
65,106
363,106
6,107
48,107
49,107
66,107
67,107
68,107
364,107
6,108
44,108
45,108
46,108
47,108
69,108
364,108
6,109
42,109
43,109
70,109
364,109
6,110
40,110
41,110
71,110
72,110
364,110
7,111
39,111
73,111
74,111
364,111
8,112
37,112
38,112
75,112
364,112
8,113
36,113
76,113
364,113
8,114
35,114
76,114
364,114
9,115
33,115
34,115
77,115
364,115
9,116
31,116
32,116
78,116
364,116
10,117
28,117
29,117
30,117
78,117
81,117
364,117
11,118
25,118
26,118
27,118
79,118
80,118
82,118
364,118
12,119
13,119
20,119
21,119
22,119
23,119
24,119
83,119
364,119
14,120
15,120
16,120
17,120
18,120
19,120
82,120
364,120
83,121
364,121
83,122
363,122
84,123
362,123
85,124
362,124
86,125
362,125
86,126
362,126
86,127
362,127
86,128
362,128
86,129
361,129
87,130
361,130
88,131
360,131
89,132
360,132
89,133
359,133
89,134
359,134
90,135
359,135
90,136
317,136
318,136
319,136
320,136
321,136
322,136
358,136
90,137
311,137
312,137
313,137
314,137
315,137
316,137
323,137
324,137
358,137
90,138
310,138
325,138
326,138
327,138
357,138
91,139
308,139
309,139
328,139
329,139
356,139
91,140
307,140
330,140
331,140
332,140
355,140
90,141
306,141
333,141
334,141
354,141
90,142
305,142
335,142
353,142
90,143
305,143
336,143
337,143
352,143
91,144
303,144
304,144
338,144
351,144
91,145
302,145
339,145
340,145
341,145
349,145
350,145
90,146
301,146
342,146
343,146
344,146
345,146
346,146
347,146
348,146
90,147
300,147
89,148
299,148
89,149
299,149
89,150
298,150
89,151
297,151
89,152
297,152
89,153
297,153
88,154
297,154
87,155
297,155
87,156
297,156
87,157
297,157
87,158
297,158
86,159
297,159
86,160
297,160
85,161
297,161
85,162
297,162
84,163
296,163
83,164
296,164
83,165
296,165
82,166
296,166
81,167
296,167
80,168
296,168
80,169
296,169
79,170
295,170
17,171
18,171
19,171
20,171
21,171
22,171
23,171
24,171
25,171
26,171
27,171
28,171
77,171
78,171
295,171
15,172
16,172
29,172
30,172
31,172
32,172
33,172
75,172
76,172
295,172
14,173
34,173
35,173
36,173
37,173
74,173
295,173
13,174
38,174
39,174
40,174
72,174
73,174
295,174
12,175
41,175
71,175
295,175
11,176
42,176
43,176
44,176
45,176
66,176
67,176
68,176
69,176
70,176
295,176
11,177
46,177
47,177
48,177
49,177
64,177
65,177
295,177
10,178
50,178
51,178
52,178
53,178
54,178
55,178
56,178
57,178
58,178
59,178
60,178
61,178
62,178
63,178
295,178
10,179
294,179
9,180
294,180
9,181
295,181
8,182
295,182
8,183
295,183
8,184
294,184
8,185
294,185
7,186
294,186
6,187
294,187
6,188
293,188
6,189
293,189
6,190
292,190
6,191
292,191
5,192
292,192
5,193
292,193
5,194
292,194
5,195
292,195
5,196
292,196
4,197
292,197
4,198
292,198
5,199
292,199
5,200
292,200
5,201
292,201
5,202
292,202
5,203
292,203
5,204
292,204
4,205
291,205
4,206
291,206
4,207
291,207
4,208
291,208
4,209
291,209
4,210
291,210
4,211
291,211
3,212
290,212
3,213
290,213
3,214
290,214
3,215
290,215
3,216
290,216
3,217
290,217
3,218
290,218
3,219
290,219
2,220
290,220
2,221
290,221
3,222
290,222
2,223
289,223
2,224
289,224
2,225
289,225
2,226
289,226
2,227
289,227
2,228
289,228
2,229
288,229
2,230
289,230
2,231
288,231
2,232
285,232
286,232
287,232
1,233
284,233
1,234
281,234
282,234
283,234
1,235
278,235
279,235
280,235
1,236
264,236
265,236
266,236
267,236
269,236
270,236
271,236
272,236
273,236
274,236
275,236
276,236
277,236
1,237
255,237
256,237
257,237
258,237
259,237
260,237
261,237
262,237
263,237
268,237
1,238
245,238
246,238
247,238
248,238
249,238
250,238
251,238
252,238
253,238
254,238
1,239
237,239
238,239
239,239
240,239
241,239
242,239
243,239
244,239
1,240
230,240
231,240
232,240
233,240
234,240
235,240
236,240
1,241
220,241
221,241
222,241
223,241
224,241
225,241
226,241
227,241
228,241
229,241
1,242
214,242
215,242
216,242
217,242
218,242
219,242
0,243
208,243
209,243
210,243
211,243
212,243
213,243
0,244
199,244
200,244
201,244
203,244
204,244
205,244
206,244
207,244
0,245
198,245
202,245
0,246
196,246
197,246
0,247
194,247
195,247
0,248
108,248
112,248
113,248
114,248
115,248
116,248
117,248
118,248
119,248
120,248
121,248
122,248
123,248
124,248
125,248
126,248
127,248
128,248
129,248
130,248
131,248
132,248
133,248
134,248
193,248
0,249
65,249
84,249
85,249
89,249
90,249
91,249
92,249
93,249
94,249
95,249
96,249
97,249
98,249
99,249
100,249
101,249
102,249
103,249
104,249
105,249
106,249
107,249
109,249
110,249
111,249
135,249
136,249
137,249
138,249
139,249
192,249
0,250
49,250
50,250
51,250
52,250
53,250
56,250
57,250
58,250
59,250
60,250
61,250
62,250
63,250
64,250
66,250
67,250
72,250
73,250
74,250
75,250
76,250
77,250
78,250
79,250
80,250
81,250
82,250
83,250
86,250
87,250
88,250
140,250
141,250
191,250
0,251
43,251
44,251
45,251
46,251
47,251
48,251
54,251
55,251
68,251
69,251
70,251
71,251
142,251
143,251
190,251
0,252
28,252
29,252
30,252
31,252
32,252
33,252
34,252
35,252
36,252
37,252
38,252
39,252
40,252
41,252
42,252
144,252
190,252
1,253
16,253
17,253
18,253
19,253
20,253
21,253
22,253
23,253
24,253
25,253
26,253
27,253
145,253
189,253
2,254
3,254
4,254
5,254
6,254
7,254
8,254
9,254
10,254
11,254
12,254
13,254
14,254
15,254
146,254
188,254
147,255
189,255
147,256
188,256
147,257
189,257
147,258
189,258
148,259
189,259
149,260
190,260
149,261
191,261
149,262
191,262
149,263
192,263
148,264
193,264
148,265
194,265
147,266
194,266
147,267
195,267
146,268
196,268
146,269
197,269
145,270
197,270
145,271
198,271
144,272
199,272
144,273
200,273
143,274
200,274
143,275
200,275
142,276
201,276
142,277
202,277
141,278
202,278
141,279
203,279
140,280
204,280
140,281
204,281
139,282
205,282
139,283
206,283
138,284
206,284
138,285
206,285
137,286
207,286
137,287
206,287
137,288
206,288
136,289
207,289
136,290
207,290
136,291
207,291
136,292
207,292
136,293
207,293
136,294
207,294
136,295
207,295
136,296
206,296
136,297
206,297
136,298
205,298
136,299
204,299
136,300
204,300
136,301
203,301
137,302
203,302
138,303
202,303
139,304
199,304
200,304
201,304
140,305
198,305
141,306
142,306
196,306
197,306
143,307
195,307
144,308
145,308
194,308
146,309
147,309
192,309
193,309
148,310
149,310
190,310
191,310
150,311
151,311
188,311
189,311
152,312
153,312
154,312
186,312
187,312
155,313
184,313
185,313
156,314
157,314
158,314
159,314
181,314
182,314
183,314
160,315
161,315
162,315
178,315
179,315
180,315
163,316
164,316
165,316
166,316
167,316
172,316
173,316
174,316
175,316
176,316
177,316
168,317
169,317
170,317
171,317