245,0
246,0
247,0
248,0
249,0
250,0
251,0
252,0
253,0
254,0
255,0
256,0
257,0
258,0
239,1
240,1
241,1
242,1
243,1
244,1
259,1
260,1
261,1
262,1
263,1
264,1
265,1
236,2
237,2
238,2
266,2
267,2
235,3
268,3
269,3
233,4
234,4
270,4
271,4
272,4
231,5
232,5
273,5
275,5
276,5
228,6
229,6
230,6
274,6
277,6
278,6
226,7
227,7
279,7
280,7
224,8
225,8
281,8
223,9
282,9
222,10
283,10
221,11
284,11
220,12
285,12
286,12
219,13
287,13
219,14
288,14
218,15
289,15
217,16
290,16
217,17
291,17
216,18
291,18
216,19
292,19
216,20
292,20
216,21
292,21
216,22
292,22
216,23
292,23
216,24
292,24
216,25
293,25
294,25
216,26
295,26
217,27
295,27
217,28
295,28
217,29
295,29
218,30
295,30
218,31
295,31
219,32
294,32
219,33
294,33
219,34
293,34
220,35
293,35
220,36
293,36
220,37
292,37
221,38
291,38
222,39
292,39
223,40
291,40
224,41
290,41
224,42
289,42
224,43
289,43
225,44
289,44
225,45
288,45
226,46
288,46
227,47
287,47
227,48
286,48
227,49
286,49
228,50
285,50
228,51
285,51
229,52
285,52
230,53
285,53
231,54
284,54
231,55
284,55
231,56
283,56
231,57
283,57
231,58
282,58
232,59
282,59
232,60
282,60
232,61
282,61
232,62
282,62
232,63
282,63
232,64
282,64
232,65
282,65
232,66
283,66
232,67
284,67
233,68
284,68
232,69
285,69
231,70
286,70
287,70
288,70
230,71
289,71
291,71
229,72
290,72
292,72
293,72
228,73
294,73
295,73
296,73
297,73
305,73
226,74
227,74
298,74
299,74
300,74
301,74
302,74
303,74
304,74
306,74
307,74
308,74
309,74
310,74
311,74
318,74
359,74
360,74
224,75
225,75
312,75
313,75
314,75
315,75
316,75
317,75
319,75
320,75
321,75
322,75
323,75
324,75
325,75
326,75
327,75
328,75
332,75
333,75
334,75
335,75
336,75
337,75
345,75
346,75
347,75
348,75
349,75
350,75
351,75
352,75
353,75
354,75
355,75
356,75
357,75
358,75
361,75
223,76
329,76
330,76
331,76
338,76
339,76
340,76
341,76
342,76
343,76
344,76
362,76
363,76
218,77
219,77
220,77
221,77
222,77
364,77
211,78
212,78
213,78
214,78
215,78
216,78
217,78
363,78
184,79
185,79
186,79
189,79
190,79
191,79
192,79
197,79
198,79
199,79
200,79
201,79
202,79
203,79
204,79
205,79
206,79
207,79
208,79
209,79
210,79
363,79
170,80
171,80
172,80
173,80
174,80
175,80
176,80
177,80
178,80
179,80
180,80
181,80
182,80
183,80
187,80
188,80
193,80
194,80
195,80
196,80
363,80
144,81
151,81
152,81
153,81
154,81
155,81
156,81
157,81
158,81
159,81
160,81
161,81
162,81
163,81
164,81
165,81
166,81
167,81
168,81
169,81
362,81
130,82
131,82
132,82
133,82
134,82
135,82
136,82
137,82
138,82
139,82
140,82
141,82
142,82
143,82
145,82
146,82
147,82
148,82
149,82
150,82
362,82
103,83
104,83
105,83
106,83
107,83
108,83
109,83
110,83
115,83
116,83
117,83
118,83
119,83
120,83
121,83
122,83
123,83
124,83
125,83
126,83
127,83
128,83
129,83
362,83
90,84
91,84
92,84
93,84
94,84
95,84
96,84
97,84
98,84
99,84
100,84
101,84
102,84
111,84
112,84
113,84
114,84
362,84
80,85
81,85
82,85
83,85
84,85
85,85
86,85
87,85
88,85
89,85
362,85
79,86
362,86
80,87
362,87
80,88
361,88
80,89
361,89
79,90
362,90
79,91
362,91
79,92
362,92
79,93
362,93
79,94
362,94
79,95
362,95
79,96
362,96
79,97
362,97
79,98
362,98
79,99
362,99
80,100
361,100
80,101
361,101
80,102
361,102
80,103
362,103
80,104
362,104
80,105
362,105
80,106
362,106
80,107
362,107
80,108
362,108
80,109
362,109
80,110
362,110
80,111
362,111
80,112
362,112
80,113
362,113
81,114
362,114
81,115
361,115
81,116
361,116
81,117
362,117
81,118
362,118
81,119
362,119
81,120
362,120
81,121
362,121
81,122
362,122
81,123
362,123
81,124
362,124
81,125
361,125
81,126
361,126
82,127
362,127
82,128
361,128
81,129
361,129
81,130
362,130
81,131
362,131
81,132
362,132
82,133
362,133
82,134
362,134
82,135
362,135
81,136
362,136
82,137
362,137
82,138
361,138
82,139
361,139
82,140
361,140
83,141
361,141
83,142
361,142
83,143
361,143
83,144
362,144
83,145
361,145
83,146
361,146
83,147
361,147
83,148
361,148
83,149
361,149
83,150
361,150
83,151
361,151
83,152
361,152
83,153
361,153
84,154
301,154
302,154
303,154
304,154
305,154
306,154
307,154
308,154
360,154
84,155
298,155
299,155
300,155
309,155
310,155
311,155
360,155
84,156
297,156
312,156
360,156
84,157
295,157
296,157
313,157
314,157
361,157
84,158
294,158
315,158
316,158
361,158
84,159
294,159
317,159
360,159
84,160
294,160
318,160
360,160
84,161
293,161
319,161
320,161
360,161
84,162
292,162
321,162
322,162
360,162
83,163
291,163
323,163
324,163
359,163
83,164
290,164
325,164
359,164
83,165
289,165
326,165
327,165
359,165
83,166
289,166
328,166
358,166
84,167
288,167
328,167
358,167
84,168
287,168
329,168
330,168
358,168
26,169
84,169
287,169
331,169
357,169
24,170
25,170
27,170
28,170
29,170
30,170
84,170
286,170
332,170
335,170
356,170
20,171
21,171
22,171
23,171
31,171
32,171
84,171
285,171
333,171
334,171
336,171
337,171
356,171
17,172
18,172
19,172
33,172
84,172
285,172
338,172
339,172
355,172
15,173
16,173
34,173
84,173
285,173
340,173
341,173
353,173
354,173
14,174
35,174
36,174
83,174
285,174
342,174
343,174
344,174
345,174
349,174
350,174
351,174
352,174
13,175
37,175
83,175
285,175
346,175
347,175
348,175
12,176
38,176
39,176
83,176
284,176
12,177
40,177
41,177
82,177
284,177
11,178
42,178
82,178
284,178
10,179
43,179
81,179
283,179
9,180
44,180
45,180
81,180
283,180
8,181
46,181
81,181
283,181
7,182
47,182
48,182
81,182
282,182
7,183
49,183
80,183
282,183
7,184
50,184
51,184
53,184
80,184
282,184
7,185
52,185
54,185
79,185
281,185
6,186
55,186
78,186
281,186
6,187
56,187
57,187
77,187
282,187
5,188
58,188
59,188
75,188
76,188
282,188
5,189
60,189
61,189
62,189
72,189
73,189
74,189
282,189
5,190
63,190
64,190
65,190
66,190
67,190
68,190
69,190
70,190
71,190
281,190
4,191
281,191
4,192
281,192
3,193
281,193
3,194
281,194
2,195
280,195
2,196
280,196
2,197
280,197
2,198
280,198
2,199
280,199
2,200
280,200
1,201
281,201
1,202
281,202
1,203
281,203
1,204
281,204
1,205
281,205
0,206
281,206
0,207
281,207
0,208
281,208
0,209
281,209
0,210
281,210
1,211
282,211
1,212
282,212
1,213
282,213
1,214
283,214
1,215
283,215
1,216
284,216
1,217
284,217
1,218
284,218
1,219
284,219
1,220
284,220
1,221
285,221
351,221
352,221
2,222
285,222
339,222
340,222
341,222
342,222
343,222
344,222
345,222
346,222
347,222
348,222
349,222
350,222
353,222
2,223
285,223
338,223
354,223
3,224
286,224
337,224
355,224
3,225
286,225
334,225
335,225
336,225
356,225
357,225
3,226
286,226
333,226
358,226
4,227
287,227
332,227
358,227
4,228
288,228
329,228
330,228
331,228
358,228
4,229
289,229
328,229
359,229
4,230
289,230
326,230
327,230
359,230
4,231
68,231
69,231
70,231
71,231
72,231
289,231
325,231
359,231
5,232
63,232
64,232
65,232
66,232
67,232
73,232
74,232
75,232
290,232
324,232
359,232
5,233
60,233
61,233
62,233
76,233
291,233
323,233
359,233
5,234
58,234
59,234
77,234
78,234
292,234
320,234
321,234
322,234
360,234
6,235
57,235
79,235
293,235
319,235
360,235
6,236
55,236
56,236
79,236
294,236
295,236
297,236
318,236
360,236
7,237
54,237
80,237
296,237
298,237
299,237
300,237
316,237
317,237
360,237
8,238
53,238
80,238
301,238
313,238
314,238
315,238
361,238
8,239
52,239
80,239
301,239
311,239
312,239
361,239
9,240
50,240
51,240
81,240
302,240
309,240
310,240
361,240
10,241
48,241
49,241
82,241
303,241
306,241
307,241
308,241
361,241
10,242
46,242
47,242
82,242
304,242
305,242
361,242
10,243
45,243
82,243
361,243
11,244
42,244
43,244
44,244
83,244
361,244
12,245
41,245
83,245
361,245
12,246
40,246
83,246
361,246
13,247
39,247
83,247
360,247
14,248
15,248
37,248
38,248
84,248
360,248
16,249
17,249
36,249
84,249
360,249
18,250
19,250
34,250
35,250
85,250
360,250
20,251
30,251
31,251
32,251
33,251
84,251
361,251
21,252
22,252
23,252
29,252
84,252
361,252
24,253
25,253
26,253
27,253
28,253
84,253
361,253
84,254
361,254
84,255
360,255
84,256
360,256
84,257
360,257
84,258
360,258
84,259
360,259
84,260
360,260
83,261
360,261
84,262
360,262
84,263
359,263
84,264
359,264
84,265
360,265
83,266
360,266
83,267
360,267
83,268
360,268
83,269
360,269
83,270
360,270
83,271
359,271
83,272
359,272
83,273
359,273
83,274
359,274
83,275
359,275
83,276
358,276
83,277
358,277
83,278
359,278
83,279
359,279
83,280
359,280
82,281
359,281
82,282
359,282
82,283
359,283
82,284
358,284
82,285
358,285
82,286
358,286
81,287
358,287
81,288
358,288
82,289
358,289
82,290
358,290
82,291
357,291
82,292
358,292
82,293
358,293
81,294
358,294
81,295
358,295
81,296
358,296
81,297
358,297
81,298
357,298
81,299
357,299
80,300
357,300
80,301
357,301
81,302
357,302
81,303
357,303
81,304
357,304
80,305
358,305
80,306
358,306
80,307
355,307
356,307
357,307
80,308
354,308
80,309
345,309
346,309
347,309
348,309
349,309
350,309
351,309
352,309
353,309
80,310
341,310
342,310
343,310
344,310
80,311
335,311
336,311
337,311
338,311
339,311
340,311
80,312
327,312
328,312
329,312
330,312
331,312
332,312
333,312
334,312
79,313
318,313
319,313
320,313
321,313
322,313
323,313
324,313
325,313
326,313
79,314
314,314
315,314
316,314
317,314
79,315
308,315
309,315
310,315
311,315
312,315
313,315
80,316
300,316
301,316
302,316
303,316
304,316
305,316
306,316
307,316
80,317
288,317
289,317
290,317
291,317
292,317
293,317
294,317
295,317
296,317
297,317
298,317
299,317
80,318
287,318
80,319
274,319
275,319
276,319
277,319
278,319
279,319
280,319
281,319
282,319
283,319
284,319
285,319
286,319
80,320
273,320
79,321
260,321
261,321
262,321
263,321
264,321
265,321
266,321
267,321
268,321
269,321
270,321
271,321
272,321
79,322
256,322
257,322
258,322
259,322
79,323
247,323
248,323
249,323
250,323
251,323
252,323
253,323
254,323
255,323
80,324
81,324
82,324
83,324
85,324
86,324
87,324
88,324
89,324
90,324
91,324
92,324
99,324
100,324
101,324
102,324
112,324
113,324
114,324
115,324
237,324
238,324
239,324
240,324
241,324
242,324
243,324
244,324
245,324
246,324
84,325
93,325
94,325
95,325
96,325
97,325
98,325
103,325
104,325
105,325
106,325
107,325
108,325
109,325
110,325
111,325
116,325
117,325
118,325
119,325
120,325
121,325
122,325
123,325
126,325
127,325
128,325
129,325
130,325
131,325
132,325
133,325
134,325
135,325
139,325
140,325
141,325
142,325
143,325
144,325
145,325
233,325
234,325
235,325
236,325
124,326
125,326
136,326
137,326
138,326
146,326
147,326
148,326
149,326
150,326
151,326
152,326
153,326
154,326
155,326
156,326
232,326
157,327
158,327
159,327
160,327
230,327
231,327
161,328
162,328
228,328
229,328
163,329
227,329
164,330
226,330
165,331
166,331
226,331
167,332
225,332
167,333
224,333
167,334
224,334
167,335
223,335
168,336
223,336
168,337
223,337
168,338
223,338
169,339
223,339
169,340
223,340
168,341
223,341
168,342
224,342
168,343
224,343
167,344
224,344
167,345
223,345
167,346
224,346
167,347
225,347
166,348
225,348
166,349
225,349
165,350
225,350
165,351
226,351
164,352
227,352
165,353
228,353
164,354
228,354
164,355
228,355
163,356
228,356
163,357
229,357
162,358
229,358
162,359
230,359
161,360
230,360
161,361
230,361
160,362
231,362
160,363
231,363
159,364
232,364
159,365
233,365
158,366
233,366
158,367
234,367
158,368
234,368
157,369
235,369
157,370
235,370
156,371
235,371
156,372
235,372
155,373
235,373
155,374
235,374
155,375
235,375
155,376
235,376
155,377
236,377
154,378
236,378
154,379
236,379
155,380
235,380
155,381
235,381
156,382
235,382
156,383
234,383
156,384
233,384
157,385
232,385
157,386
231,386
158,387
230,387
159,388
228,388
229,388
160,389
227,389
161,390
226,390
162,391
224,391
225,391
163,392
164,392
223,392
165,393
222,393
166,394
167,394
168,394
169,394
170,394
219,394
220,394
221,394
171,395
217,395
218,395
172,396
173,396
174,396
212,396
213,396
214,396
215,396
216,396
175,397
209,397
210,397
211,397
176,398
177,398
208,398
178,399
179,399
180,399
182,399
183,399
184,399
185,399
202,399
203,399
204,399
205,399
206,399
207,399
181,400
186,400
187,400
188,400
196,400
197,400
198,400
199,400
200,400
201,400
189,401
190,401
191,401
192,401
193,401
194,401
195,401