0,0
0,1
0,2
0,3
0,4
0,5
0,6
0,7
0,8
0,9
0,10
0,11
0,12
0,13
0,14
0,15
0,16
0,17
1,18
1,19
2,20
2,21
2,22
2,23
2,24
2,25
2,26
2,27
2,28
2,29
2,30
3,31
3,32
3,33
3,34
3,35
4,36
4,37
4,38
5,39
5,40
5,41
5,42
5,43
5,44
5,45
5,46
5,47
5,48
5,49
6,50
6,51
6,52
6,53
7,54
7,55
7,56
7,57
57,57
58,57
59,57
60,57
61,57
62,57
63,57
64,57
65,57
7,58
56,58
66,58
67,58
7,59
55,59
68,59
7,60
52,60
53,60
54,60
69,60
70,60
8,61
50,61
51,61
71,61
72,61
8,62
48,62
49,62
73,62
74,62
8,63
47,63
75,63
8,64
46,64
76,64
9,65
44,65
45,65
77,65
9,66
41,66
42,66
43,66
78,66
9,67
40,67
78,67
10,68
39,68
79,68
10,69
38,69
80,69
81,69
11,70
37,70
82,70
11,71
36,71
82,71
12,72
35,72
82,72
13,73
33,73
34,73
83,73
14,74
30,74
31,74
32,74
84,74
15,75
16,75
25,75
26,75
27,75
28,75
29,75
84,75
17,76
21,76
22,76
23,76
24,76
84,76
18,77
19,77
20,77
85,77
85,78
85,79
86,80
86,81
86,82
87,83
87,84
87,85
88,86
89,86
90,87
89,88
89,89
89,90
89,91
90,92
90,93
90,94
90,95
90,96
90,97
90,98
89,99
89,100
90,101
90,102
90,103
89,104
90,105
90,106
89,107
89,108
89,109
89,110
89,111
88,112
87,113
86,114
86,115
86,116
86,117
85,118
85,119
22,120
23,120
24,120
25,120
84,120
18,121
19,121
20,121
21,121
26,121
27,121
28,121
29,121
84,121
17,122
30,122
31,122
84,122
16,123
32,123
33,123
34,123
84,123
15,124
35,124
36,124
83,124
15,125
37,125
38,125
40,125
83,125
14,126
39,126
41,126
42,126
82,126
13,127
43,127
82,127
13,128
44,128
45,128
81,128
13,129
46,129
47,129
80,129
12,130
48,130
79,130
12,131
49,131
50,131
78,131
12,132
51,132
52,132
77,132
11,133
53,133
76,133
11,134
54,134
55,134
56,134
75,134
10,135
57,135
74,135
10,136
58,136
59,136
60,136
61,136
62,136
72,136
73,136
10,137
63,137
64,137
65,137
66,137
67,137
68,137
69,137
70,137
71,137
10,138
9,139
9,140
9,141
9,142
10,143
10,144
10,145
10,146
10,147
9,148
9,149
9,150
9,151
9,152
9,153
8,154
8,155
8,156
8,157
8,158
8,159
7,160
8,161
8,162
8,163
8,164
8,165
8,166
8,167
8,168
8,169
7,170
7,171
7,172
7,173
7,174
6,175
6,176
6,177
6,178
7,179
7,180
6,181
6,182
6,183
6,184
6,185
6,186
5,187
5,188
5,189
5,190
5,191
5,192
5,193
4,194
4,195
4,196
5,197
5,198
5,199
4,200
4,201
4,202
4,203
4,204
3,205
3,206
2,207
1,208
0,209
1,210
1,211
0,212
1,213