84,0
83,1
83,2
83,3
84,4
83,5
83,6
83,7
83,8
83,9
83,10
83,11
82,12
82,13
82,14
82,15
82,16
82,17
82,18
82,19
81,20
81,21
81,22
81,23
81,24
82,25
82,26
82,27
82,28
82,29
82,30
82,31
82,32
81,33
81,34
82,35
81,36
81,37
81,38
81,39
81,40
81,41
81,42
81,43
81,44
81,45
82,46
82,47
82,48
81,49
81,50
82,51
81,52
81,53
81,54
81,55
81,56
81,57
81,58
81,59
81,60
81,61
80,62
81,63
81,64
80,65
80,66
81,67
81,68
81,69
81,70
81,71
81,72
81,73
81,74
81,75
81,76
81,77
80,78
80,79
80,80
80,81
80,82
80,83
80,84
79,85
79,86
79,87
80,88
80,89
80,90
80,91
80,92
79,93
79,94
79,95
79,96
79,97
28,98
78,98
26,99
27,99
29,99
30,99
31,99
32,99
33,99
78,99
24,100
25,100
34,100
35,100
36,100
37,100
78,100
21,101
22,101
23,101
38,101
39,101
78,101
19,102
20,102
40,102
41,102
78,102
17,103
18,103
42,103
43,103
77,103
16,104
44,104
45,104
46,104
47,104
48,104
49,104
76,104
16,105
50,105
51,105
76,105
15,106
52,106
53,106
75,106
14,107
54,107
55,107
56,107
57,107
58,107
75,107
13,108
59,108
60,108
73,108
74,108
12,109
61,109
62,109
63,109
64,109
68,109
69,109
70,109
71,109
72,109
12,110
65,110
66,110
67,110
11,111
10,112
10,113
9,114
8,115
7,116
7,117
7,118
6,119
5,120
4,121
4,122
4,123
4,124
4,125
3,126
3,127
1,128
2,128
0,129
0,130
1,131
2,132
2,133
1,134
1,135
1,136
1,137
1,138
1,139
1,140
1,141
1,142
1,143
1,144
1,145
1,146
2,147
2,148
2,149
3,150
3,151
4,152
5,153
5,154
6,155
7,156
7,157
8,158
8,159
65,159
66,159
67,159
68,159
69,159
70,159
9,160
11,160
12,160
62,160
63,160
64,160
71,160
10,161
13,161
59,161
60,161
61,161
72,161
75,161
11,162
13,162
57,162
58,162
73,162
74,162
76,162
10,163
12,163
14,163
54,163
55,163
56,163
73,163
75,163
11,164
13,164
15,164
51,164
52,164
53,164
74,164
12,165
14,165
49,165
50,165
75,165
13,166
48,166
75,166
14,167
46,167
47,167
76,167
15,168
44,168
45,168
76,168
16,169
17,169
41,169
42,169
43,169
77,169
18,170
39,170
40,170
78,170
19,171
20,171
35,171
36,171
37,171
38,171
79,171
21,172
22,172
28,172
32,172
33,172
34,172
79,172
23,173
24,173
25,173
26,173
27,173
29,173
30,173
31,173
79,173
80,174
80,175
80,176
80,177
80,178
80,179
80,180
80,181
80,182
80,183
80,184
81,185
80,186
80,187
81,188
81,189
80,190
80,191
81,192
81,193
81,194
81,195
81,196
81,197
81,198
81,199
81,200
81,201
81,202
81,203
81,204
81,205
81,206
81,207
81,208
81,209
81,210
81,211
81,212
82,213
82,214
82,215
82,216
82,217
82,218
82,219
82,220
82,221
82,222
82,223
81,224
82,225
82,226
81,227
81,228
81,229
82,230
82,231
81,232
81,233
82,234
82,235
82,236
82,237
82,238
82,239
82,240
82,241
82,242
82,243
82,244
82,245
81,246
81,247
82,248
82,249
82,250
82,251
82,252
82,253
82,254
83,255
83,256
82,257
82,258
82,259
82,260
82,261
82,262
82,263
82,264
82,265
82,266
82,267
82,268
82,269
82,270
81,271
82,272
82,273
82,274
82,275
83,276