85,0
85,1
85,2
85,3
85,4
85,5
85,6
85,7
85,8
85,9
85,10
85,11
85,12
85,13
85,14
85,15
85,16
85,17
84,18
84,19
84,20
84,21
84,22
85,23
85,24
85,25
85,26
85,27
85,28
85,29
85,30
85,31
85,32
85,33
85,34
84,35
84,36
84,37
84,38
84,39
84,40
84,41
84,42
84,43
84,44
84,45
83,46
84,47
85,48
85,49
85,50
85,51
84,52
84,53
84,54
84,55
84,56
84,57
84,58
84,59
84,60
84,61
84,62
84,63
84,64
84,65
84,66
84,67
84,68
84,69
84,70
84,71
85,72
85,73
84,74
84,75
84,76
84,77
84,78
84,79
84,80
84,81
83,82
83,83
83,84
23,85
83,85
21,86
22,86
24,86
25,86
26,86
27,86
28,86
29,86
30,86
31,86
32,86
82,86
18,87
19,87
20,87
33,87
34,87
35,87
82,87
17,88
36,88
37,88
82,88
15,89
16,89
38,89
39,89
82,89
13,90
14,90
40,90
41,90
81,90
12,91
42,91
43,91
80,91
12,92
44,92
45,92
79,92
10,93
11,93
46,93
47,93
48,93
79,93
9,94
49,94
50,94
78,94
9,95
51,95
52,95
78,95
8,96
53,96
54,96
79,96
7,97
55,97
56,97
78,97
7,98
57,98
58,98
59,98
75,98
76,98
77,98
7,99
60,99
61,99
72,99
73,99
74,99
6,100
62,100
63,100
64,100
65,100
69,100
70,100
71,100
5,101
66,101
67,101
68,101
5,102
5,103
4,104
4,105
3,106
3,107
3,108
2,109
2,110
2,111
1,112
1,113
1,114
0,115
0,116
0,117
0,118
0,119
0,120
0,121
1,122
1,123
1,124
1,125
1,126
1,127
1,128
1,129
2,130
2,131
2,132
2,133
2,134
3,135
3,136
3,137
4,138
5,139
5,140
5,141
5,142
6,143
7,144
8,145
73,145
9,146
68,146
69,146
70,146
71,146
72,146
74,146
75,146
76,146
77,146
9,147
66,147
67,147
78,147
79,147
9,148
64,148
65,148
80,148
10,149
62,149
63,149
81,149
11,150
60,150
61,150
81,150
11,151
57,151
58,151
59,151
82,151
12,152
56,152
83,152
12,153
53,153
54,153
55,153
83,153
13,154
51,154
52,154
84,154
14,155
49,155
50,155
85,155
15,156
48,156
85,156
16,157
45,157
46,157
47,157
86,157
17,158
42,158
43,158
44,158
86,158
18,159
39,159
40,159
41,159
86,159
19,160
20,160
35,160
36,160
37,160
38,160
86,160
21,161
22,161
25,161
30,161
31,161
32,161
33,161
34,161
86,161
23,162
24,162
26,162
27,162
28,162
29,162
86,162
86,163
86,164
86,165
86,166
87,167
87,168
88,169
87,170
87,171
87,172
87,173
87,174
87,175
87,176
87,177
87,178
87,179
86,180
86,181
86,182
86,183
86,184
86,185
86,186
85,187
85,188
85,189
85,190
84,191
84,192
85,193
85,194
85,195
85,196
85,197
85,198
84,199
84,200
84,201
84,202
84,203
84,204
84,205
84,206
83,207
83,208
83,209
83,210
83,211
83,212