78,0
77,1
77,2
77,3
77,4
77,5
77,6
77,7
77,8
77,9
77,10
77,11
77,12
78,13
78,14
78,15
78,16
78,17
78,18
78,19
78,20
78,21
78,22
78,23
78,24
78,25
78,26
79,27
79,28
79,29
79,30
79,31
79,32
79,33
79,34
79,35
79,36
79,37
79,38
79,39
79,40
80,41
80,42
80,43
80,44
80,45
79,46
79,47
80,48
79,49
79,50
79,51
79,52
79,53
79,54
80,55
80,56
80,57
80,58
80,59
80,60
81,61
81,62
81,63
81,64
81,65
80,66
80,67
80,68
80,69
79,70
79,71
79,72
78,73
78,74
26,75
27,75
28,75
29,75
78,75
21,76
22,76
23,76
24,76
25,76
30,76
31,76
32,76
33,76
77,76
19,77
20,77
34,77
35,77
36,77
38,77
39,77
77,77
18,78
37,78
40,78
41,78
42,78
76,78
16,79
17,79
43,79
44,79
45,79
46,79
75,79
15,80
47,80
48,80
49,80
74,80
14,81
50,81
51,81
52,81
73,81
13,82
53,82
54,82
55,82
56,82
57,82
71,82
72,82
12,83
58,83
59,83
70,83
11,84
60,84
61,84
62,84
63,84
64,84
65,84
66,84
67,84
68,84
69,84
10,85
9,86
9,87
8,88
8,89
7,90
7,91
7,92
7,93
6,94
5,95
5,96
5,97
5,98
4,99
4,100
3,101
3,102
3,103
3,104
2,105
2,106
2,107
1,108
1,109
1,110
1,111
1,112
0,113
1,114
1,115
1,116
1,117
1,118
1,119
2,120
2,121
2,122
3,123
4,124
4,125
4,126
5,127
5,128
6,129
6,130
7,131
7,132
8,133
9,134
71,134
72,134
73,134
74,134
75,134
9,135
66,135
67,135
68,135
69,135
70,135
76,135
10,136
62,136
63,136
64,136
65,136
77,136
78,136
11,137
59,137
60,137
61,137
79,137
12,138
58,138
80,138
12,139
56,139
57,139
80,139
13,140
54,140
55,140
81,140
14,141
52,141
53,141
81,141
15,142
50,142
51,142
82,142
16,143
48,143
49,143
82,143
17,144
47,144
82,144
18,145
44,145
45,145
46,145
83,145
19,146
42,146
43,146
83,146
20,147
21,147
39,147
40,147
41,147
83,147
22,148
23,148
38,148
83,148
24,149
25,149
26,149
36,149
37,149
83,149
27,150
28,150
29,150
30,150
31,150
32,150
33,150
34,150
35,150
83,150
83,151
83,152
83,153
84,154
84,155
84,156
84,157
84,158
84,159
84,160
83,161
83,162
83,163
83,164
83,165
83,166
83,167
83,168
83,169
82,170
82,171
82,172
82,173
82,174
82,175
81,176
81,177
81,178
81,179
81,180
81,181
81,182
80,183
80,184
80,185
81,186
81,187
81,188
81,189
80,190
80,191
80,192
80,193
80,194
80,195
80,196
80,197
79,198
79,199
79,200
79,201
79,202
78,203
78,204
78,205
78,206
77,207
77,208
78,209