87,0
87,1
87,2
87,3
87,4
87,5
87,6
86,7
86,8
86,9
86,10
86,11
86,12
86,13
86,14
86,15
86,16
86,17
86,18
86,19
86,20
85,21
85,22
85,23
85,24
85,25
85,26
85,27
85,28
85,29
85,30
85,31
85,32
85,33
85,34
86,35
85,36
85,37
85,38
85,39
85,40
85,41
85,42
85,43
85,44
85,45
85,46
84,47
84,48
84,49
83,50
83,51
25,52
26,52
83,52
24,53
27,53
28,53
29,53
30,53
31,53
32,53
33,53
34,53
83,53
23,54
35,54
82,54
20,55
22,55
36,55
37,55
38,55
39,55
82,55
19,56
21,56
40,56
41,56
82,56
18,57
42,57
43,57
44,57
45,57
81,57
17,58
46,58
47,58
81,58
15,59
16,59
48,59
80,59
14,60
49,60
79,60
13,61
50,61
51,61
52,61
53,61
54,61
79,61
12,62
55,62
56,62
77,62
78,62
11,63
57,63
58,63
76,63
10,64
59,64
60,64
61,64
62,64
63,64
74,64
75,64
10,65
64,65
65,65
66,65
67,65
68,65
69,65
70,65
71,65
72,65
73,65
9,66
9,67
8,68
8,69
7,70
6,71
6,72
5,73
5,74
5,75
4,76
3,77
2,78
2,79
2,80
2,81
2,82
1,83
1,84
1,85
1,86
1,87
1,88
1,89
0,90
0,91
0,92
0,93
0,94
0,95
1,96
1,97
1,98
2,99
2,100
3,101
3,102
4,103
3,104
4,105
5,106
5,107
5,108
6,109
6,110
7,111
7,112
8,113
9,114
9,115
66,115
67,115
68,115
69,115
70,115
71,115
72,115
73,115
74,115
10,116
60,116
61,116
63,116
64,116
65,116
75,116
11,117
57,117
58,117
59,117
62,117
76,117
12,118
56,118
77,118
12,119
53,119
54,119
55,119
78,119
13,120
51,120
52,120
78,120
14,121
48,121
49,121
50,121
78,121
15,122
45,122
46,122
47,122
78,122
16,123
43,123
44,123
79,123
17,124
41,124
42,124
80,124
18,125
38,125
39,125
40,125
80,125
19,126
20,126
21,126
22,126
37,126
80,126
23,127
24,127
25,127
26,127
27,127
28,127
29,127
30,127
31,127
32,127
33,127
34,127
35,127
36,127
81,127
81,128
82,129
82,130
82,131
82,132
83,133
83,134
83,135
83,136
83,137
83,138
82,139
83,140
83,141
83,142
83,143
83,144
83,145
83,146
84,147
84,148
84,149
83,150
83,151
83,152
83,153
83,154
83,155
84,156
84,157
84,158
84,159
84,160
85,161
85,162
85,163
85,164
84,165
84,166
84,167
85,168
85,169
85,170
85,171
85,172
85,173
85,174
85,175
85,176
85,177
85,178
84,179
85,180
85,181
85,182
85,183
85,184
85,185
85,186
86,187
86,188
86,189
86,190
86,191
86,192
85,193
86,194
86,195
86,196
86,197
86,198
86,199
85,200