90,0
90,1
90,2
89,3
89,4
89,5
89,6
89,7
89,8
88,9
88,10
88,11
88,12
88,13
88,14
88,15
88,16
87,17
87,18
87,19
88,20
88,21
87,22
87,23
87,24
87,25
87,26
87,27
86,28
86,29
86,30
86,31
86,32
85,33
85,34
85,35
85,36
85,37
85,38
85,39
84,40
84,41
85,42
85,43
84,44
84,45
84,46
85,47
85,48
85,49
84,50
84,51
84,52
84,53
83,54
83,55
83,56
82,57
82,58
82,59
81,60
81,61
26,62
27,62
28,62
29,62
30,62
31,62
32,62
80,62
22,63
23,63
24,63
25,63
33,63
34,63
35,63
36,63
37,63
80,63
20,64
21,64
38,64
39,64
79,64
18,65
19,65
40,65
41,65
42,65
43,65
79,65
16,66
17,66
44,66
45,66
78,66
15,67
46,67
47,67
78,67
14,68
48,68
49,68
50,68
52,68
78,68
13,69
51,69
53,69
54,69
55,69
56,69
76,69
77,69
12,70
57,70
58,70
74,70
75,70
11,71
59,71
60,71
61,71
69,71
70,71
73,71
10,72
62,72
63,72
64,72
65,72
66,72
67,72
68,72
71,72
72,72
9,73
10,74
9,75
9,76
8,77
7,78
7,79
6,80
6,81
5,82
5,83
4,84
4,85
3,86
3,87
3,88
2,89
2,90
2,91
1,92
1,93
1,94
1,95
1,96
1,97
1,98
0,99
1,100
1,101
2,102
2,103
2,104
2,105
2,106
2,107
3,108
3,109
3,110
4,111
4,112
4,113
5,114
5,115
6,116
6,117
7,118
7,119
8,120
8,121
71,121
72,121
9,122
62,122
63,122
64,122
65,122
66,122
67,122
68,122
69,122
70,122
73,122
74,122
75,122
10,123
59,123
60,123
61,123
76,123
77,123
10,124
58,124
78,124
79,124
80,124
11,125
56,125
57,125
81,125
12,126
54,126
55,126
82,126
13,127
53,127
82,127
14,128
51,128
52,128
83,128
15,129
49,129
50,129
83,129
16,130
47,130
48,130
83,130
17,131
45,131
46,131
84,131
18,132
43,132
44,132
84,132
19,133
39,133
40,133
41,133
42,133
84,133
20,134
21,134
22,134
27,134
28,134
29,134
33,134
34,134
35,134
36,134
37,134
38,134
84,134
23,135
24,135
25,135
26,135
30,135
31,135
32,135
84,135
85,136
85,137
85,138
85,139
85,140
85,141
85,142
85,143
85,144
85,145
85,146
85,147
85,148
85,149
85,150
86,151
86,152
86,153
86,154
86,155
86,156
86,157
86,158
86,159
86,160
86,161
86,162
86,163
86,164
86,165
86,166
86,167
86,168
86,169
86,170
86,171
86,172
86,173
86,174
86,175
86,176
87,177
87,178
87,179
87,180
87,181
86,182
87,183
87,184
87,185
87,186
86,187
87,188
87,189
87,190
87,191
87,192
87,193
87,194
86,195
86,196
86,197
86,198
85,199
86,200
86,201
86,202
87,203
87,204
87,205
88,206
88,207
88,208
88,209
88,210
87,211
87,212
87,213
88,214
88,215
88,216
88,217
89,218