10,0
10,1
9,2
9,3
9,4
9,5
8,6
8,7
8,8
8,9
8,10
8,11
8,12
8,13
8,14
8,15
8,16
7,17
7,18
6,19
6,20
6,21
6,22
6,23
6,24
6,25
5,26
5,27
5,28
5,29
5,30
5,31
5,32
5,33
5,34
5,35
5,36
4,37
4,38
4,39
3,40
3,41
3,42
3,43
3,44
3,45
3,46
3,47
3,48
3,49
3,50
3,51
3,52
2,53
2,54
1,55
1,56
1,57
1,58
1,59
0,60
0,61
1,62
1,63
1,64
1,65
1,66
1,67
1,68
44,68
45,68
46,68
47,68
48,68
49,68
1,69
43,69
50,69
51,69
1,70
41,70
42,70
52,70
53,70
54,70
55,70
1,71
39,71
40,71
56,71
1,72
37,72
38,72
57,72
1,73
35,73
36,73
58,73
2,74
34,74
58,74
3,75
28,75
29,75
30,75
31,75
32,75
33,75
59,75
3,76
27,76
60,76
3,77
27,77
61,77
4,78
25,78
26,78
62,78
5,79
22,79
23,79
24,79
63,79
6,80
19,80
20,80
21,80
63,80
7,81
8,81
9,81
10,81
11,81
12,81
13,81
14,81
16,81
17,81
18,81
63,81
15,82
64,82
65,83
66,84
66,85
66,86
67,87
67,88
67,89
68,90
68,91
67,92
67,93
68,94
68,95
68,96
69,97
69,98
69,99
70,100
70,101
70,102
70,103
70,104
70,105
70,106
70,107
70,108
70,109
69,110
69,111
69,112
69,113
68,114
68,115
68,116
68,117
68,118
68,119
67,120
67,121
66,122
66,123
12,124
65,124
10,125
11,125
13,125
14,125
15,125
16,125
17,125
18,125
65,125
8,126
9,126
19,126
20,126
21,126
64,126
7,127
22,127
23,127
63,127
6,128
24,128
25,128
26,128
27,128
62,128
6,129
28,129
29,129
61,129
5,130
30,130
60,130
5,131
31,131
60,131
5,132
32,132
59,132
4,133
33,133
34,133
35,133
58,133
4,134
36,134
37,134
38,134
57,134
4,135
39,135
40,135
41,135
42,135
56,135
4,136
43,136
44,136
54,136
55,136
4,137
45,137
46,137
47,137
52,137
53,137
4,138
48,138
49,138
50,138
51,138
4,139
4,140
4,141
4,142
3,143
3,144
3,145
3,146
3,147
3,148
3,149
3,150
3,151
3,152
3,153
3,154
3,155
3,156
3,157
4,158
4,159
4,160
3,161
3,162
4,163
4,164
4,165
4,166
4,167
4,168
4,169
4,170
4,171
4,172
4,173
5,174
5,175
5,176
5,177
6,178
5,179
5,180
5,181
5,182
5,183
5,184
5,185
5,186
6,187
6,188
6,189
6,190
6,191
6,192
7,193
7,194
7,195
6,196
6,197
6,198
6,199
7,200
7,201
7,202
7,203
7,204
7,205
8,206
8,207
8,208
8,209
8,210
8,211
8,212
8,213
7,214
8,215
8,216
8,217
8,218
8,219
9,220
9,221
9,222
10,223