5,0
6,1
6,2
7,3
8,4
8,5
8,6
9,7
9,8
9,9
9,10
9,11
8,12
8,13
8,14
7,15
7,16
7,17
7,18
7,19
7,20
7,21
7,22
7,23
7,24
7,25
7,26
6,27
6,28
6,29
6,30
6,31
6,32
6,33
5,34
6,35
6,36
6,37
6,38
6,39
6,40
6,41
5,42
5,43
5,44
5,45
5,46
5,47
5,48
5,49
5,50
5,51
5,52
5,53
5,54
5,55
5,56
5,57
4,58
4,59
4,60
3,61
4,62
4,63
4,64
4,65
4,66
4,67
4,68
4,69
4,70
4,71
4,72
3,73
3,74
3,75
3,76
3,77
3,78
3,79
3,80
3,81
3,82
3,83
47,83
48,83
49,83
51,83
52,83
53,83
54,83
55,83
56,83
57,83
4,84
46,84
50,84
58,84
4,85
45,85
59,85
4,86
43,86
44,86
60,86
61,86
62,86
63,86
4,87
41,87
42,87
64,87
4,88
39,88
40,88
65,88
4,89
37,89
38,89
65,89
4,90
36,90
65,90
4,91
33,91
34,91
35,91
65,91
4,92
30,92
31,92
32,92
66,92
5,93
29,93
67,93
68,93
6,94
27,94
28,94
69,94
7,95
25,95
26,95
70,95
8,96
23,96
24,96
70,96
9,97
16,97
17,97
20,97
21,97
22,97
71,97
10,98
11,98
12,98
13,98
14,98
15,98
18,98
19,98
71,98
72,99
72,100
73,101
74,102
74,103
74,104
75,105
75,106
75,107
75,108
75,109
76,110
76,111
77,112
77,113
77,114
77,115
78,116
78,117
78,118
79,119
79,120
78,121
78,122
78,123
78,124
78,125
78,126
78,127
78,128
78,129
77,130
77,131
77,132
77,133
76,134
76,135
75,136
75,137
75,138
75,139
74,140
73,141
17,142
73,142
15,143
16,143
18,143
19,143
20,143
21,143
22,143
73,143
11,144
12,144
13,144
14,144
23,144
24,144
25,144
26,144
73,144
10,145
27,145
28,145
73,145
9,146
29,146
30,146
73,146
8,147
31,147
73,147
7,148
32,148
72,148
6,149
33,149
71,149
5,150
34,150
71,150
4,151
35,151
36,151
70,151
4,152
37,152
69,152
4,153
38,153
39,153
68,153
3,154
40,154
41,154
42,154
68,154
2,155
43,155
44,155
67,155
2,156
45,156
46,156
66,156
2,157
47,157
65,157
2,158
48,158
61,158
62,158
63,158
64,158
2,159
49,159
50,159
51,159
57,159
58,159
59,159
60,159
2,160
52,160
53,160
54,160
55,160
56,160
2,161
2,162
2,163
1,164
1,165
1,166
1,167
1,168
1,169
1,170
1,171
1,172
1,173
1,174
1,175
1,176
1,177
1,178
1,179
0,180
0,181
0,182
0,183
0,184
0,185
0,186
0,187
1,188
1,189
1,190
1,191
2,192
2,193
2,194
1,195
1,196
1,197
1,198
1,199
1,200
1,201
1,202
1,203
1,204
1,205
2,206
2,207
2,208
2,209
1,210
1,211
1,212
1,213
1,214
2,215
2,216
2,217
2,218
2,219
2,220
2,221
2,222
3,223
3,224
2,225
2,226
2,227
2,228
2,229
2,230
2,231
3,232
3,233
4,234
3,235
4,236
4,237
4,238