86,0
86,1
86,2
86,3
86,4
86,5
85,6
85,7
85,8
86,9
86,10
86,11
86,12
86,13
86,14
86,15
86,16
86,17
85,18
85,19
85,20
85,21
85,22
84,23
84,24
84,25
84,26
84,27
85,28
85,29
85,30
85,31
85,32
84,33
84,34
84,35
84,36
83,37
84,38
84,39
84,40
83,41
83,42
83,43
83,44
83,45
82,46
83,47
83,48
82,49
82,50
82,51
82,52
82,53
82,54
82,55
81,56
81,57
80,58
24,59
25,59
26,59
27,59
28,59
29,59
30,59
31,59
38,59
80,59
21,60
22,60
23,60
32,60
33,60
34,60
35,60
36,60
37,60
39,60
40,60
41,60
79,60
19,61
20,61
42,61
43,61
44,61
45,61
78,61
18,62
46,62
47,62
77,62
16,63
17,63
48,63
49,63
50,63
77,63
15,64
51,64
52,64
76,64
14,65
53,65
54,65
55,65
57,65
58,65
59,65
74,65
75,65
13,66
56,66
60,66
61,66
62,66
73,66
12,67
63,67
64,67
65,67
66,67
67,67
68,67
69,67
70,67
71,67
72,67
11,68
10,69
9,70
9,71
8,72
8,73
7,74
7,75
6,76
6,77
5,78
5,79
4,80
4,81
3,82
3,83
3,84
2,85
2,86
1,87
2,88
2,89
2,90
1,91
1,92
1,93
1,94
1,95
0,96
0,97
0,98
1,99
1,100
1,101
1,102
2,103
2,104
2,105
2,106
3,107
4,108
4,109
5,110
5,111
6,112
6,113
7,114
7,115
8,116
8,117
9,118
68,118
69,118
70,118
71,118
72,118
73,118
9,119
62,119
63,119
64,119
65,119
66,119
67,119
74,119
75,119
76,119
78,119
10,120
60,120
61,120
77,120
79,120
11,121
59,121
79,121
11,122
58,122
80,122
12,123
57,123
81,123
82,123
13,124
14,124
54,124
55,124
56,124
83,124
15,125
52,125
53,125
83,125
15,126
49,126
50,126
51,126
84,126
16,127
47,127
48,127
84,127
17,128
45,128
46,128
84,128
18,129
43,129
44,129
84,129
19,130
20,130
21,130
22,130
40,130
41,130
42,130
84,130
23,131
24,131
25,131
39,131
84,131
26,132
27,132
28,132
29,132
30,132
31,132
32,132
33,132
34,132
35,132
36,132
37,132
38,132
84,132
85,133
85,134
85,135
85,136
85,137
85,138
85,139
85,140
85,141
85,142
86,143
86,144
86,145
86,146
86,147
86,148
86,149
86,150
86,151
86,152
86,153
86,154
86,155
86,156
86,157
86,158
86,159
85,160
85,161
86,162
86,163
86,164
86,165
86,166
86,167
86,168
86,169
86,170
86,171
86,172
86,173
86,174
86,175
86,176
86,177
85,178
85,179
85,180
86,181
86,182
86,183
86,184
86,185
86,186
86,187
85,188
86,189
86,190
85,191
85,192
85,193
85,194
85,195
85,196
85,197
85,198
85,199
85,200
85,201
85,202
85,203
85,204
85,205