1,0
0,1
0,2
0,3
0,4
0,5
0,6
0,7
0,8
0,9
0,10
1,11
1,12
1,13
1,14
1,15
1,16
1,17
1,18
1,19
1,20
1,21
1,22
1,23
1,24
2,25
2,26
2,27
2,28
2,29
2,30
2,31
2,32
2,33
3,34
3,35
3,36
3,37
3,38
3,39
3,40
3,41
3,42
3,43
3,44
3,45
4,46
4,47
4,48
4,49
4,50
4,51
4,52
4,53
5,54
5,55
54,55
55,55
56,55
57,55
58,55
59,55
60,55
61,55
62,55
63,55
5,56
52,56
53,56
64,56
65,56
66,56
67,56
5,57
51,57
68,57
6,58
46,58
47,58
48,58
49,58
50,58
69,58
70,58
7,59
44,59
45,59
71,59
7,60
41,60
42,60
43,60
72,60
8,61
39,61
40,61
73,61
9,62
37,62
38,62
74,62
9,63
33,63
34,63
35,63
36,63
75,63
76,63
10,64
31,64
32,64
77,64
11,65
29,65
30,65
78,65
12,66
28,66
78,66
13,67
25,67
26,67
27,67
78,67
14,68
15,68
16,68
17,68
18,68
19,68
20,68
21,68
22,68
23,68
24,68
79,68
80,69
80,70
80,71
81,72
81,73
82,74
82,75
83,76
84,77
84,78
84,79
85,80
86,81
86,82
86,83
87,84
87,85
87,86
88,87
88,88
88,89
88,90
88,91
89,92
89,93
89,94
89,95
89,96
89,97
88,98
88,99
87,100
87,101
87,102
86,103
87,104
87,105
86,106
86,107
85,108
85,109
85,110
84,111
83,112
83,113
82,114
82,115
81,116
80,117
80,118
79,119
79,120
78,121
77,122
14,123
15,123
16,123
17,123
18,123
19,123
20,123
21,123
22,123
23,123
24,123
25,123
26,123
29,123
30,123
31,123
77,123
12,124
13,124
27,124
28,124
32,124
33,124
34,124
76,124
11,125
35,125
36,125
75,125
10,126
37,126
38,126
39,126
74,126
9,127
40,127
41,127
42,127
73,127
8,128
43,128
44,128
72,128
8,129
45,129
46,129
47,129
48,129
71,129
8,130
49,130
50,130
53,130
54,130
55,130
68,130
69,130
70,130
8,131
51,131
52,131
56,131
57,131
58,131
66,131
67,131
8,132
59,132
60,132
61,132
62,132
63,132
64,132
65,132
7,133
7,134
6,135
6,136
6,137
5,138
5,139
5,140
5,141
5,142
5,143
5,144
5,145
4,146
4,147
4,148
4,149
4,150
4,151
4,152
4,153
5,154
4,155
4,156
4,157
4,158
4,159
3,160
3,161
4,162
4,163
4,164
3,165
3,166
4,167
4,168
3,169
3,170
3,171
3,172
3,173
3,174
2,175
2,176
2,177
3,178
3,179
3,180
3,181
3,182
3,183
3,184
3,185
2,186
2,187
2,188
2,189
2,190
2,191
2,192
2,193
2,194
1,195
1,196
1,197
1,198
1,199
1,200
1,201
2,202
2,203
2,204
2,205
2,206
2,207
2,208
2,209
2,210
2,211
1,212
1,213
1,214
1,215
1,216
1,217
1,218
1,219
1,220