81,0
81,1
81,2
81,3
80,4
80,5
80,6
80,7
80,8
80,9
80,10
80,11
80,12
80,13
80,14
80,15
80,16
81,17
81,18
81,19
81,20
80,21
80,22
80,23
80,24
80,25
80,26
80,27
80,28
80,29
80,30
79,31
79,32
79,33
79,34
79,35
80,36
80,37
79,38
79,39
79,40
79,41
79,42
79,43
79,44
79,45
79,46
79,47
79,48
79,49
79,50
79,51
79,52
79,53
79,54
79,55
79,56
79,57
79,58
79,59
79,60
79,61
78,62
78,63
79,64
79,65
79,66
79,67
78,68
78,69
78,70
78,71
78,72
78,73
78,74
78,75
78,76
78,77
78,78
78,79
78,80
78,81
78,82
78,83
78,84
78,85
77,86
20,87
21,87
22,87
23,87
24,87
25,87
26,87
77,87
18,88
19,88
27,88
28,88
77,88
17,89
29,89
77,89
16,90
30,90
77,90
15,91
31,91
32,91
77,91
14,92
33,92
77,92
13,93
34,93
35,93
77,93
12,94
36,94
77,94
11,95
37,95
77,95
10,96
38,96
39,96
76,96
9,97
40,97
41,97
76,97
9,98
42,98
76,98
8,99
43,99
75,99
7,100
44,100
75,100
6,101
45,101
46,101
75,101
6,102
47,102
74,102
6,103
48,103
49,103
50,103
51,103
73,103
5,104
52,104
73,104
4,105
53,105
71,105
72,105
4,106
54,106
55,106
56,106
57,106
69,106
70,106
4,107
58,107
59,107
60,107
64,107
65,107
66,107
68,107
4,108
61,108
62,108
63,108
67,108
3,109
3,110
2,111
2,112
2,113
1,114
1,115
1,116
1,117
1,118
1,119
1,120
1,121
1,122
1,123
1,124
0,125
0,126
0,127
0,128
0,129
0,130
0,131
0,132
0,133
0,134
0,135
0,136
0,137
1,138
1,139
1,140
0,141
0,142
0,143
0,144
0,145
0,146
1,147
1,148
1,149
1,150
1,151
1,152
2,153
2,154
2,155
2,156
2,157
3,158
3,159
3,160
59,160
60,160
61,160
62,160
63,160
64,160
65,160
4,161
56,161
57,161
58,161
66,161
67,161
4,162
54,162
55,162
68,162
69,162
70,162
4,163
52,163
53,163
71,163
5,164
50,164
51,164
71,164
5,165
49,165
71,165
6,166
47,166
48,166
72,166
7,167
46,167
73,167
7,168
44,168
45,168
73,168
8,169
43,169
74,169
9,170
42,170
75,170
10,171
41,171
76,171
11,172
40,172
76,172
12,173
39,173
76,173
13,174
37,174
38,174
77,174
14,175
36,175
77,175
15,176
35,176
77,176
16,177
34,177
77,177
17,178
32,178
33,178
77,178
18,179
19,179
20,179
30,179
31,179
77,179
21,180
22,180
23,180
24,180
25,180
26,180
27,180
28,180
29,180
77,180
77,181
77,182
77,183
77,184
77,185
77,186
77,187
77,188
77,189
77,190
77,191
77,192
77,193
77,194
77,195
77,196
77,197
77,198
78,199
78,200
78,201
78,202
78,203
78,204
78,205
78,206
78,207
78,208
78,209
78,210
78,211
78,212
78,213
78,214
78,215
78,216
77,217
77,218
77,219
77,220
77,221
77,222
77,223
77,224
77,225
77,226
77,227
77,228
77,229
77,230
77,231
77,232
77,233
77,234
77,235
77,236
78,237
78,238
78,239
78,240
78,241
78,242
78,243
78,244
78,245
78,246
78,247
78,248
78,249
78,250
78,251
78,252
78,253
77,254
77,255
77,256
77,257
78,258
78,259
78,260
78,261
78,262
78,263
78,264
78,265
78,266
78,267
78,268
78,269
78,270
78,271
78,272
78,273
78,274
78,275
78,276
78,277
78,278
79,279
79,280
79,281
79,282
79,283
79,284
79,285
79,286
79,287
80,288