2,0
1,1
1,2
1,3
2,4
2,5
2,6
2,7
2,8
2,9
2,10
2,11
2,12
2,13
2,14
2,15
2,16
3,17
2,18
2,19
3,20
3,21
3,22
3,23
3,24
3,25
3,26
3,27
2,28
2,29
3,30
3,31
3,32
3,33
2,34
2,35
2,36
2,37
3,38
3,39
3,40
3,41
3,42
3,43
3,44
3,45
2,46
2,47
3,48
3,49
3,50
3,51
3,52
3,53
3,54
3,55
3,56
3,57
3,58
3,59
3,60
4,61
3,62
3,63
3,64
3,65
4,66
4,67
3,68
3,69
4,70
4,71
4,72
4,73
4,74
4,75
4,76
4,77
4,78
4,79
4,80
4,81
55,81
4,82
54,82
56,82
57,82
58,82
59,82
60,82
4,83
53,83
61,83
62,83
63,83
64,83
65,83
5,84
51,84
52,84
66,84
5,85
49,85
50,85
67,85
5,86
48,86
68,86
5,87
46,87
47,87
69,87
5,88
45,88
70,88
5,89
44,89
71,89
5,90
43,90
72,90
6,91
42,91
73,91
6,92
41,92
73,92
6,93
40,93
74,93
6,94
39,94
75,94
7,95
38,95
75,95
7,96
37,96
75,96
7,97
35,97
36,97
76,97
8,98
34,98
76,98
9,99
32,99
33,99
76,99
9,100
30,100
31,100
76,100
9,101
28,101
29,101
76,101
10,102
11,102
27,102
77,102
12,103
24,103
25,103
26,103
78,103
13,104
14,104
15,104
16,104
19,104
20,104
21,104
22,104
23,104
78,104
17,105
18,105
79,105
79,106
78,107
78,108
78,109
79,110
79,111
79,112
79,113
80,114
80,115
80,116
80,117
80,118
80,119
80,120
80,121
80,122
81,123
81,124
81,125
81,126
81,127
81,128
81,129
81,130
81,131
81,132
81,133
81,134
80,135
80,136
80,137
80,138
80,139
80,140
79,141
79,142
79,143
18,144
19,144
20,144
21,144
22,144
78,144
17,145
23,145
24,145
25,145
78,145
14,146
15,146
16,146
26,146
27,146
78,146
13,147
28,147
29,147
78,147
12,148
30,148
31,148
77,148
11,149
32,149
33,149
77,149
11,150
34,150
35,150
77,150
11,151
36,151
76,151
10,152
37,152
75,152
10,153
38,153
74,153
9,154
39,154
74,154
8,155
40,155
73,155
8,156
41,156
72,156
8,157
42,157
43,157
72,157
8,158
44,158
71,158
8,159
45,159
46,159
71,159
8,160
47,160
71,160
7,161
48,161
49,161
70,161
7,162
50,162
69,162
7,163
51,163
69,163
7,164
52,164
53,164
68,164
7,165
54,165
65,165
66,165
67,165
7,166
54,166
64,166
7,167
55,167
56,167
57,167
62,167
63,167
7,168
58,168
59,168
60,168
61,168
7,169
6,170
6,171
6,172
6,173
6,174
6,175
6,176
6,177
5,178
5,179
5,180
5,181
5,182
5,183
5,184
5,185
5,186
5,187
5,188
5,189
5,190
4,191
4,192
4,193
4,194
4,195
5,196
4,197
4,198
4,199
4,200
4,201
4,202
4,203
4,204
4,205
5,206
4,207
4,208
4,209
4,210
4,211
4,212
4,213
4,214
4,215
4,216
4,217
4,218
4,219
4,220
4,221
4,222
4,223
4,224
4,225
4,226
4,227
4,228
4,229
4,230
4,231
4,232
4,233
4,234
4,235
4,236
4,237
3,238
3,239
3,240
3,241
3,242
3,243
3,244
3,245
3,246
3,247
3,248
2,249
1,250
1,251
1,252
1,253
1,254
1,255
1,256
1,257
1,258
1,259
1,260
1,261
1,262
0,263
1,264
0,265
0,266
0,267
0,268
0,269
0,270
0,271
0,272
0,273
0,274
0,275
0,276
1,277
1,278
1,279
1,280
0,281
1,282
1,283
2,284
2,285