85,0
85,1
84,2
84,3
84,4
84,5
84,6
84,7
84,8
84,9
84,10
85,11
85,12
84,13
84,14
84,15
84,16
84,17
84,18
84,19
83,20
83,21
83,22
83,23
83,24
83,25
83,26
83,27
83,28
82,29
82,30
82,31
82,32
82,33
82,34
81,35
81,36
81,37
81,38
81,39
80,40
80,41
80,42
81,43
81,44
81,45
80,46
80,47
80,48
80,49
80,50
80,51
80,52
80,53
80,54
80,55
79,56
79,57
79,58
79,59
78,60
78,61
78,62
78,63
78,64
78,65
78,66
78,67
78,68
78,69
78,70
77,71
77,72
77,73
77,74
77,75
77,76
77,77
76,78
76,79
76,80
20,81
21,81
22,81
23,81
25,81
26,81
76,81
17,82
18,82
19,82
24,82
27,82
28,82
29,82
75,82
15,83
16,83
30,83
31,83
75,83
14,84
32,84
33,84
74,84
13,85
34,85
35,85
74,85
12,86
36,86
37,86
73,86
11,87
38,87
73,87
9,88
10,88
39,88
40,88
41,88
73,88
8,89
42,89
72,89
8,90
43,90
71,90
7,91
44,91
45,91
71,91
6,92
46,92
70,92
6,93
47,93
48,93
69,93
5,94
49,94
50,94
67,94
68,94
5,95
51,95
52,95
55,95
66,95
4,96
53,96
54,96
56,96
58,96
59,96
64,96
65,96
4,97
57,97
60,97
61,97
62,97
63,97
3,98
3,99
3,100
2,101
2,102
1,103
1,104
1,105
1,106
1,107
1,108
1,109
1,110
1,111
1,112
1,113
1,114
1,115
1,116
1,117
0,118
0,119
0,120
0,121
0,122
0,123
0,124
0,125
0,126
0,127
0,128
0,129
0,130
0,131
0,132
0,133
0,134
0,135
0,136
0,137
0,138
0,139
1,140
1,141
2,142
2,143
2,144
2,145
2,146
2,147
2,148
2,149
2,150
3,151
3,152
3,153
3,154
4,155
4,156
60,156
61,156
62,156
63,156
64,156
65,156
66,156
67,156
68,156
5,157
59,157
69,157
70,157
5,158
56,158
57,158
58,158
71,158
72,158
5,159
53,159
54,159
55,159
73,159
5,160
51,160
52,160
73,160
6,161
49,161
50,161
74,161
6,162
47,162
48,162
75,162
7,163
46,163
75,163
7,164
44,164
45,164
76,164
8,165
42,165
43,165
76,165
9,166
41,166
77,166
9,167
40,167
77,167
10,168
39,168
77,168
11,169
38,169
78,169
12,170
13,170
36,170
37,170
79,170
14,171
34,171
35,171
80,171
15,172
16,172
33,172
80,172
17,173
31,173
32,173
80,173
18,174
19,174
20,174
27,174
28,174
29,174
30,174
80,174
21,175
22,175
23,175
26,175
80,175
24,176
25,176
81,176
81,177
81,178
81,179
81,180
81,181
81,182
81,183
81,184
81,185
81,186
81,187
82,188
82,189
82,190
82,191
82,192
82,193
82,194
82,195
82,196
82,197
82,198
82,199
82,200
82,201
83,202
83,203
83,204
84,205
84,206
84,207
84,208
84,209
84,210
84,211
84,212
84,213
84,214
84,215
84,216
84,217
84,218
84,219
84,220
84,221
84,222
83,223
83,224
83,225
83,226
83,227
84,228
84,229
84,230