70,0
70,1
70,2
70,3
70,4
70,5
70,6
70,7
70,8
70,9
70,10
71,11
71,12
71,13
71,14
71,15
71,16
71,17
71,18
72,19
71,20
71,21
71,22
71,23
71,24
71,25
72,26
72,27
72,28
72,29
72,30
71,31
71,32
71,33
72,34
72,35
72,36
72,37
71,38
71,39
71,40
72,41
73,42
73,43
72,44
72,45
72,46
72,47
72,48
72,49
73,50
73,51
73,52
73,53
73,54
73,55
73,56
74,57
74,58
74,59
73,60
73,61
73,62
73,63
73,64
74,65
74,66
74,67
74,68
74,69
74,70
74,71
74,72
75,73
74,74
74,75
74,76
74,77
74,78
74,79
74,80
75,81
75,82
75,83
75,84
75,85
75,86
75,87
75,88
75,89
75,90
75,91
75,92
76,93
76,94
76,95
76,96
76,97
76,98
76,99
76,100
76,101
76,102
17,103
18,103
19,103
20,103
21,103
22,103
24,103
25,103
76,103
16,104
23,104
26,104
27,104
28,104
76,104
14,105
15,105
29,105
31,105
76,105
13,106
30,106
32,106
33,106
34,106
76,106
12,107
35,107
76,107
11,108
36,108
76,108
10,109
37,109
38,109
39,109
75,109
9,110
40,110
41,110
75,110
9,111
42,111
75,111
9,112
43,112
75,112
8,113
44,113
75,113
7,114
45,114
46,114
48,114
75,114
6,115
47,115
49,115
74,115
6,116
50,116
73,116
6,117
51,117
72,117
5,118
52,118
71,118
5,119
53,119
54,119
56,119
71,119
4,120
55,120
57,120
58,120
59,120
71,120
3,121
60,121
61,121
63,121
64,121
65,121
66,121
69,121
70,121
3,122
62,122
67,122
68,122
2,123
3,124
3,125
2,126
2,127
2,128
2,129
2,130
1,131
2,132
2,133
2,134
1,135
1,136
0,137
1,138
1,139
2,140
2,141
2,142
1,143
1,144
1,145
1,146
2,147
3,148
3,149
3,150
4,151
4,152
4,153
4,154
5,155
5,156
5,157
5,158
6,159
6,160
6,161
7,162
8,163
8,164
9,165
9,166
10,167
10,168
62,168
63,168
11,169
12,169
59,169
60,169
61,169
64,169
65,169
67,169
68,169
13,170
55,170
56,170
57,170
58,170
66,170
69,170
13,171
52,171
53,171
54,171
70,171
14,172
51,172
71,172
15,173
48,173
49,173
50,173
71,173
16,174
45,174
46,174
47,174
72,174
17,175
44,175
73,175
18,176
19,176
43,176
73,176
20,177
21,177
40,177
41,177
42,177
74,177
22,178
38,178
39,178
74,178
23,179
24,179
36,179
37,179
74,179
25,180
26,180
27,180
29,180
30,180
31,180
32,180
33,180
34,180
35,180
74,180
28,181
74,181
75,182
75,183
75,184
75,185
75,186
75,187
75,188
76,189
76,190
76,191
76,192
76,193
76,194
75,195
75,196
76,197
75,198
75,199
75,200
75,201
75,202
75,203
75,204
75,205
75,206
75,207
75,208
75,209
75,210
75,211
74,212
75,213
75,214
75,215
75,216
75,217
75,218
74,219
75,220
75,221
74,222
74,223
74,224
74,225
74,226
74,227
75,228
75,229
74,230
74,231
73,232
73,233
73,234
73,235
74,236
74,237
74,238
74,239
73,240
73,241
73,242
73,243
74,244
74,245
74,246
73,247
73,248
73,249
72,250
72,251
73,252
73,253
73,254
72,255
72,256
72,257
72,258
73,259
73,260
73,261
73,262
72,263
72,264
72,265
71,266
72,267
72,268
72,269
72,270
72,271
72,272
71,273
71,274
72,275
72,276
72,277
72,278
71,279
71,280
71,281
71,282
72,283
72,284
71,285
71,286
71,287
71,288
71,289
70,290
71,291
71,292
71,293
71,294
71,295
70,296
70,297
71,298
71,299
71,300
71,301
70,302
70,303
70,304