229,0
230,0
231,0
232,0
233,0
234,0
235,0
236,0
237,0
238,0
239,0
240,0
242,0
243,0
244,0
245,0
226,1
227,1
228,1
241,1
246,1
247,1
248,1
224,2
225,2
249,2
250,2
251,2
222,3
223,3
252,3
253,3
254,3
218,4
219,4
220,4
221,4
255,4
217,5
256,5
257,5
215,6
216,6
258,6
214,7
259,7
260,7
261,7
213,8
262,8
263,8
213,9
264,9
211,10
212,10
265,10
210,11
266,11
208,12
209,12
267,12
207,13
268,13
206,14
269,14
205,15
269,15
204,16
270,16
203,17
271,17
202,18
271,18
201,19
272,19
200,20
272,20
200,21
273,21
199,22
273,22
198,23
273,23
198,24
273,24
198,25
273,25
198,26
273,26
197,27
273,27
197,28
272,28
197,29
272,29
197,30
272,30
197,31
272,31
197,32
272,32
197,33
271,33
197,34
271,34
197,35
271,35
198,36
272,36
199,37
272,37
199,38
271,38
199,39
271,39
199,40
271,40
199,41
270,41
200,42
270,42
200,43
270,43
200,44
270,44
201,45
270,45
201,46
269,46
201,47
269,47
202,48
268,48
202,49
268,49
202,50
268,50
203,51
268,51
203,52
268,52
203,53
267,53
203,54
267,54
204,55
267,55
205,56
267,56
205,57
266,57
205,58
266,58
205,59
266,59
205,60
266,60
206,61
266,61
206,62
266,62
206,63
267,63
207,64
267,64
207,65
268,65
368,65
369,65
370,65
371,65
372,65
373,65
374,65
375,65
376,65
377,65
208,66
269,66
358,66
359,66
360,66
361,66
362,66
363,66
364,66
365,66
366,66
367,66
378,66
208,67
270,67
347,67
348,67
349,67
353,67
354,67
355,67
356,67
357,67
379,67
207,68
271,68
272,68
333,68
334,68
335,68
336,68
337,68
338,68
339,68
340,68
341,68
342,68
343,68
344,68
345,68
346,68
350,68
351,68
352,68
379,68
207,69
273,69
274,69
330,69
331,69
332,69
380,69
207,70
275,70
276,70
322,70
323,70
324,70
325,70
326,70
327,70
328,70
329,70
380,70
206,71
277,71
278,71
279,71
280,71
305,71
306,71
307,71
308,71
309,71
310,71
311,71
312,71
313,71
314,71
315,71
316,71
317,71
318,71
319,71
320,71
321,71
380,71
206,72
281,72
282,72
287,72
288,72
289,72
290,72
291,72
301,72
302,72
303,72
304,72
380,72
204,73
205,73
283,73
284,73
285,73
286,73
292,73
293,73
294,73
295,73
296,73
297,73
298,73
299,73
300,73
380,73
203,74
380,74
98,75
201,75
202,75
380,75
80,76
81,76
82,76
83,76
84,76
85,76
86,76
87,76
88,76
89,76
90,76
91,76
92,76
93,76
94,76
95,76
96,76
97,76
99,76
100,76
101,76
102,76
103,76
104,76
105,76
106,76
107,76
108,76
109,76
110,76
127,76
128,76
129,76
199,76
200,76
380,76
79,77
111,77
112,77
113,77
114,77
115,77
116,77
117,77
118,77
119,77
120,77
121,77
125,77
126,77
130,77
131,77
132,77
133,77
134,77
135,77
136,77
137,77
197,77
198,77
380,77
78,78
122,78
123,78
124,78
138,78
139,78
140,78
141,78
142,78
143,78
144,78
145,78
146,78
147,78
156,78
157,78
158,78
159,78
160,78
161,78
162,78
163,78
164,78
165,78
166,78
167,78
168,78
169,78
170,78
171,78
193,78
194,78
195,78
196,78
380,78
78,79
148,79
149,79
150,79
151,79
152,79
153,79
154,79
155,79
172,79
173,79
174,79
175,79
176,79
177,79
178,79
183,79
184,79
185,79
186,79
187,79
188,79
189,79
190,79
191,79
192,79
381,79
77,80
179,80
180,80
181,80
182,80
381,80
77,81
381,81
77,82
381,82
77,83
381,83
77,84
381,84
77,85
381,85
77,86
381,86
77,87
381,87
77,88
381,88
77,89
381,89
77,90
381,90
77,91
381,91
78,92
382,92
78,93
382,93
78,94
382,94
77,95
382,95
77,96
382,96
78,97
382,97
78,98
382,98
78,99
382,99
78,100
382,100
78,101
383,101
78,102
383,102
78,103
383,103
78,104
383,104
78,105
383,105
78,106
383,106
78,107
383,107
78,108
383,108
78,109
383,109
79,110
383,110
79,111
383,111
79,112
383,112
79,113
383,113
79,114
383,114
79,115
383,115
79,116
383,116
79,117
384,117
79,118
384,118
80,119
383,119
80,120
384,120
80,121
384,121
80,122
384,122
80,123
384,123
79,124
384,124
79,125
384,125
80,126
384,126
81,127
384,127
80,128
384,128
80,129
385,129
80,130
384,130
80,131
331,131
384,131
80,132
319,132
320,132
321,132
322,132
323,132
324,132
325,132
326,132
327,132
328,132
329,132
330,132
332,132
333,132
384,132
80,133
317,133
318,133
334,133
335,133
336,133
383,133
81,134
316,134
337,134
338,134
383,134
81,135
314,135
315,135
339,135
340,135
341,135
342,135
383,135
81,136
313,136
343,136
344,136
382,136
81,137
313,137
345,137
346,137
382,137
81,138
312,138
347,138
381,138
81,139
311,139
348,139
349,139
381,139
81,140
311,140
350,140
351,140
380,140
18,141
19,141
20,141
21,141
22,141
23,141
24,141
25,141
26,141
27,141
28,141
29,141
80,141
310,141
352,141
353,141
380,141
15,142
16,142
17,142
30,142
31,142
80,142
309,142
354,142
355,142
356,142
360,142
378,142
379,142
13,143
14,143
32,143
33,143
34,143
79,143
308,143
357,143
358,143
359,143
361,143
362,143
363,143
364,143
376,143
377,143
12,144
35,144
36,144
79,144
308,144
365,144
366,144
367,144
368,144
369,144
370,144
371,144
372,144
373,144
374,144
375,144
12,145
37,145
38,145
39,145
41,145
42,145
79,145
307,145
11,146
40,146
43,146
44,146
79,146
306,146
10,147
45,147
46,147
78,147
306,147
10,148
47,148
48,148
49,148
78,148
306,148
8,149
9,149
50,149
77,149
305,149
7,150
51,150
76,150
305,150
7,151
51,151
76,151
305,151
6,152
52,152
53,152
54,152
55,152
56,152
57,152
75,152
305,152
6,153
58,153
73,153
74,153
305,153
5,154
59,154
60,154
71,154
72,154
304,154
5,155
61,155
62,155
63,155
69,155
70,155
304,155
5,156
64,156
65,156
66,156
67,156
68,156
304,156
5,157
303,157
4,158
303,158
4,159
303,159
4,160
302,160
3,161
302,161
3,162
302,162
2,163
303,163
2,164
303,164
2,165
303,165
1,166
302,166
1,167
302,167
1,168
302,168
1,169
302,169
1,170
302,170
0,171
303,171
0,172
303,172
0,173
304,173
0,174
304,174
0,175
304,175
0,176
304,176
0,177
305,177
0,178
305,178
0,179
305,179
1,180
306,180
1,181
307,181
1,182
308,182
1,183
308,183
2,184
309,184
3,185
309,185
3,186
310,186
374,186
375,186
4,187
311,187
370,187
371,187
372,187
373,187
376,187
377,187
378,187
5,188
312,188
367,188
368,188
369,188
379,188
380,188
381,188
5,189
312,189
364,189
365,189
366,189
382,189
6,190
313,190
362,190
363,190
383,190
6,191
313,191
361,191
384,191
7,192
314,192
361,192
384,192
7,193
71,193
72,193
73,193
74,193
75,193
315,193
360,193
385,193
8,194
67,194
68,194
69,194
70,194
76,194
316,194
359,194
385,194
8,195
63,195
64,195
65,195
66,195
77,195
317,195
356,195
357,195
358,195
386,195
9,196
61,196
62,196
78,196
318,196
355,196
386,196
10,197
60,197
79,197
319,197
354,197
387,197
10,198
59,198
80,198
320,198
352,198
353,198
387,198
11,199
58,199
81,199
320,199
350,199
351,199
387,199
11,200
55,200
56,200
57,200
81,200
321,200
322,200
348,200
349,200
387,200
12,201
13,201
52,201
53,201
54,201
81,201
323,201
324,201
347,201
387,201
14,202
51,202
82,202
325,202
344,202
345,202
346,202
388,202
15,203
50,203
82,203
326,203
327,203
343,203
388,203
16,204
49,204
82,204
328,204
329,204
330,204
331,204
332,204
333,204
334,204
335,204
336,204
337,204
338,204
339,204
340,204
341,204
342,204
388,204
17,205
46,205
47,205
48,205
82,205
388,205
18,206
45,206
82,206
388,206
19,207
43,207
44,207
82,207
389,207
20,208
42,208
82,208
389,208
21,209
22,209
23,209
41,209
82,209
389,209
24,210
25,210
40,210
83,210
390,210
26,211
27,211
28,211
38,211
39,211
83,211
216,211
217,211
218,211
219,211
220,211
221,211
390,211
29,212
30,212
31,212
32,212
33,212
34,212
35,212
36,212
37,212
84,212
196,212
197,212
198,212
199,212
200,212
201,212
202,212
203,212
204,212
205,212
206,212
207,212
208,212
209,212
210,212
211,212
212,212
213,212
214,212
215,212
222,212
223,212
224,212
225,212
226,212
390,212
84,213
189,213
190,213
191,213
192,213
193,213
194,213
195,213
227,213
228,213
229,213
230,213
231,213
390,213
84,214
187,214
188,214
232,214
233,214
234,214
235,214
390,214
84,215
186,215
236,215
237,215
390,215
84,216
180,216
181,216
182,216
183,216
184,216
185,216
238,216
390,216
84,217
177,217
178,217
179,217
239,217
390,217
84,218
176,218
240,218
241,218
390,218
84,219
173,219
174,219
175,219
242,219
390,219
84,220
171,220
172,220
243,220
244,220
245,220
390,220
83,221
169,221
170,221
246,221
390,221
83,222
168,222
247,222
390,222
83,223
167,223
248,223
390,223
83,224
166,224
249,224
390,224
83,225
165,225
249,225
390,225
83,226
164,226
250,226
390,226
83,227
163,227
251,227
390,227
83,228
162,228
251,228
391,228
83,229
161,229
252,229
391,229
83,230
161,230
253,230
391,230
82,231
160,231
253,231
390,231
83,232
160,232
253,232
391,232
82,233
160,233
253,233
391,233
82,234
159,234
254,234
391,234
82,235
159,235
254,235
390,235
81,236
159,236
254,236
391,236
81,237
159,237
254,237
392,237
81,238
158,238
255,238
392,238
81,239
158,239
254,239
392,239
81,240
159,240
160,240
254,240
392,240
82,241
161,241
253,241
392,241
82,242
161,242
253,242
392,242
82,243
161,243
252,243
392,243
82,244
162,244
251,244
391,244
82,245
162,245
251,245
391,245
82,246
163,246
250,246
392,246
82,247
163,247
250,247
392,247
81,248
164,248
249,248
392,248
81,249
165,249
248,249
391,249
81,250
166,250
247,250
391,250
81,251
167,251
246,251
391,251
81,252
168,252
246,252
392,252
81,253
169,253
246,253
392,253
81,254
169,254
245,254
392,254
81,255
170,255
244,255
392,255
81,256
171,256
244,256
392,256
81,257
172,257
243,257
392,257
81,258
172,258
243,258
392,258
80,259
173,259
242,259
392,259
80,260
174,260
241,260
392,260
80,261
175,261
241,261
392,261
80,262
175,262
241,262
393,262
80,263
176,263
240,263
393,263
80,264
176,264
240,264
393,264
80,265
176,265
240,265
394,265
79,266
177,266
239,266
394,266
79,267
177,267
239,267
394,267
79,268
177,268
240,268
394,268
79,269
178,269
240,269
394,269
80,270
179,270
239,270
394,270
79,271
179,271
239,271
394,271
79,272
180,272
239,272
394,272
79,273
180,273
239,273
394,273
79,274
180,274
239,274
394,274
79,275
181,275
239,275
394,275
79,276
181,276
239,276
394,276
79,277
181,277
239,277
394,277
79,278
181,278
240,278
394,278
79,279
181,279
241,279
394,279
79,280
181,280
242,280
393,280
78,281
181,281
242,281
393,281
78,282
181,282
243,282
393,282
78,283
180,283
244,283
245,283
246,283
247,283
393,283
78,284
179,284
248,284
249,284
393,284
78,285
178,285
250,285
393,285
78,286
176,286
177,286
251,286
252,286
253,286
393,286
78,287
175,287
254,287
255,287
256,287
257,287
393,287
78,288
174,288
258,288
259,288
260,288
261,288
262,288
263,288
264,288
265,288
266,288
267,288
268,288
269,288
275,288
276,288
277,288
278,288
279,288
280,288
281,288
282,288
283,288
284,288
285,288
286,288
287,288
288,288
289,288
290,288
291,288
292,288
293,288
294,288
295,288
296,288
297,288
298,288
299,288
300,288
301,288
302,288
304,288
305,288
306,288
307,288
308,288
309,288
310,288
311,288
312,288
313,288
314,288
315,288
316,288
317,288
318,288
319,288
320,288
321,288
333,288
334,288
335,288
391,288
392,288
78,289
173,289
270,289
271,289
272,289
273,289
274,289
303,289
322,289
323,289
324,289
325,289
326,289
327,289
328,289
329,289
330,289
331,289
332,289
336,289
337,289
338,289
339,289
340,289
341,289
342,289
343,289
344,289
345,289
346,289
347,289
348,289
349,289
350,289
351,289
352,289
353,289
354,289
355,289
356,289
362,289
363,289
364,289
365,289
366,289
367,289
368,289
370,289
371,289
372,289
390,289
78,290
170,290
171,290
172,290
357,290
358,290
359,290
360,290
361,290
369,290
373,290
374,290
375,290
376,290
377,290
378,290
379,290
380,290
381,290
382,290
383,290
384,290
385,290
386,290
387,290
388,290
389,290
77,291
168,291
169,291
77,292
164,292
165,292
166,292
167,292
77,293
160,293
161,293
162,293
163,293
77,294
153,294
154,294
155,294
156,294
157,294
158,294
159,294
77,295
143,295
144,295
145,295
146,295
147,295
148,295
149,295
150,295
151,295
152,295
77,296
131,296
132,296
133,296
134,296
135,296
136,296
137,296
138,296
139,296
140,296
141,296
142,296
76,297
121,297
122,297
123,297
124,297
125,297
126,297
127,297
128,297
129,297
130,297
76,298
113,298
114,298
115,298
116,298
117,298
118,298
119,298
120,298
77,299
102,299
103,299
104,299
105,299
106,299
107,299
108,299
109,299
110,299
111,299
112,299
77,300
95,300
96,300
97,300
98,300
99,300
100,300
101,300
78,301
79,301
80,301
81,301
82,301
83,301
84,301
85,301
86,301
87,301
88,301
89,301
90,301
91,301
92,301
93,301
94,301