78,0
77,1
77,2
77,3
77,4
77,5
77,6
78,7
77,8
77,9
77,10
77,11
76,12
77,13
77,14
77,15
77,16
78,17
77,18
77,19
77,20
77,21
77,22
77,23
77,24
77,25
77,26
77,27
76,28
77,29
77,30
77,31
76,32
76,33
76,34
76,35
76,36
76,37
76,38
76,39
76,40
76,41
75,42
76,43
76,44
76,45
76,46
76,47
76,48
76,49
76,50
76,51
76,52
76,53
76,54
76,55
76,56
76,57
76,58
75,59
75,60
75,61
22,62
23,62
75,62
19,63
20,63
21,63
24,63
25,63
26,63
27,63
28,63
75,63
17,64
18,64
29,64
75,64
16,65
30,65
31,65
75,65
14,66
15,66
32,66
33,66
74,66
13,67
34,67
74,67
12,68
35,68
74,68
10,69
11,69
36,69
73,69
9,70
37,70
38,70
73,70
9,71
39,71
72,71
9,72
40,72
72,72
8,73
41,73
42,73
71,73
7,74
43,74
71,74
6,75
44,75
45,75
71,75
7,76
46,76
47,76
70,76
5,77
6,77
48,77
49,77
69,77
4,78
50,78
68,78
5,79
51,79
52,79
67,79
4,80
53,80
54,80
55,80
56,80
57,80
62,80
63,80
64,80
65,80
66,80
4,81
58,81
59,81
60,81
61,81
4,82
4,83
3,84
3,85
3,86
3,87
2,88
2,89
2,90
1,91
2,92
1,93
1,94
1,95
1,96
1,97
1,98
1,99
0,100
0,101
0,102
0,103
0,104
1,105
1,106
1,107
1,108
1,109
1,110
1,111
1,112
1,113
1,114
1,115
1,116
1,117
1,118
1,119
1,120
1,121
1,122
1,123
1,124
1,125
1,126
1,127
1,128
1,129
2,130
2,131
2,132
3,133
3,134
3,135
3,136
3,137
4,138
4,139
4,140
4,141
4,142
4,143
5,144
6,145
6,146
6,147
6,148
68,148
69,148
7,149
60,149
61,149
62,149
63,149
64,149
65,149
66,149
67,149
70,149
71,149
7,150
57,150
58,150
59,150
72,150
8,151
55,151
56,151
73,151
74,151
8,152
53,152
54,152
75,152
9,153
52,153
75,153
9,154
49,154
50,154
51,154
75,154
10,155
11,155
47,155
48,155
75,155
12,156
46,156
76,156
13,157
45,157
76,157
14,158
15,158
42,158
43,158
44,158
76,158
16,159
41,159
77,159
17,160
40,160
77,160
18,161
19,161
39,161
78,161
20,162
39,162
78,162
21,163
22,163
23,163
37,163
38,163
78,163
24,164
25,164
33,164
34,164
35,164
36,164
79,164
26,165
27,165
28,165
29,165
30,165
31,165
32,165
79,165
79,166
79,167
79,168
79,169
79,170
79,171
79,172
78,173
78,174
78,175
78,176
78,177
78,178
77,179
77,180
77,181
77,182
77,183
77,184
77,185
77,186
77,187
78,188
79,189
79,190
79,191
79,192
79,193
79,194
79,195
79,196
79,197
79,198
79,199
79,200
78,201
78,202
78,203
78,204
78,205
78,206
78,207
78,208
78,209
78,210
78,211
78,212
78,213
78,214
78,215
78,216
78,217
79,218
79,219
78,220
79,221
79,222
79,223
79,224
79,225
79,226
78,227
78,228
78,229
78,230
78,231
79,232
79,233
79,234
78,235
78,236
78,237
78,238
78,239
78,240
78,241
78,242
78,243
78,244
78,245
77,246
78,247
78,248
78,249
78,250
78,251
78,252
78,253
78,254
78,255
78,256
78,257
78,258
78,259
78,260
78,261
78,262
78,263
78,264
78,265
78,266
78,267
78,268
78,269
77,270
77,271
77,272
77,273
77,274
78,275
78,276
78,277
78,278
78,279
78,280
78,281
78,282
78,283
78,284
78,285
78,286
78,287
78,288
78,289
78,290
78,291
78,292
78,293