80,0
80,1
80,2
80,3
80,4
80,5
80,6
80,7
80,8
80,9
80,10
80,11
80,12
80,13
80,14
80,15
80,16
80,17
80,18
80,19
80,20
80,21
80,22
80,23
80,24
80,25
80,26
80,27
80,28
80,29
81,30
81,31
81,32
81,33
80,34
81,35
81,36
81,37
81,38
81,39
81,40
81,41
80,42
80,43
80,44
80,45
80,46
80,47
80,48
80,49
80,50
80,51
80,52
81,53
80,54
80,55
80,56
80,57
80,58
81,59
81,60
81,61
81,62
81,63
81,64
81,65
81,66
81,67
26,68
27,68
81,68
25,69
28,69
29,69
30,69
31,69
32,69
81,69
24,70
33,70
34,70
35,70
36,70
81,70
23,71
37,71
80,71
20,72
21,72
22,72
37,72
80,72
19,73
38,73
80,73
18,74
39,74
80,74
16,75
17,75
40,75
80,75
15,76
41,76
42,76
79,76
14,77
43,77
79,77
13,78
44,78
45,78
78,78
12,79
46,79
78,79
11,80
46,80
78,80
10,81
47,81
77,81
9,82
48,82
77,82
9,83
49,83
76,83
8,84
50,84
76,84
8,85
51,85
53,85
75,85
7,86
52,86
54,86
74,86
6,87
55,87
74,87
6,88
56,88
57,88
58,88
73,88
6,89
59,89
60,89
61,89
71,89
72,89
6,90
62,90
64,90
66,90
67,90
68,90
70,90
6,91
63,91
65,91
69,91
6,92
5,93
5,94
4,95
4,96
3,97
3,98
3,99
3,100
2,101
2,102
2,103
2,104
2,105
1,106
1,107
1,108
1,109
1,110
1,111
1,112
0,113
0,114
0,115
0,116
1,117
1,118
1,119
1,120
1,121
1,122
1,123
1,124
1,125
0,126
0,127
1,128
1,129
1,130
1,131
1,132
1,133
1,134
1,135
1,136
1,137
2,138
2,139
2,140
2,141
2,142
2,143
3,144
3,145
4,146
4,147
4,148
5,149
5,150
5,151
59,151
6,152
57,152
58,152
60,152
61,152
62,152
63,152
64,152
65,152
66,152
6,153
54,153
55,153
56,153
67,153
6,154
52,154
53,154
68,154
69,154
7,155
50,155
51,155
70,155
7,156
49,156
71,156
8,157
46,157
47,157
48,157
72,157
8,158
44,158
45,158
72,158
9,159
43,159
73,159
10,160
40,160
41,160
42,160
73,160
11,161
38,161
39,161
73,161
12,162
37,162
73,162
13,163
33,163
34,163
35,163
36,163
74,163
14,164
31,164
32,164
74,164
15,165
27,165
28,165
29,165
30,165
74,165
16,166
25,166
26,166
74,166
17,167
18,167
19,167
20,167
21,167
22,167
23,167
24,167
74,167
74,168
74,169
75,170
75,171
75,172
76,173
76,174
76,175
76,176
76,177
76,178
76,179
77,180
77,181
77,182
77,183
77,184
77,185
78,186
78,187
78,188
78,189
79,190
79,191
79,192
79,193
79,194
79,195
78,196
78,197
78,198
78,199
78,200
78,201
79,202
78,203
78,204
78,205
78,206
78,207
79,208
79,209
79,210
79,211
79,212
79,213
79,214
79,215
79,216
79,217
79,218
79,219
79,220
79,221
79,222
79,223
79,224
79,225
78,226
78,227
78,228
78,229
78,230
78,231
78,232
78,233
79,234