2,0
2,1
3,2
3,3
3,4
3,5
3,6
3,7
3,8
3,9
3,10
3,11
3,12
3,13
3,14
3,15
3,16
3,17
3,18
3,19
3,20
3,21
3,22
3,23
3,24
2,25
2,26
2,27
2,28
2,29
2,30
2,31
2,32
3,33
3,34
3,35
2,36
2,37
2,38
2,39
2,40
2,41
2,42
2,43
2,44
2,45
2,46
2,47
2,48
3,49
3,50
3,51
3,52
3,53
3,54
3,55
3,56
3,57
3,58
3,59
3,60
2,61
2,62
2,63
3,64
3,65
3,66
3,67
3,68
3,69
3,70
3,71
59,71
60,71
61,71
62,71
65,71
66,71
3,72
54,72
55,72
56,72
57,72
58,72
63,72
64,72
67,72
68,72
3,73
53,73
69,73
4,74
50,74
51,74
52,74
70,74
71,74
4,75
49,75
72,75
73,75
4,76
47,76
48,76
74,76
4,77
46,77
75,77
5,78
44,78
45,78
76,78
5,79
42,79
43,79
76,79
6,80
40,80
41,80
77,80
6,81
38,81
39,81
78,81
6,82
36,82
37,82
79,82
6,83
35,83
79,83
7,84
34,84
79,84
7,85
33,85
80,85
8,86
31,86
32,86
81,86
8,87
29,87
30,87
82,87
9,88
10,88
26,88
27,88
28,88
82,88
11,89
23,89
24,89
25,89
82,89
12,90
13,90
16,90
17,90
19,90
20,90
21,90
22,90
83,90
14,91
15,91
18,91
83,91
84,92
84,93
85,94
85,95
86,96
86,97
86,98
86,99
87,100
87,101
87,102
88,103
88,104
88,105
88,106
88,107
87,108
88,109
88,110
88,111
88,112
87,113
87,114
87,115
87,116
87,117
87,118
87,119
87,120
86,121
86,122
86,123
85,124
85,125
85,126
85,127
84,128
18,129
24,129
84,129
15,130
16,130
17,130
19,130
20,130
21,130
22,130
23,130
25,130
84,130
12,131
13,131
14,131
26,131
83,131
11,132
27,132
28,132
29,132
83,132
11,133
30,133
31,133
82,133
10,134
32,134
33,134
34,134
82,134
10,135
35,135
36,135
81,135
9,136
37,136
80,136
9,137
38,137
39,137
80,137
8,138
40,138
79,138
8,139
41,139
79,139
7,140
42,140
43,140
78,140
7,141
44,141
45,141
46,141
77,141
7,142
47,142
77,142
7,143
47,143
76,143
6,144
48,144
49,144
75,144
6,145
50,145
51,145
74,145
6,146
52,146
53,146
73,146
6,147
54,147
55,147
72,147
5,148
56,148
57,148
58,148
69,148
70,148
71,148
5,149
59,149
60,149
61,149
62,149
63,149
65,149
67,149
68,149
5,150
64,150
66,150
5,151
5,152
5,153
5,154
5,155
5,156
5,157
5,158
5,159
5,160
5,161
5,162
5,163
5,164
5,165
5,166
5,167
4,168
4,169
4,170
4,171
4,172
3,173
4,174
4,175
4,176
4,177
4,178
4,179
4,180
4,181
4,182
4,183
4,184
4,185
4,186
4,187
4,188
3,189
3,190
3,191
3,192
3,193
3,194
3,195
3,196
3,197
3,198
3,199
3,200
3,201
3,202
3,203
3,204
3,205
3,206
2,207
2,208
2,209
2,210
2,211
2,212
2,213
2,214
2,215
2,216
2,217
2,218
2,219
2,220
2,221
2,222
2,223
2,224
2,225
2,226
2,227
2,228
2,229
2,230
2,231
2,232
2,233
2,234
2,235
2,236
1,237
1,238
0,239
0,240
0,241
1,242
2,243