2,0
2,1
2,2
2,3
2,4
1,5
1,6
1,7
1,8
1,9
1,10
1,11
1,12
0,13
1,14
1,15
1,16
1,17
1,18
1,19
2,20
2,21
2,22
1,23
1,24
0,25
0,26
0,27
1,28
2,29
2,30
2,31
1,32
1,33
1,34
1,35
1,36
1,37
1,38
1,39
1,40
1,41
1,42
1,43
2,44
1,45
1,46
1,47
1,48
1,49
1,50
1,51
1,52
1,53
1,54
1,55
1,56
1,57
1,58
2,59
2,60
2,61
1,62
1,63
1,64
1,65
1,66
1,67
1,68
1,69
1,70
1,71
1,72
0,73
1,74
1,75
57,75
58,75
59,75
60,75
61,75
62,75
63,75
66,75
67,75
2,76
54,76
55,76
56,76
64,76
65,76
68,76
2,77
52,77
53,77
69,77
2,78
51,78
70,78
2,79
50,79
71,79
2,80
49,80
72,80
2,81
47,81
48,81
73,81
2,82
45,82
46,82
74,82
2,83
44,83
74,83
2,84
43,84
75,84
3,85
41,85
42,85
75,85
3,86
40,86
76,86
77,86
3,87
39,87
78,87
3,88
37,88
38,88
78,88
4,89
36,89
78,89
5,90
35,90
79,90
6,91
34,91
79,91
7,92
32,92
33,92
79,92
8,93
30,93
31,93
80,93
9,94
10,94
27,94
28,94
29,94
80,94
11,95
12,95
13,95
14,95
15,95
21,95
22,95
23,95
24,95
25,95
26,95
80,95
16,96
17,96
18,96
19,96
20,96
81,96
81,97
82,98
82,99
82,100
82,101
83,102
83,103
84,104
84,105
84,106
84,107
84,108
84,109
84,110
84,111
84,112
84,113
84,114
84,115
84,116
85,117
85,118
85,119
85,120
84,121
84,122
84,123
84,124
84,125
84,126
83,127
83,128
83,129
83,130
83,131
83,132
83,133
83,134
82,135
82,136
14,137
15,137
16,137
82,137
10,138
11,138
12,138
13,138
17,138
18,138
19,138
20,138
21,138
22,138
23,138
81,138
9,139
24,139
25,139
26,139
80,139
8,140
27,140
28,140
80,140
7,141
29,141
80,141
7,142
30,142
79,142
7,143
31,143
32,143
78,143
6,144
33,144
34,144
77,144
5,145
35,145
77,145
5,146
36,146
77,146
4,147
36,147
77,147
4,148
37,148
38,148
39,148
40,148
76,148
4,149
41,149
76,149
3,150
42,150
75,150
3,151
43,151
44,151
75,151
3,152
45,152
74,152
2,153
46,153
72,153
73,153
2,154
47,154
71,154
2,155
48,155
49,155
70,155
2,156
50,156
69,156
2,157
51,157
68,157
2,158
52,158
53,158
54,158
55,158
56,158
62,158
63,158
66,158
67,158
1,159
57,159
58,159
61,159
64,159
65,159
1,160
59,160
60,160
1,161
1,162
1,163
1,164
2,165
2,166
2,167
2,168
1,169
1,170
1,171
1,172
1,173
1,174
1,175
1,176
1,177
1,178
1,179
2,180
2,181
2,182
2,183
2,184
2,185
1,186
1,187
1,188
1,189
1,190
1,191
1,192
1,193
1,194
2,195
2,196
2,197
2,198
2,199
2,200
2,201
1,202
1,203
1,204
1,205
1,206
1,207
1,208
1,209
2,210
1,211
1,212
1,213
2,214
2,215
2,216
2,217
2,218
1,219
1,220
1,221
1,222
1,223
1,224
2,225
2,226
2,227
2,228
1,229
1,230
1,231
1,232
1,233
1,234
1,235
0,236