178,0
179,0
180,0
181,0
182,0
183,0
184,0
188,0
172,1
173,1
174,1
175,1
176,1
177,1
185,1
186,1
187,1
189,1
190,1
168,2
169,2
170,2
171,2
191,2
192,2
193,2
194,2
165,3
166,3
167,3
195,3
196,3
198,3
161,4
162,4
163,4
164,4
197,4
199,4
200,4
201,4
158,5
159,5
160,5
202,5
157,6
203,6
204,6
154,7
155,7
156,7
205,7
206,7
207,7
153,8
208,8
209,8
151,9
152,9
210,9
149,10
150,10
211,10
148,11
212,11
147,12
213,12
145,13
146,13
213,13
144,14
213,14
143,15
214,15
142,16
215,16
141,17
215,17
140,18
215,18
140,19
215,19
139,20
215,20
138,21
215,21
138,22
215,22
138,23
215,23
137,24
215,24
136,25
216,25
136,26
215,26
136,27
214,27
136,28
214,28
137,29
214,29
137,30
213,30
137,31
213,31
137,32
212,32
137,33
212,33
137,34
211,34
137,35
210,35
137,36
211,36
137,37
210,37
138,38
139,38
210,38
140,39
209,39
140,40
209,40
141,41
208,41
141,42
207,42
142,43
206,43
142,44
205,44
142,45
205,45
143,46
205,46
143,47
205,47
144,48
145,48
204,48
146,49
203,49
146,50
202,50
147,51
202,51
147,52
201,52
148,53
201,53
148,54
200,54
149,55
200,55
149,56
200,56
149,57
200,57
150,58
200,58
151,59
199,59
152,60
199,60
152,61
199,61
152,62
199,62
152,63
199,63
152,64
200,64
152,65
200,65
151,66
200,66
151,67
201,67
150,68
202,68
150,69
202,69
150,70
203,70
69,71
70,71
71,71
72,71
73,71
74,71
75,71
79,71
80,71
81,71
148,71
149,71
203,71
67,72
68,72
76,72
77,72
78,72
82,72
83,72
84,72
85,72
89,72
90,72
91,72
92,72
99,72
100,72
144,72
145,72
146,72
147,72
204,72
66,73
86,73
87,73
88,73
93,73
94,73
95,73
96,73
97,73
98,73
101,73
102,73
103,73
104,73
105,73
110,73
111,73
141,73
142,73
143,73
205,73
66,74
106,74
107,74
108,74
109,74
112,74
113,74
114,74
115,74
116,74
117,74
120,74
121,74
122,74
123,74
124,74
130,74
131,74
140,74
206,74
207,74
208,74
209,74
212,74
213,74
222,74
223,74
315,74
316,74
317,74
325,74
326,74
335,74
336,74
337,74
338,74
339,74
345,74
346,74
347,74
348,74
349,74
350,74
351,74
65,75
118,75
119,75
125,75
126,75
127,75
128,75
129,75
132,75
133,75
134,75
135,75
136,75
137,75
138,75
139,75
210,75
211,75
214,75
215,75
216,75
217,75
218,75
219,75
220,75
221,75
224,75
225,75
234,75
235,75
243,75
263,75
266,75
274,75
275,75
276,75
277,75
278,75
279,75
280,75
281,75
284,75
285,75
286,75
287,75
288,75
289,75
294,75
295,75
296,75
297,75
298,75
299,75
300,75
304,75
305,75
306,75
307,75
308,75
309,75
310,75
311,75
312,75
313,75
314,75
318,75
319,75
320,75
321,75
322,75
323,75
324,75
327,75
328,75
329,75
330,75
331,75
332,75
333,75
334,75
340,75
341,75
342,75
343,75
344,75
352,75
353,75
65,76
226,76
227,76
228,76
229,76
230,76
231,76
233,76
236,76
237,76
238,76
239,76
240,76
241,76
242,76
244,76
245,76
246,76
247,76
248,76
249,76
250,76
251,76
252,76
253,76
254,76
255,76
256,76
257,76
258,76
259,76
260,76
261,76
262,76
264,76
265,76
267,76
268,76
269,76
270,76
271,76
272,76
273,76
282,76
283,76
290,76
291,76
292,76
293,76
301,76
302,76
303,76
354,76
65,77
232,77
354,77
65,78
354,78
65,79
354,79
65,80
355,80
65,81
355,81
65,82
355,82
65,83
355,83
65,84
355,84
65,85
355,85
65,86
354,86
66,87
354,87
66,88
354,88
66,89
354,89
65,90
355,90
65,91
355,91
65,92
355,92
65,93
355,93
66,94
354,94
66,95
354,95
66,96
354,96
66,97
354,97
66,98
354,98
66,99
354,99
67,100
354,100
66,101
355,101
66,102
355,102
66,103
354,103
67,104
355,104
67,105
354,105
67,106
354,106
67,107
354,107
67,108
354,108
66,109
354,109
67,110
354,110
67,111
355,111
67,112
355,112
67,113
355,113
67,114
355,114
68,115
354,115
68,116
354,116
68,117
354,117
68,118
354,118
67,119
354,119
67,120
354,120
67,121
355,121
67,122
355,122
67,123
355,123
67,124
355,124
68,125
355,125
68,126
354,126
68,127
354,127
67,128
354,128
67,129
354,129
67,130
353,130
68,131
354,131
68,132
354,132
68,133
354,133
68,134
354,134
68,135
354,135
68,136
354,136
67,137
353,137
67,138
297,138
353,138
67,139
295,139
296,139
298,139
299,139
300,139
352,139
67,140
291,140
292,140
293,140
294,140
301,140
302,140
303,140
304,140
352,140
67,141
290,141
305,141
306,141
352,141
66,142
288,142
289,142
307,142
308,142
309,142
310,142
353,142
21,143
66,143
287,143
311,143
312,143
352,143
20,144
22,144
65,144
287,144
313,144
352,144
16,145
17,145
18,145
19,145
23,145
24,145
65,145
286,145
314,145
351,145
14,146
15,146
25,146
26,146
27,146
28,146
66,146
286,146
315,146
316,146
351,146
13,147
29,147
30,147
31,147
32,147
33,147
34,147
35,147
65,147
285,147
317,147
318,147
351,147
12,148
36,148
65,148
285,148
319,148
350,148
11,149
37,149
65,149
284,149
320,149
350,149
11,150
38,150
39,150
65,150
283,150
321,150
349,150
10,151
40,151
41,151
42,151
43,151
64,151
282,151
322,151
349,151
9,152
44,152
45,152
63,152
281,152
323,152
324,152
349,152
7,153
8,153
46,153
62,153
281,153
325,153
326,153
348,153
6,154
47,154
48,154
62,154
281,154
327,154
348,154
6,155
49,155
50,155
52,155
61,155
282,155
328,155
329,155
330,155
331,155
347,155
6,156
51,156
53,156
54,156
55,156
56,156
57,156
58,156
59,156
60,156
281,156
332,156
346,156
6,157
280,157
333,157
334,157
339,157
340,157
341,157
342,157
343,157
344,157
345,157
5,158
280,158
335,158
336,158
337,158
338,158
5,159
280,159
5,160
280,160
4,161
279,161
4,162
278,162
3,163
278,163
3,164
278,164
2,165
278,165
2,166
279,166
2,167
278,167
1,168
278,168
2,169
278,169
2,170
277,170
1,171
277,171
1,172
277,172
1,173
277,173
0,174
277,174
1,175
277,175
0,176
277,176
0,177
277,177
0,178
277,178
1,179
277,179
1,180
277,180
1,181
277,181
1,182
277,182
1,183
277,183
1,184
277,184
1,185
277,185
1,186
278,186
1,187
278,187
1,188
278,188
1,189
278,189
2,190
278,190
3,191
279,191
3,192
279,192
3,193
279,193
4,194
279,194
4,195
279,195
5,196
55,196
56,196
57,196
58,196
59,196
60,196
64,196
280,196
5,197
54,197
61,197
62,197
63,197
65,197
281,197
6,198
52,198
53,198
65,198
281,198
7,199
50,199
51,199
66,199
281,199
8,200
47,200
48,200
49,200
67,200
281,200
8,201
45,201
46,201
68,201
281,201
341,201
8,202
44,202
68,202
282,202
335,202
336,202
338,202
339,202
340,202
342,202
343,202
344,202
9,203
43,203
68,203
282,203
333,203
334,203
337,203
345,203
10,204
42,204
68,204
282,204
332,204
346,204
347,204
11,205
41,205
69,205
282,205
331,205
348,205
11,206
39,206
40,206
69,206
283,206
328,206
329,206
330,206
349,206
12,207
37,207
38,207
70,207
284,207
325,207
326,207
327,207
349,207
13,208
14,208
35,208
36,208
71,208
285,208
324,208
350,208
15,209
34,209
71,209
285,209
322,209
323,209
350,209
16,210
17,210
33,210
72,210
285,210
321,210
351,210
18,211
19,211
30,211
31,211
32,211
71,211
286,211
321,211
351,211
20,212
24,212
25,212
26,212
27,212
28,212
29,212
71,212
286,212
320,212
352,212
21,213
22,213
23,213
71,213
287,213
318,213
319,213
353,213
71,214
288,214
316,214
317,214
353,214
71,215
288,215
315,215
353,215
71,216
289,216
290,216
291,216
313,216
314,216
353,216
72,217
292,217
311,217
312,217
353,217
72,218
293,218
310,218
354,218
72,219
294,219
308,219
309,219
354,219
72,220
295,220
296,220
301,220
306,220
307,220
354,220
72,221
297,221
298,221
299,221
300,221
302,221
303,221
304,221
305,221
354,221
71,222
354,222
71,223
354,223
71,224
355,224
71,225
355,225
71,226
355,226
72,227
355,227
72,228
355,228
72,229
355,229
72,230
355,230
71,231
355,231
71,232
355,232
71,233
179,233
180,233
181,233
182,233
183,233
184,233
355,233
71,234
172,234
173,234
174,234
175,234
176,234
177,234
178,234
185,234
186,234
189,234
356,234
71,235
170,235
171,235
187,235
188,235
190,235
191,235
356,235
71,236
169,236
192,236
193,236
194,236
355,236
72,237
167,237
168,237
195,237
196,237
355,237
72,238
165,238
166,238
197,238
198,238
355,238
71,239
162,239
163,239
164,239
199,239
200,239
201,239
355,239
71,240
160,240
161,240
202,240
203,240
355,240
71,241
159,241
204,241
205,241
355,241
71,242
158,242
206,242
355,242
71,243
156,243
157,243
207,243
355,243
71,244
155,244
208,244
356,244
70,245
154,245
209,245
210,245
356,245
69,246
153,246
211,246
355,246
70,247
152,247
212,247
355,247
71,248
151,248
213,248
356,248
71,249
150,249
214,249
356,249
71,250
149,250
215,250
356,250
70,251
148,251
216,251
356,251
70,252
148,252
216,252
356,252
70,253
147,253
217,253
356,253
70,254
148,254
217,254
357,254
70,255
148,255
217,255
356,255
69,256
147,256
217,256
356,256
69,257
147,257
218,257
356,257
70,258
147,258
218,258
356,258
70,259
146,259
218,259
356,259
70,260
146,260
218,260
356,260
70,261
146,261
219,261
356,261
69,262
146,262
219,262
356,262
69,263
146,263
218,263
356,263
68,264
147,264
218,264
355,264
68,265
146,265
218,265
356,265
68,266
147,266
218,266
357,266
68,267
147,267
217,267
357,267
68,268
148,268
216,268
356,268
69,269
148,269
216,269
356,269
68,270
148,270
216,270
356,270
68,271
147,271
216,271
356,271
68,272
148,272
215,272
356,272
68,273
148,273
215,273
356,273
68,274
149,274
215,274
355,274
68,275
150,275
214,275
356,275
68,276
151,276
214,276
356,276
68,277
151,277
213,277
356,277
67,278
152,278
213,278
356,278
68,279
152,279
213,279
356,279
68,280
153,280
212,280
356,280
68,281
153,281
212,281
356,281
68,282
153,282
212,282
356,282
67,283
154,283
212,283
356,283
67,284
154,284
211,284
356,284
67,285
155,285
156,285
211,285
357,285
67,286
157,286
210,286
356,286
67,287
157,287
210,287
356,287
67,288
157,288
210,288
356,288
67,289
157,289
209,289
356,289
67,290
158,290
208,290
356,290
67,291
158,291
208,291
356,291
67,292
158,292
208,292
356,292
67,293
158,293
208,293
356,293
66,294
158,294
207,294
356,294
66,295
159,295
207,295
357,295
66,296
159,296
207,296
357,296
66,297
159,297
207,297
357,297
66,298
159,298
207,298
357,298
66,299
160,299
207,299
357,299
66,300
160,300
207,300
357,300
66,301
159,301
207,301
357,301
66,302
159,302
208,302
357,302
66,303
159,303
209,303
357,303
66,304
159,304
209,304
357,304
66,305
160,305
210,305
357,305
66,306
159,306
210,306
356,306
65,307
159,307
211,307
212,307
213,307
214,307
215,307
356,307
65,308
158,308
216,308
349,308
350,308
355,308
66,309
157,309
217,309
285,309
316,309
317,309
318,309
319,309
320,309
321,309
322,309
323,309
326,309
327,309
328,309
329,309
336,309
337,309
338,309
339,309
340,309
341,309
347,309
348,309
351,309
352,309
353,309
354,309
66,310
156,310
218,310
219,310
220,310
221,310
224,310
225,310
234,310
235,310
236,310
237,310
244,310
245,310
246,310
247,310
248,310
249,310
250,310
265,310
266,310
275,310
276,310
277,310
278,310
279,310
280,310
281,310
282,310
283,310
284,310
286,310
287,310
288,310
289,310
290,310
291,310
296,310
297,310
298,310
299,310
300,310
301,310
306,310
307,310
308,310
309,310
310,310
311,310
312,310
313,310
314,310
315,310
324,310
325,310
330,310
331,310
332,310
333,310
334,310
335,310
342,310
343,310
344,310
345,310
346,310
66,311
154,311
155,311
222,311
223,311
226,311
227,311
228,311
229,311
230,311
231,311
232,311
233,311
238,311
239,311
240,311
241,311
242,311
243,311
251,311
252,311
255,311
256,311
257,311
258,311
259,311
260,311
261,311
262,311
263,311
264,311
267,311
268,311
269,311
270,311
271,311
272,311
273,311
274,311
292,311
293,311
294,311
295,311
302,311
303,311
304,311
305,311
65,312
152,312
153,312
253,312
254,312
64,313
151,313
64,314
149,314
150,314
64,315
142,315
143,315
144,315
146,315
147,315
148,315
64,316
141,316
145,316
64,317
132,317
133,317
134,317
135,317
136,317
137,317
138,317
139,317
140,317
65,318
111,318
112,318
113,318
115,318
116,318
119,318
122,318
123,318
124,318
125,318
126,318
127,318
128,318
129,318
130,318
131,318
65,319
101,319
102,319
103,319
104,319
110,319
114,319
117,319
118,319
120,319
121,319
66,320
91,320
92,320
93,320
94,320
95,320
96,320
97,320
98,320
99,320
100,320
105,320
106,320
107,320
108,320
109,320
66,321
69,321
81,321
82,321
83,321
84,321
85,321
86,321
87,321
88,321
89,321
90,321
67,322
68,322
70,322
71,322
72,322
73,322
74,322
77,322
78,322
79,322
80,322
75,323
76,323