1,0
1,1
1,2
1,3
0,4
0,5
0,6
0,7
0,8
0,9
0,10
0,11
1,12
1,13
1,14
1,15
1,16
1,17
1,18
1,19
1,20
1,21
1,22
1,23
1,24
1,25
1,26
1,27
2,28
2,29
2,30
2,31
2,32
2,33
2,34
2,35
2,36
2,37
2,38
2,39
3,40
3,41
3,42
3,43
3,44
2,45
2,46
2,47
2,48
2,49
2,50
2,51
2,52
2,53
3,54
3,55
3,56
3,57
3,58
3,59
3,60
3,61
3,62
3,63
3,64
3,65
3,66
4,67
4,68
4,69
4,70
52,70
53,70
54,70
55,70
56,70
57,70
58,70
4,71
50,71
51,71
59,71
60,71
5,72
49,72
61,72
62,72
63,72
5,73
46,73
47,73
48,73
64,73
5,74
45,74
65,74
5,75
41,75
44,75
66,75
5,76
40,76
42,76
43,76
67,76
68,76
6,77
39,77
69,77
70,77
6,78
38,78
71,78
7,79
36,79
37,79
71,79
8,80
34,80
35,80
72,80
8,81
32,81
33,81
73,81
9,82
30,82
31,82
73,82
9,83
29,83
74,83
10,84
26,84
27,84
28,84
74,84
11,85
23,85
24,85
25,85
75,85
12,86
13,86
14,86
15,86
16,86
17,86
18,86
19,86
20,86
21,86
22,86
76,86
75,87
76,88
76,89
76,90
76,91
77,92
77,93
77,94
78,95
78,96
78,97
79,98
79,99
79,100
80,101
80,102
80,103
80,104
80,105
80,106
81,107
81,108
81,109
81,110
81,111
81,112
81,113
81,114
81,115
81,116
81,117
81,118
81,119
81,120
81,121
82,122
82,123
82,124
82,125
82,126
82,127
81,128
80,129
80,130
80,131
80,132
80,133
80,134
80,135
79,136
79,137
79,138
79,139
79,140
79,141
78,142
78,143
78,144
78,145
78,146
77,147
77,148
77,149
76,150
75,151
75,152
14,153
16,153
17,153
18,153
19,153
20,153
21,153
22,153
23,153
24,153
25,153
75,153
12,154
13,154
15,154
26,154
27,154
28,154
29,154
30,154
31,154
32,154
75,154
11,155
33,155
34,155
35,155
74,155
11,156
36,156
37,156
38,156
73,156
11,157
39,157
72,157
10,158
40,158
72,158
10,159
41,159
71,159
9,160
42,160
43,160
71,160
8,161
44,161
69,161
70,161
8,162
45,162
68,162
7,163
46,163
47,163
67,163
7,164
46,164
48,164
66,164
6,165
47,165
49,165
51,165
65,165
6,166
50,166
52,166
53,166
63,166
64,166
6,167
51,167
54,167
55,167
56,167
57,167
58,167
59,167
60,167
61,167
62,167
5,168
5,169
5,170
4,171
4,172
4,173
4,174
4,175
4,176
4,177
4,178
4,179
4,180
4,181
4,182
3,183
3,184
4,185
4,186
3,187
3,188
3,189
3,190
3,191
3,192
3,193
3,194
3,195
3,196
3,197
3,198
3,199
3,200
3,201
3,202
3,203
3,204
3,205
3,206
3,207
3,208
2,209
2,210
1,211
1,212
1,213
2,214
2,215
2,216
2,217
2,218
1,219
1,220
1,221
1,222
1,223
1,224
1,225
1,226
1,227
1,228
1,229
1,230
1,231
1,232
1,233
1,234
1,235
1,236
0,237
0,238
0,239
0,240
0,241
0,242
0,243
0,244
0,245
0,246
0,247
0,248
0,249