78,0
78,1
77,2
77,3
77,4
77,5
77,6
77,7
77,8
77,9
77,10
77,11
77,12
77,13
77,14
77,15
77,16
78,17
78,18
78,19
78,20
78,21
78,22
79,23
79,24
79,25
79,26
79,27
79,28
79,29
80,30
80,31
80,32
80,33
79,34
79,35
80,36
80,37
80,38
80,39
80,40
80,41
80,42
81,43
81,44
81,45
81,46
81,47
81,48
81,49
81,50
81,51
82,52
82,53
82,54
82,55
82,56
82,57
82,58
82,59
82,60
82,61
82,62
81,63
81,64
81,65
25,66
26,66
27,66
28,66
29,66
30,66
31,66
32,66
33,66
34,66
35,66
80,66
21,67
22,67
23,67
24,67
36,67
37,67
38,67
80,67
18,68
19,68
20,68
39,68
40,68
41,68
80,68
16,69
17,69
42,69
43,69
79,69
15,70
44,70
45,70
79,70
14,71
46,71
47,71
48,71
49,71
79,71
13,72
50,72
51,72
78,72
12,73
52,73
77,73
11,74
53,74
77,74
11,75
54,75
55,75
77,75
10,76
56,76
57,76
76,76
9,77
58,77
59,77
75,77
8,78
60,78
61,78
74,78
8,79
62,79
63,79
64,79
66,79
73,79
8,80
65,80
67,80
68,80
69,80
70,80
71,80
72,80
7,81
6,82
6,83
6,84
5,85
5,86
5,87
4,88
3,89
3,90
3,91
3,92
2,93
2,94
2,95
1,96
1,97
0,98
0,99
0,100
0,101
0,102
0,103
1,104
1,105
1,106
1,107
2,108
2,109
3,110
3,111
3,112
3,113
4,114
4,115
5,116
5,117
6,118
6,119
7,120
8,121
9,122
9,123
10,124
10,125
11,126
12,127
12,128
69,128
70,128
71,128
13,129
65,129
66,129
67,129
68,129
72,129
73,129
74,129
13,130
63,130
64,130
75,130
14,131
60,131
61,131
62,131
75,131
15,132
16,132
51,132
52,132
58,132
59,132
76,132
17,133
49,133
50,133
53,133
54,133
55,133
56,133
57,133
77,133
18,134
48,134
77,134
18,135
45,135
46,135
47,135
77,135
19,136
20,136
43,136
44,136
77,136
21,137
41,137
42,137
77,137
22,138
39,138
40,138
77,138
23,139
24,139
25,139
35,139
36,139
37,139
38,139
78,139
26,140
27,140
28,140
29,140
30,140
31,140
32,140
33,140
34,140
78,140
78,141
79,142
79,143
79,144
79,145
79,146
79,147
79,148
79,149
79,150
79,151
79,152
79,153
79,154
79,155
79,156
79,157
79,158
79,159
79,160
78,161
78,162
78,163
78,164
78,165
78,166
78,167
78,168
78,169
78,170
78,171
78,172
78,173
78,174
78,175
78,176
78,177
78,178
78,179
78,180
78,181
78,182
78,183
78,184
78,185
78,186
78,187
78,188
78,189
78,190
78,191
78,192
77,193
77,194
77,195
77,196
77,197
77,198
77,199
77,200
77,201
77,202
77,203
77,204
77,205
77,206
76,207
77,208
77,209
77,210
77,211
77,212
77,213
77,214
77,215
77,216
77,217
77,218
77,219
77,220
77,221
77,222
76,223
76,224
75,225
75,226
75,227
75,228
75,229
75,230
75,231
75,232
75,233
76,234
75,235
75,236
75,237
75,238
75,239
75,240
75,241
75,242
75,243
75,244
75,245
75,246
75,247
75,248
75,249
75,250
75,251
75,252
75,253
75,254
75,255
75,256
74,257
74,258
74,259
74,260
74,261
73,262
73,263
73,264
73,265
73,266
73,267
73,268
73,269
73,270
74,271
75,272
76,273