73,0
73,1
73,2
72,3
72,4
72,5
72,6
73,7
73,8
73,9
73,10
73,11
73,12
73,13
73,14
73,15
73,16
73,17
73,18
73,19
73,20
73,21
73,22
73,23
73,24
73,25
73,26
73,27
73,28
73,29
73,30
73,31
74,32
74,33
74,34
74,35
74,36
74,37
74,38
73,39
73,40
73,41
73,42
73,43
74,44
74,45
74,46
74,47
74,48
74,49
74,50
74,51
75,52
75,53
75,54
75,55
75,56
74,57
74,58
74,59
74,60
74,61
74,62
74,63
74,64
74,65
74,66
74,67
75,68
75,69
75,70
75,71
75,72
75,73
75,74
74,75
74,76
74,77
74,78
74,79
74,80
74,81
74,82
74,83
74,84
75,85
75,86
75,87
75,88
75,89
75,90
75,91
74,92
74,93
74,94
19,95
74,95
18,96
20,96
21,96
22,96
23,96
24,96
25,96
26,96
27,96
74,96
16,97
17,97
28,97
29,97
74,97
15,98
30,98
31,98
32,98
33,98
34,98
73,98
15,99
35,99
73,99
14,100
36,100
73,100
13,101
37,101
73,101
12,102
38,102
39,102
40,102
73,102
11,103
41,103
42,103
72,103
11,104
43,104
44,104
72,104
10,105
45,105
46,105
71,105
10,106
47,106
48,106
71,106
9,107
49,107
50,107
70,107
9,108
51,108
52,108
69,108
8,109
53,109
54,109
68,109
7,110
55,110
66,110
67,110
6,111
56,111
57,111
58,111
64,111
65,111
6,112
59,112
60,112
61,112
62,112
63,112
6,113
5,114
5,115
5,116
5,117
4,118
4,119
3,120
3,121
3,122
3,123
3,124
3,125
2,126
1,127
1,128
1,129
1,130
1,131
0,132
0,133
0,134
1,135
1,136
1,137
1,138
1,139
1,140
2,141
2,142
2,143
1,144
1,145
2,146
2,147
3,148
4,149
4,150
4,151
5,152
5,153
6,154
6,155
7,156
7,157
8,158
8,159
64,159
65,159
66,159
8,160
60,160
61,160
62,160
63,160
67,160
68,160
9,161
58,161
59,161
69,161
9,162
57,162
69,162
10,163
52,163
53,163
54,163
55,163
56,163
70,163
11,164
51,164
70,164
11,165
49,165
50,165
71,165
12,166
47,166
48,166
72,166
13,167
46,167
72,167
14,168
44,168
45,168
73,168
74,168
15,169
43,169
75,169
16,170
41,170
42,170
76,170
17,171
39,171
40,171
76,171
18,172
37,172
38,172
77,172
19,173
20,173
34,173
35,173
36,173
77,173
21,174
22,174
30,174
31,174
32,174
33,174
77,174
23,175
24,175
25,175
26,175
27,175
28,175
29,175
77,175
77,176
77,177
77,178
77,179
77,180
77,181
76,182
77,183
77,184
78,185
78,186
78,187
77,188
77,189
77,190
77,191
77,192
77,193
77,194
77,195
77,196
77,197
77,198
77,199
76,200
76,201
76,202
76,203
76,204
76,205
76,206
76,207
76,208
76,209
76,210
76,211
76,212
76,213
76,214
76,215
76,216
76,217
75,218
75,219
75,220
74,221
75,222
75,223
74,224
74,225
74,226
74,227
74,228
74,229
74,230
74,231
74,232
74,233
74,234
74,235
73,236
73,237
73,238
73,239
73,240
73,241
73,242
73,243
73,244
73,245
73,246
73,247
73,248
73,249
72,250
72,251
72,252
72,253
71,254
71,255
71,256
71,257
71,258
71,259
72,260
72,261