92,0
91,1
91,2
91,3
91,4
90,5
90,6
91,7
91,8
91,9
91,10
90,11
90,12
90,13
90,14
90,15
90,16
90,17
89,18
89,19
90,20
89,21
89,22
89,23
89,24
88,25
88,26
88,27
88,28
87,29
87,30
87,31
88,32
87,33
87,34
87,35
87,36
87,37
86,38
86,39
86,40
85,41
85,42
85,43
85,44
85,45
85,46
85,47
85,48
85,49
85,50
84,51
84,52
83,53
83,54
83,55
83,56
84,57
83,58
83,59
83,60
82,61
82,62
82,63
82,64
81,65
21,66
22,66
23,66
24,66
25,66
26,66
27,66
28,66
81,66
20,67
29,67
30,67
31,67
32,67
33,67
34,67
35,67
80,67
17,68
18,68
19,68
36,68
37,68
80,68
16,69
38,69
39,69
79,69
15,70
40,70
41,70
79,70
14,71
42,71
43,71
44,71
45,71
46,71
47,71
79,71
13,72
48,72
49,72
50,72
51,72
79,72
13,73
52,73
77,73
78,73
12,74
53,74
54,74
75,74
76,74
11,75
55,75
56,75
57,75
58,75
59,75
60,75
72,75
73,75
74,75
10,76
61,76
62,76
63,76
64,76
65,76
70,76
71,76
9,77
66,77
67,77
68,77
69,77
8,78
8,79
7,80
6,81
6,82
5,83
4,84
5,85
4,86
4,87
4,88
3,89
3,90
2,91
2,92
1,93
1,94
1,95
1,96
0,97
1,98
1,99
1,100
1,101
1,102
1,103
1,104
1,105
1,106
1,107
1,108
1,109
2,110
2,111
2,112
2,113
3,114
3,115
3,116
4,117
4,118
4,119
5,120
5,121
6,122
7,122
8,123
8,124
8,125
72,125
73,125
74,125
75,125
9,126
66,126
67,126
68,126
69,126
70,126
71,126
76,126
77,126
9,127
62,127
63,127
64,127
65,127
78,127
10,128
60,128
61,128
79,128
11,129
59,129
80,129
12,130
57,130
58,130
81,130
13,131
55,131
56,131
82,131
13,132
53,132
54,132
83,132
14,133
51,133
52,133
83,133
15,134
48,134
49,134
50,134
84,134
16,135
17,135
47,135
84,135
18,136
46,136
84,136
19,137
20,137
42,137
43,137
44,137
45,137
85,137
21,138
22,138
23,138
24,138
25,138
36,138
37,138
38,138
39,138
40,138
41,138
85,138
26,139
27,139
28,139
29,139
30,139
31,139
32,139
33,139
34,139
35,139
85,139
85,140
85,141
85,142
85,143
86,144
86,145
86,146
86,147
86,148
86,149
86,150
86,151
86,152
86,153
86,154
87,155
87,156
87,157
87,158
87,159
87,160
87,161
87,162
87,163
87,164
87,165
87,166
88,167
88,168
89,169
89,170
89,171
89,172
89,173
89,174
89,175
89,176
89,177
89,178
89,179
89,180
89,181
90,182
90,183
90,184
90,185
90,186
90,187
90,188
90,189
90,190
90,191
90,192
90,193
91,194
91,195
91,196
91,197
91,198
91,199
91,200
91,201
91,202
91,203
91,204
91,205
91,206
92,207
91,208
91,209
91,210
91,211
91,212
91,213
91,214