68,0
68,1
68,2
68,3
69,4
69,5
69,6
69,7
69,8
69,9
69,10
70,11
70,12
69,13
69,14
69,15
69,16
69,17
68,18
68,19
68,20
68,21
68,22
69,23
69,24
69,25
69,26
69,27
70,28
70,29
69,30
69,31
69,32
69,33
69,34
70,35
70,36
70,37
70,38
69,39
69,40
70,41
70,42
70,43
70,44
70,45
70,46
71,47
71,48
71,49
71,50
71,51
71,52
71,53
71,54
70,55
70,56
70,57
70,58
71,59
70,60
70,61
70,62
70,63
70,64
70,65
69,66
69,67
69,68
18,69
20,69
21,69
22,69
23,69
24,69
25,69
69,69
16,70
17,70
19,70
26,70
27,70
68,70
13,71
14,71
15,71
28,71
69,71
12,72
29,72
30,72
31,72
32,72
68,72
12,73
33,73
34,73
35,73
36,73
68,73
12,74
37,74
38,74
68,74
11,75
39,75
67,75
10,76
40,76
41,76
42,76
67,76
9,77
43,77
44,77
66,77
7,78
8,78
45,78
46,78
65,78
6,79
47,79
48,79
63,79
64,79
6,80
49,80
50,80
51,80
60,80
61,80
62,80
6,81
52,81
59,81
6,82
53,82
54,82
55,82
56,82
57,82
58,82
5,83
4,84
4,85
4,86
4,87
3,88
3,89
2,90
2,91
2,92
2,93
1,94
1,95
1,96
0,97
1,98
1,99
1,100
1,101
1,102
1,103
1,104
1,105
1,106
1,107
1,108
2,109
3,110
3,111
3,112
3,113
3,114
3,115
3,116
4,117
4,118
4,119
5,120
6,121
6,122
6,123
60,123
7,124
55,124
56,124
57,124
58,124
59,124
61,124
62,124
7,125
53,125
54,125
63,125
8,126
51,126
52,126
64,126
9,127
49,127
50,127
65,127
10,128
48,128
65,128
10,129
45,129
46,129
47,129
66,129
11,130
42,130
43,130
44,130
67,130
12,131
41,131
68,131
13,132
14,132
39,132
40,132
68,132
15,133
37,133
38,133
68,133
16,134
34,134
35,134
36,134
69,134
17,135
30,135
31,135
32,135
33,135
69,135
18,136
19,136
20,136
26,136
27,136
28,136
29,136
69,136
21,137
22,137
23,137
24,137
25,137
69,137
69,138
69,139
69,140
69,141
69,142
70,143
70,144
70,145
70,146
70,147
70,148
70,149
70,150
70,151
70,152
69,153
69,154
70,155
71,156
70,157
70,158
70,159
69,160
69,161
69,162
69,163
69,164
69,165
70,166
69,167
69,168
69,169
69,170
69,171
69,172
69,173
69,174
68,175
69,176
69,177
69,178
69,179
69,180
69,181
69,182
68,183
68,184
68,185
68,186
68,187
67,188
67,189
68,190
68,191
68,192
68,193
68,194
68,195
68,196
67,197
67,198
67,199
67,200
66,201
67,202
67,203
67,204
67,205
66,206
66,207
66,208
66,209
66,210
66,211
67,212