79,0
79,1
79,2
79,3
78,4
78,5
79,6
79,7
78,8
78,9
79,10
79,11
79,12
79,13
79,14
79,15
78,16
78,17
79,18
78,19
78,20
78,21
79,22
78,23
78,24
79,25
78,26
78,27
78,28
78,29
78,30
78,31
78,32
79,33
79,34
78,35
78,36
79,37
79,38
78,39
78,40
79,41
78,42
78,43
78,44
78,45
78,46
77,47
77,48
78,49
78,50
77,51
77,52
78,53
78,54
77,55
78,56
78,57
78,58
77,59
78,60
78,61
77,62
77,63
78,64
77,65
77,66
77,67
77,68
77,69
21,70
22,70
77,70
17,71
18,71
19,71
20,71
23,71
24,71
25,71
26,71
27,71
76,71
14,72
15,72
16,72
28,72
29,72
30,72
77,72
13,73
31,73
77,73
11,74
12,74
32,74
33,74
34,74
76,74
10,75
35,75
36,75
37,75
76,75
10,76
38,76
76,76
9,77
39,77
40,77
41,77
76,77
8,78
42,78
76,78
7,79
43,79
75,79
7,80
44,80
45,80
46,80
76,80
7,81
47,81
75,81
6,82
47,82
74,82
5,83
48,83
49,83
50,83
73,83
4,84
51,84
73,84
4,85
52,85
54,85
72,85
4,86
53,86
55,86
71,86
4,87
56,87
58,87
70,87
3,88
57,88
59,88
60,88
62,88
68,88
69,88
2,89
61,89
63,89
64,89
65,89
66,89
67,89
2,90
2,91
1,92
1,93
1,94
1,95
1,96
0,97
0,98
0,99
0,100
1,101
0,102
0,103
0,104
0,105
1,106
0,107
0,108
1,109
1,110
1,111
1,112
1,113
1,114
1,115
1,116
2,117
2,118
3,119
4,120
4,121
4,122
4,123
5,124
5,125
5,126
5,127
6,128
7,129
7,130
8,131
8,132
9,133
10,134
11,135
61,135
62,135
63,135
64,135
65,135
66,135
67,135
68,135
11,136
57,136
58,136
59,136
60,136
69,136
12,137
53,137
54,137
55,137
56,137
70,137
13,138
49,138
50,138
51,138
52,138
71,138
14,139
15,139
47,139
48,139
72,139
16,140
46,140
72,140
17,141
45,141
73,141
18,142
42,142
43,142
44,142
74,142
19,143
20,143
39,143
40,143
41,143
75,143
21,144
23,144
38,144
74,144
22,145
24,145
25,145
35,145
36,145
37,145
75,145
26,146
27,146
28,146
31,146
32,146
33,146
34,146
76,146
29,147
30,147
75,147
75,148
75,149
76,150
76,151
76,152
76,153
76,154
76,155
76,156
76,157
76,158
76,159
76,160
76,161
76,162
76,163
76,164
76,165
76,166
76,167
76,168
77,169
76,170
76,171
75,172
76,173
76,174
75,175
75,176
76,177
76,178
76,179
75,180
76,181
75,182
75,183
75,184
75,185
75,186
75,187
75,188
75,189
75,190
75,191
76,192
75,193
75,194
75,195
76,196
75,197
75,198
75,199
75,200
75,201
74,202
74,203
75,204
74,205
74,206
74,207
75,208
75,209
74,210
74,211
75,212
74,213
74,214
73,215
74,216
74,217
73,218
73,219
74,220
74,221
73,222
74,223
74,224
74,225
73,226
74,227
74,228
73,229
73,230
73,231
73,232
73,233
73,234
74,235
73,236
73,237
73,238
74,239
74,240
73,241
73,242
73,243
73,244
73,245
72,246
73,247
72,248
72,249
72,250
73,251
72,252
72,253
73,254
73,255
73,256
72,257
73,258
72,259
72,260
72,261
72,262
72,263
72,264
72,265
72,266
72,267
72,268
71,269
72,270
72,271
71,272
71,273
72,274
72,275
72,276
73,277
74,278