117,0
118,0
116,1
119,1
116,2
120,2
121,2
115,3
122,3
123,3
124,3
114,4
125,4
126,4
127,4
114,5
128,5
113,6
129,6
130,6
131,6
113,7
132,7
133,7
134,7
113,8
135,8
112,9
136,9
137,9
138,9
112,10
139,10
140,10
141,10
142,10
143,10
111,11
144,11
111,12
145,12
111,13
146,13
147,13
148,13
149,13
110,14
150,14
151,14
110,15
152,15
109,16
153,16
154,16
155,16
109,17
156,17
157,17
158,17
109,18
159,18
160,18
108,19
161,19
107,20
162,20
163,20
164,20
107,21
165,21
166,21
167,21
107,22
168,22
106,23
168,23
106,24
169,24
170,24
171,24
172,24
106,25
173,25
174,25
105,26
175,26
176,26
177,26
105,27
178,27
179,27
104,28
180,28
181,28
103,29
182,29
183,29
184,29
103,30
185,30
103,31
186,31
187,31
103,32
188,32
189,32
190,32
103,33
191,33
103,34
192,34
102,35
193,35
101,36
194,36
100,37
195,37
196,37
197,37
100,38
198,38
100,39
199,39
99,40
200,40
99,41
200,41
99,42
200,42
98,43
200,43
97,44
200,44
27,45
28,45
29,45
30,45
31,45
32,45
96,45
200,45
25,46
26,46
33,46
34,46
35,46
36,46
37,46
96,46
200,46
22,47
23,47
24,47
38,47
39,47
96,47
200,47
20,48
21,48
40,48
96,48
200,48
19,49
40,49
95,49
200,49
18,50
41,50
95,50
199,50
17,51
42,51
43,51
95,51
198,51
15,52
16,52
44,52
95,52
197,52
14,53
45,53
94,53
197,53
14,54
46,54
93,54
196,54
13,55
47,55
93,55
195,55
11,56
12,56
48,56
92,56
194,56
10,57
49,57
92,57
191,57
192,57
193,57
10,58
49,58
92,58
190,58
9,59
50,59
91,59
189,59
249,59
250,59
251,59
253,59
254,59
255,59
256,59
257,59
258,59
259,59
9,60
51,60
91,60
189,60
247,60
248,60
252,60
260,60
261,60
262,60
263,60
8,61
52,61
90,61
188,61
246,61
264,61
265,61
266,61
8,62
53,62
89,62
188,62
245,62
267,62
6,63
7,63
54,63
89,63
186,63
187,63
244,63
268,63
5,64
55,64
88,64
185,64
243,64
269,64
270,64
271,64
272,64
273,64
5,65
56,65
88,65
183,65
184,65
242,65
274,65
275,65
5,66
56,66
88,66
182,66
242,66
276,66
4,67
56,67
87,67
181,67
242,67
277,67
278,67
4,68
56,68
87,68
180,68
242,68
279,68
4,69
57,69
86,69
179,69
242,69
280,69
281,69
282,69
3,70
58,70
85,70
178,70
242,70
283,70
4,71
59,71
85,71
178,71
242,71
284,71
3,72
60,72
84,72
177,72
242,72
285,72
2,73
61,73
84,73
175,73
176,73
242,73
286,73
287,73
2,74
62,74
83,74
174,74
242,74
288,74
289,74
2,75
63,75
83,75
174,75
242,75
290,75
291,75
2,76
64,76
81,76
82,76
174,76
242,76
292,76
2,77
65,77
79,77
80,77
174,77
242,77
293,77
1,78
66,78
67,78
77,78
78,78
173,78
242,78
294,78
295,78
296,78
1,79
68,79
69,79
70,79
76,79
173,79
242,79
297,79
1,80
71,80
72,80
73,80
74,80
75,80
173,80
242,80
298,80
299,80
0,81
173,81
242,81
300,81
0,82
173,82
242,82
300,82
0,83
173,83
242,83
301,83
302,83
0,84
174,84
242,84
303,84
304,84
1,85
174,85
242,85
305,85
306,85
1,86
175,86
243,86
307,86
1,87
175,87
242,87
308,87
1,88
176,88
242,88
309,88
310,88
0,89
177,89
243,89
311,89
312,89
0,90
178,90
243,90
313,90
314,90
0,91
178,91
243,91
315,91
0,92
179,92
243,92
316,92
0,93
180,93
244,93
317,93
0,94
181,94
244,94
318,94
319,94
320,94
1,95
181,95
243,95
321,95
1,96
182,96
243,96
322,96
323,96
324,96
325,96
1,97
183,97
184,97
243,97
326,97
327,97
0,98
185,98
186,98
243,98
328,98
1,99
187,99
188,99
243,99
327,99
1,100
189,100
242,100
326,100
1,101
189,101
242,101
327,101
2,102
190,102
241,102
326,102
2,103
191,103
240,103
326,103
3,104
192,104
193,104
239,104
326,104
3,105
194,105
195,105
196,105
238,105
326,105
3,106
197,106
237,106
326,106
4,107
198,107
199,107
200,107
235,107
236,107
326,107
4,108
201,108
202,108
203,108
204,108
231,108
233,108
234,108
325,108
5,109
205,109
229,109
230,109
232,109
324,109
5,110
206,110
207,110
208,110
209,110
210,110
211,110
212,110
213,110
214,110
221,110
222,110
226,110
227,110
228,110
324,110
6,111
215,111
216,111
217,111
218,111
219,111
220,111
223,111
224,111
225,111
324,111
6,112
324,112
7,113
8,113
324,113
9,114
324,114
9,115
324,115
10,116
11,116
323,116
12,117
322,117
12,118
322,118
13,119
14,119
34,119
36,119
321,119
15,120
16,120
17,120
18,120
19,120
24,120
25,120
26,120
27,120
31,120
32,120
33,120
35,120
37,120
38,120
39,120
40,120
41,120
42,120
43,120
44,120
321,120
20,121
21,121
22,121
23,121
28,121
29,121
30,121
45,121
46,121
47,121
48,121
49,121
50,121
51,121
321,121
52,122
53,122
321,122
54,123
321,123
55,124
321,124
56,125
320,125
56,126
320,126
56,127
319,127
57,128
319,128
57,129
319,129
58,130
319,130
58,131
319,131
58,132
319,132
59,133
319,133
58,134
318,134
58,135
317,135
58,136
317,136
57,137
316,137
57,138
316,138
57,139
316,139
57,140
316,140
57,141
316,141
57,142
315,142
56,143
315,143
55,144
315,144
55,145
315,145
55,146
314,146
54,147
314,147
54,148
314,148
54,149
313,149
54,150
312,150
53,151
312,151
52,152
312,152
52,153
311,153
51,154
312,154
51,155
312,155
51,156
312,156
51,157
311,157
50,158
310,158
50,159
310,159
49,160
310,160
48,161
309,161
48,162
309,162
47,163
309,163
47,164
309,164
47,165
308,165
47,166
308,166
47,167
307,167
46,168
307,168
45,169
307,169
44,170
307,170
44,171
307,171
43,172
306,172
43,173
306,173
43,174
306,174
43,175
305,175
42,176
305,176
41,177
304,177
41,178
304,178
40,179
304,179
40,180
304,180
40,181
304,181
40,182
304,182
39,183
303,183
38,184
303,184
38,185
303,185
37,186
302,186
37,187
302,187
36,188
302,188
36,189
302,189
36,190
301,190
35,191
301,191
35,192
300,192
34,193
300,193
34,194
300,194
34,195
300,195
33,196
300,196
33,197
299,197
32,198
299,198
31,199
299,199
31,200
298,200
30,201
297,201
29,202
297,202
29,203
297,203
29,204
297,204
29,205
297,205
28,206
297,206
28,207
297,207
28,208
296,208
27,209
295,209
26,210
295,210
26,211
295,211
26,212
295,212
25,213
295,213
25,214
295,214
24,215
121,215
122,215
123,215
131,215
132,215
295,215
24,216
118,216
119,216
120,216
124,216
125,216
126,216
127,216
128,216
129,216
130,216
133,216
134,216
135,216
136,216
137,216
295,216
23,217
117,217
138,217
139,217
140,217
294,217
22,218
116,218
141,218
142,218
143,218
144,218
295,218
22,219
112,219
113,219
114,219
116,219
145,219
146,219
147,219
148,219
295,219
22,220
109,220
110,220
111,220
115,220
149,220
295,220
22,221
106,221
107,221
108,221
150,221
151,221
152,221
153,221
154,221
155,221
295,221
22,222
105,222
156,222
295,222
21,223
104,223
157,223
158,223
296,223
340,223
341,223
342,223
343,223
344,223
345,223
346,223
347,223
348,223
349,223
350,223
21,224
103,224
159,224
297,224
338,224
339,224
351,224
20,225
102,225
160,225
161,225
162,225
296,225
333,225
334,225
335,225
336,225
337,225
352,225
19,226
102,226
163,226
164,226
165,226
297,226
330,226
331,226
332,226
353,226
19,227
101,227
166,227
298,227
325,227
327,227
328,227
329,227
353,227
18,228
101,228
167,228
168,228
169,228
299,228
323,228
324,228
326,228
354,228
18,229
101,229
170,229
300,229
320,229
321,229
322,229
354,229
17,230
100,230
171,230
172,230
301,230
302,230
303,230
315,230
316,230
317,230
319,230
354,230
17,231
100,231
173,231
304,231
305,231
306,231
307,231
308,231
309,231
310,231
311,231
312,231
313,231
314,231
318,231
355,231
17,232
100,232
174,232
356,232
17,233
100,233
175,233
176,233
357,233
16,234
101,234
177,234
357,234
15,235
101,235
178,235
179,235
358,235
15,236
101,236
180,236
181,236
358,236
15,237
102,237
182,237
357,237
14,238
102,238
182,238
357,238
14,239
101,239
183,239
358,239
13,240
101,240
184,240
358,240
13,241
102,241
185,241
358,241
12,242
103,242
186,242
358,242
11,243
103,243
186,243
359,243
11,244
103,244
186,244
359,244
11,245
104,245
186,245
359,245
10,246
104,246
187,246
358,246
10,247
103,247
188,247
358,247
10,248
104,248
188,248
358,248
9,249
104,249
189,249
358,249
8,250
104,250
190,250
358,250
8,251
104,251
190,251
358,251
7,252
104,252
190,252
358,252
7,253
105,253
189,253
358,253
7,254
105,254
189,254
357,254
7,255
105,255
188,255
357,255
7,256
105,256
189,256
357,256
7,257
105,257
189,257
357,257
8,258
106,258
190,258
357,258
9,259
11,259
106,259
190,259
357,259
10,260
12,260
106,260
190,260
356,260
13,261
14,261
106,261
190,261
356,261
15,262
16,262
17,262
18,262
19,262
106,262
190,262
355,262
20,263
106,263
190,263
355,263
21,264
22,264
23,264
24,264
25,264
26,264
27,264
105,264
190,264
355,264
28,265
105,265
189,265
355,265
29,266
30,266
31,266
32,266
105,266
188,266
355,266
33,267
34,267
35,267
36,267
105,267
187,267
283,267
284,267
285,267
286,267
287,267
288,267
289,267
355,267
37,268
38,268
105,268
186,268
279,268
280,268
282,268
290,268
354,268
39,269
40,269
41,269
42,269
43,269
105,269
184,269
185,269
278,269
281,269
291,269
292,269
354,269
44,270
105,270
183,270
277,270
293,270
294,270
354,270
45,271
46,271
47,271
48,271
49,271
50,271
51,271
105,271
181,271
182,271
276,271
295,271
353,271
52,272
105,272
178,272
179,272
180,272
275,272
296,272
297,272
353,272
53,273
104,273
177,273
274,273
298,273
352,273
54,274
55,274
56,274
57,274
58,274
59,274
60,274
104,274
176,274
273,274
298,274
352,274
61,275
62,275
63,275
64,275
103,275
175,275
273,275
299,275
352,275
65,276
66,276
67,276
68,276
69,276
103,276
174,276
272,276
299,276
352,276
70,277
102,277
170,277
172,277
173,277
271,277
299,277
351,277
71,278
72,278
73,278
74,278
75,278
76,278
101,278
169,278
171,278
271,278
300,278
351,278
77,279
100,279
168,279
270,279
301,279
350,279
78,280
79,280
80,280
81,280
82,280
85,280
93,280
94,280
97,280
98,280
99,280
168,280
269,280
302,280
349,280
83,281
84,281
86,281
87,281
88,281
89,281
90,281
91,281
92,281
95,281
96,281
167,281
268,281
303,281
349,281
166,282
268,282
304,282
349,282
165,283
267,283
304,283
348,283
164,284
266,284
305,284
348,284
163,285
266,285
304,285
347,285
161,286
162,286
265,286
305,286
346,286
160,287
265,287
306,287
345,287
160,288
265,288
306,288
345,288
158,289
159,289
264,289
307,289
344,289
157,290
263,290
307,290
343,290
157,291
262,291
308,291
343,291
157,292
261,292
308,292
343,292
156,293
261,293
308,293
342,293
156,294
261,294
309,294
341,294
156,295
260,295
310,295
340,295
157,296
260,296
311,296
339,296
157,297
260,297
311,297
338,297
157,298
259,298
312,298
337,298
158,299
258,299
313,299
336,299
158,300
258,300
313,300
335,300
158,301
257,301
314,301
334,301
158,302
257,302
315,302
332,302
333,302
159,303
256,303
316,303
329,303
330,303
331,303
160,304
256,304
317,304
327,304
328,304
161,305
256,305
318,305
319,305
320,305
323,305
324,305
325,305
326,305
161,306
255,306
321,306
322,306
162,307
254,307
163,308
254,308
164,309
253,309
165,310
253,310
166,311
252,311
167,312
168,312
251,312
169,313
251,313
169,314
251,314
170,315
171,315
250,315
172,316
173,316
174,316
175,316
249,316
176,317
249,317
177,318
248,318
178,319
248,319
179,320
247,320
180,321
181,321
182,321
183,321
184,321
247,321
185,322
247,322
186,323
246,323
187,324
245,324
188,325
189,325
190,325
191,325
245,325
192,326
193,326
244,326
194,327
244,327
194,328
243,328
195,329
196,329
197,329
198,329
242,329
199,330
200,330
242,330
201,331
242,331
202,332
203,332
241,332
204,333
205,333
240,333
206,334
207,334
208,334
240,334
209,335
239,335
210,336
239,336
211,337
212,337
213,337
239,337
214,338
215,338
239,338
216,339
217,339
238,339
218,340
237,340
219,341
220,341
221,341
236,341
222,342
236,342
223,343
224,343
235,343
225,344
235,344
226,345
227,345
235,345
228,346
229,346
230,346
231,346
232,346
234,346
233,347