66,0
66,1
66,2
66,3
65,4
65,5
65,6
65,7
64,8
64,9
64,10
63,11
63,12
63,13
63,14
62,15
62,16
61,17
61,18
60,19
60,20
59,21
59,22
59,23
59,24
59,25
58,26
57,27
57,28
57,29
56,30
56,31
56,32
56,33
55,34
55,35
55,36
54,37
54,38
54,39
53,40
52,41
51,42
51,43
51,44
51,45
51,46
50,47
50,48
49,49
49,50
49,51
48,52
48,53
48,54
47,55
46,56
46,57
46,58
45,59
45,60
45,61
44,62
44,63
44,64
44,65
43,66
43,67
42,68
42,69
42,70
41,71
40,72
40,73
40,74
40,75
39,76
39,77
39,78
39,79
38,80
38,81
37,82
37,83
37,84
37,85
36,86
36,87
36,88
36,89
35,90
36,91
36,92
36,93
36,94
36,95
87,95
36,96
82,96
83,96
84,96
85,96
86,96
88,96
89,96
90,96
36,97
81,97
91,97
37,98
79,98
80,98
92,98
37,99
75,99
76,99
77,99
78,99
93,99
38,100
70,100
71,100
72,100
73,100
74,100
94,100
37,101
67,101
68,101
69,101
95,101
38,102
65,102
66,102
96,102
97,102
39,103
40,103
63,103
64,103
98,103
41,104
42,104
56,104
57,104
60,104
61,104
62,104
99,104
43,105
44,105
49,105
50,105
51,105
52,105
53,105
54,105
55,105
58,105
59,105
100,105
45,106
46,106
47,106
48,106
101,106
101,107
101,108
102,109
102,110
102,111
103,112
103,113
103,114
104,115
104,116
104,117
103,118
103,119
103,120
104,121
104,122
104,123
104,124
104,125
104,126
104,127
104,128
104,129
104,130
104,131
104,132
104,133
103,134
103,135
103,136
103,137
102,138
102,139
102,140
102,141
102,142
102,143
24,144
25,144
101,144
22,145
23,145
26,145
27,145
28,145
29,145
30,145
31,145
32,145
101,145
20,146
21,146
33,146
34,146
35,146
36,146
101,146
19,147
37,147
100,147
18,148
38,148
39,148
100,148
17,149
40,149
99,149
16,150
41,150
99,150
16,151
42,151
43,151
99,151
16,152
44,152
99,152
15,153
45,153
98,153
15,154
46,154
98,154
14,155
47,155
97,155
14,156
48,156
97,156
13,157
49,157
96,157
13,158
50,158
96,158
13,159
51,159
95,159
13,160
52,160
95,160
12,161
52,161
94,161
11,162
52,162
94,162
11,163
53,163
93,163
11,164
54,164
92,164
11,165
55,165
91,165
11,166
55,166
90,166
11,167
56,167
89,167
10,168
57,168
88,168
9,169
57,169
88,169
9,170
58,170
87,170
9,171
59,171
85,171
86,171
9,172
60,172
84,172
9,173
61,173
83,173
9,174
62,174
82,174
9,175
63,175
81,175
8,176
64,176
65,176
66,176
80,176
7,177
67,177
79,177
7,178
68,178
75,178
76,178
77,178
78,178
7,179
69,179
70,179
73,179
74,179
7,180
71,180
72,180
7,181
7,182
7,183
7,184
7,185
6,186
6,187
6,188
6,189
6,190
5,191
5,192
4,193
4,194
4,195
4,196
3,197
3,198
3,199
3,200
3,201
3,202
3,203
3,204
2,205
1,206
1,207
1,208
1,209
0,210
1,211
0,212
1,213
2,214
3,215
4,215
5,215
6,216
7,217
8,217
9,218
10,219
11,220
12,220
13,220
14,220
15,221
16,221
17,221
18,222
19,223
20,223
21,223
22,223
23,224
24,225
25,226
26,226
27,226
28,227
29,227
30,227
31,227
32,228
33,228
34,229
35,229
36,229
37,230
38,230
39,231
40,232
41,232
42,232
43,233
44,233
45,234
46,234
47,234
48,234
49,235
50,235
51,236
52,236
53,237
54,238
55,238
56,239
57,239
58,240
59,240
60,240
61,240
62,241
63,241
64,241
65,242
66,242
67,243
68,244
69,244
70,244
71,245
72,245
73,246
74,246
75,247
76,247
77,248
78,248
79,248
80,248
81,249
82,250
83,251
84,251
85,252
86,253
87,254
88,255
89,256
90,257
91,258
92,259
93,260
93,261
93,262
93,263
93,264
93,265
94,266
94,267
94,268
93,269
92,270
92,271
91,272
90,273
90,274
89,275
88,276
87,277
87,278
85,279
86,279
84,280
84,281
81,282
82,282
83,282
80,283
78,284
79,284
77,285
75,286
76,286
74,287
72,288
73,288
71,289
70,290
69,291
68,292
66,293
67,293
65,294
64,295
63,296
62,297
62,298
61,299
60,300
60,301
59,302
59,303
59,304
60,305
60,306
61,307
62,308
62,309
62,310
63,311
63,312
64,313
64,314
65,315
66,316