6,0
7,1
8,2
8,3
7,4
7,5
7,6
7,7
7,8
6,9
6,10
6,11
6,12
5,13
6,14
6,15
6,16
5,17
5,18
5,19
5,20
5,21
5,22
5,23
5,24
4,25
5,26
5,27
5,28
5,29
5,30
4,31
4,32
3,33
3,34
3,35
3,36
3,37
4,38
4,39
4,40
4,41
3,42
3,43
3,44
3,45
3,46
3,47
3,48
3,49
4,50
3,51
3,52
3,53
3,54
3,55
3,56
2,57
2,58
2,59
2,60
2,61
3,62
2,63
2,64
2,65
2,66
2,67
2,68
2,69
2,70
2,71
1,72
1,73
2,74
2,75
2,76
2,77
2,78
2,79
2,80
2,81
2,82
2,83
2,84
2,85
3,86
3,87
3,88
3,89
3,90
47,90
48,90
49,90
50,90
51,90
52,90
4,91
42,91
43,91
44,91
45,91
46,91
53,91
54,91
55,91
4,92
41,92
56,92
4,93
39,93
40,93
57,93
4,94
37,94
38,94
58,94
59,94
4,95
36,95
60,95
4,96
36,96
61,96
5,97
33,97
34,97
35,97
61,97
6,98
31,98
32,98
62,98
6,99
29,99
30,99
63,99
7,100
27,100
28,100
63,100
7,101
26,101
63,101
8,102
24,102
25,102
63,102
9,103
10,103
23,103
64,103
11,104
12,104
21,104
22,104
64,104
13,105
14,105
15,105
16,105
17,105
18,105
19,105
20,105
65,105
65,106
66,107
66,108
67,109
67,110
67,111
67,112
67,113
68,114
68,115
68,116
68,117
68,118
69,119
69,120
69,121
69,122
69,123
69,124
69,125
68,126
68,127
68,128
68,129
67,130
68,131
68,132
67,133
67,134
67,135
66,136
66,137
65,138
65,139
64,140
64,141
63,142
64,143
63,144
13,145
14,145
15,145
16,145
17,145
18,145
19,145
20,145
21,145
62,145
12,146
22,146
62,146
9,147
10,147
11,147
23,147
24,147
62,147
7,148
8,148
25,148
26,148
27,148
61,148
6,149
28,149
29,149
60,149
5,150
30,150
59,150
4,151
31,151
58,151
4,152
32,152
33,152
57,152
3,153
34,153
35,153
55,153
56,153
2,154
36,154
37,154
38,154
54,154
2,155
39,155
54,155
2,156
40,156
41,156
52,156
53,156
2,157
42,157
43,157
51,157
2,158
44,158
45,158
50,158
2,159
46,159
47,159
48,159
49,159
2,160
2,161
2,162
1,163
1,164
1,165
1,166
1,167
1,168
0,169
1,170
1,171
1,172
1,173
1,174
1,175
1,176
0,177
0,178
0,179
0,180
0,181
1,182
1,183
1,184
1,185
1,186
1,187
1,188
0,189
1,190
1,191
1,192
2,193
1,194
1,195
1,196
1,197
1,198
1,199
1,200
1,201
1,202
1,203
1,204
2,205
2,206
2,207
2,208
2,209
2,210
2,211
2,212
2,213
2,214
2,215
2,216
3,217
3,218
3,219
3,220
3,221
3,222
3,223
3,224
3,225
3,226
3,227
3,228
4,229
4,230
4,231
4,232
4,233
4,234
4,235
4,236
4,237
4,238
4,239
4,240
5,241
4,242
4,243
5,244
5,245
5,246