88,0
89,0
90,0
91,0
92,0
93,0
94,0
98,0
99,0
100,0
101,0
102,0
87,1
95,1
96,1
97,1
103,1
104,1
105,1
106,1
109,1
110,1
111,1
112,1
113,1
114,1
88,2
107,2
108,2
115,2
116,2
118,2
120,2
121,2
122,2
88,3
117,3
119,3
123,3
124,3
125,3
126,3
127,3
128,3
129,3
130,3
131,3
132,3
87,4
133,4
134,4
135,4
136,4
137,4
138,4
87,5
139,5
140,5
141,5
142,5
143,5
144,5
145,5
87,6
146,6
147,6
148,6
149,6
87,7
150,7
151,7
312,7
313,7
87,8
152,8
153,8
154,8
155,8
290,8
291,8
292,8
293,8
294,8
301,8
302,8
303,8
304,8
305,8
306,8
307,8
308,8
309,8
310,8
311,8
314,8
315,8
316,8
86,9
156,9
256,9
257,9
258,9
267,9
268,9
269,9
270,9
271,9
272,9
279,9
280,9
281,9
282,9
283,9
284,9
285,9
286,9
287,9
288,9
289,9
295,9
296,9
297,9
298,9
299,9
300,9
317,9
318,9
319,9
86,10
157,10
158,10
159,10
239,10
240,10
245,10
246,10
247,10
248,10
249,10
250,10
251,10
252,10
253,10
254,10
255,10
259,10
260,10
261,10
262,10
263,10
264,10
265,10
266,10
273,10
274,10
275,10
276,10
277,10
278,10
320,10
86,11
160,11
233,11
234,11
235,11
236,11
237,11
238,11
241,11
242,11
243,11
244,11
321,11
86,12
161,12
232,12
320,12
87,13
162,13
228,13
229,13
230,13
231,13
320,13
86,14
162,14
227,14
321,14
86,15
163,15
225,15
226,15
322,15
86,16
164,16
224,16
322,16
86,17
164,17
223,17
322,17
86,18
165,18
223,18
322,18
85,19
165,19
223,19
322,19
85,20
166,20
222,20
322,20
85,21
167,21
222,21
322,21
85,22
167,22
222,22
322,22
85,23
167,23
222,23
321,23
86,24
167,24
221,24
322,24
86,25
167,25
221,25
323,25
85,26
167,26
221,26
322,26
85,27
167,27
221,27
322,27
85,28
167,28
221,28
322,28
85,29
166,29
221,29
322,29
85,30
166,30
222,30
322,30
84,31
166,31
223,31
322,31
84,32
166,32
223,32
322,32
84,33
166,33
223,33
322,33
84,34
166,34
223,34
322,34
83,35
165,35
223,35
321,35
84,36
164,36
223,36
322,36
84,37
164,37
224,37
323,37
84,38
163,38
225,38
323,38
84,39
162,39
226,39
323,39
83,40
161,40
227,40
322,40
83,41
160,41
228,41
322,41
83,42
159,42
228,42
322,42
83,43
158,43
229,43
322,43
82,44
158,44
229,44
321,44
82,45
158,45
229,45
321,45
82,46
156,46
157,46
229,46
322,46
83,47
155,47
230,47
322,47
83,48
155,48
231,48
322,48
83,49
154,49
232,49
322,49
82,50
153,50
232,50
322,50
82,51
152,51
233,51
322,51
82,52
151,52
234,52
322,52
82,53
149,53
150,53
234,53
322,53
82,54
148,54
235,54
322,54
81,55
148,55
236,55
322,55
82,56
149,56
236,56
322,56
82,57
149,57
237,57
321,57
81,58
148,58
237,58
321,58
82,59
148,59
238,59
322,59
81,60
147,60
238,60
322,60
81,61
147,61
239,61
322,61
81,62
147,62
239,62
322,62
80,63
147,63
240,63
322,63
80,64
147,64
241,64
322,64
81,65
147,65
240,65
322,65
81,66
147,66
240,66
321,66
81,67
148,67
240,67
321,67
80,68
148,68
240,68
321,68
80,69
148,69
240,69
321,69
81,70
149,70
239,70
322,70
81,71
150,71
239,71
322,71
81,72
150,72
237,72
238,72
322,72
80,73
150,73
236,73
322,73
80,74
151,74
237,74
322,74
80,75
151,75
236,75
323,75
79,76
152,76
153,76
235,76
323,76
79,77
154,77
234,77
324,77
78,78
155,78
156,78
233,78
324,78
372,78
373,78
374,78
375,78
376,78
377,78
79,79
157,79
232,79
324,79
369,79
370,79
371,79
378,79
379,79
380,79
78,80
158,80
159,80
232,80
324,80
367,80
368,80
381,80
382,80
383,80
79,81
160,81
161,81
230,81
231,81
324,81
365,81
366,81
384,81
23,82
24,82
79,82
162,82
227,82
228,82
229,82
325,82
362,82
363,82
364,82
385,82
22,83
25,83
26,83
27,83
28,83
29,83
79,83
163,83
164,83
165,83
225,83
226,83
325,83
361,83
386,83
20,84
21,84
30,84
31,84
33,84
34,84
79,84
166,84
167,84
168,84
169,84
170,84
220,84
221,84
224,84
326,84
359,84
360,84
387,84
18,85
19,85
32,85
35,85
36,85
78,85
171,85
172,85
173,85
219,85
222,85
223,85
327,85
357,85
358,85
388,85
16,86
17,86
37,86
78,86
174,86
175,86
176,86
177,86
180,86
215,86
216,86
217,86
218,86
328,86
355,86
356,86
389,86
15,87
38,87
78,87
178,87
179,87
181,87
182,87
183,87
184,87
185,87
186,87
187,87
188,87
189,87
190,87
192,87
193,87
214,87
329,87
352,87
353,87
354,87
390,87
14,88
39,88
40,88
78,88
191,88
194,88
195,88
196,88
197,88
198,88
199,88
200,88
203,88
204,88
205,88
206,88
207,88
208,88
209,88
210,88
211,88
212,88
213,88
330,88
350,88
351,88
391,88
14,89
41,89
42,89
78,89
201,89
202,89
331,89
347,89
348,89
349,89
391,89
13,90
43,90
77,90
332,90
333,90
343,90
344,90
345,90
346,90
392,90
12,91
44,91
45,91
46,91
77,91
334,91
335,91
336,91
337,91
338,91
339,91
340,91
341,91
342,91
393,91
11,92
47,92
76,92
393,92
10,93
48,93
76,93
394,93
10,94
49,94
50,94
75,94
395,94
10,95
51,95
52,95
75,95
395,95
11,96
53,96
54,96
55,96
74,96
395,96
9,97
10,97
56,97
57,97
58,97
73,97
396,97
8,98
59,98
60,98
68,98
69,98
70,98
71,98
72,98
396,98
8,99
61,99
62,99
63,99
64,99
65,99
66,99
67,99
396,99
7,100
397,100
7,101
398,101
6,102
398,102
6,103
398,103
5,104
398,104
4,105
399,105
4,106
399,106
5,107
399,107
4,108
399,108
4,109
400,109
3,110
399,110
3,111
399,111
3,112
400,112
2,113
399,113
1,114
400,114
1,115
400,115
1,116
400,116
1,117
400,117
1,118
401,118
2,119
400,119
1,120
401,120
1,121
400,121
1,122
400,122
1,123
401,123
1,124
401,124
1,125
402,125
1,126
401,126
1,127
401,127
0,128
401,128
1,129
401,129
2,130
401,130
2,131
401,131
2,132
401,132
2,133
401,133
2,134
401,134
2,135
402,135
3,136
401,136
3,137
401,137
3,138
400,138
3,139
401,139
3,140
400,140
4,141
401,141
4,142
400,142
4,143
400,143
5,144
400,144
5,145
400,145
5,146
401,146
6,147
400,147
6,148
399,148
7,149
399,149
7,150
399,150
8,151
398,151
9,152
398,152
9,153
59,153
60,153
61,153
62,153
63,153
64,153
65,153
66,153
67,153
398,153
10,154
57,154
58,154
68,154
69,154
70,154
398,154
10,155
54,155
55,155
56,155
71,155
397,155
11,156
52,156
53,156
72,156
397,156
11,157
49,157
50,157
51,157
72,157
397,157
12,158
48,158
73,158
397,158
13,159
14,159
44,159
45,159
46,159
47,159
73,159
342,159
343,159
396,159
15,160
40,160
41,160
42,160
43,160
73,160
337,160
338,160
339,160
340,160
341,160
344,160
395,160
16,161
37,161
38,161
39,161
74,161
335,161
336,161
345,161
346,161
347,161
395,161
17,162
18,162
36,162
75,162
334,162
348,162
349,162
394,162
19,163
20,163
26,163
27,163
28,163
29,163
30,163
31,163
32,163
33,163
34,163
35,163
75,163
333,163
350,163
393,163
21,164
22,164
23,164
24,164
25,164
76,164
332,164
351,164
352,164
353,164
393,164
76,165
331,165
354,165
392,165
76,166
330,166
355,166
391,166
76,167
330,167
356,167
389,167
390,167
76,168
329,168
357,168
388,168
76,169
328,169
358,169
359,169
388,169
76,170
325,170
328,170
360,170
361,170
387,170
76,171
324,171
326,171
328,171
362,171
386,171
77,172
325,172
328,172
363,172
383,172
384,172
385,172
77,173
328,173
364,173
365,173
366,173
382,173
77,174
327,174
367,174
379,174
380,174
381,174
77,175
327,175
368,175
369,175
376,175
377,175
378,175
77,176
326,176
370,176
371,176
372,176
373,176
374,176
375,176
77,177
326,177
77,178
326,178
77,179
325,179
77,180
325,180
77,181
325,181
77,182
325,182
78,183
325,183
78,184
325,184
78,185
325,185
78,186
325,186
78,187
325,187
78,188
325,188
78,189
324,189
78,190
325,190
78,191
324,191
78,192
324,192
78,193
324,193
79,194
324,194
79,195
325,195
79,196
325,196
79,197
325,197
79,198
325,198
78,199
325,199
78,200
325,200
78,201
325,201
78,202
325,202
79,203
325,203
79,204
325,204
80,205
325,205
80,206
326,206
80,207
326,207
80,208
208,208
209,208
210,208
211,208
212,208
213,208
214,208
215,208
326,208
80,209
203,209
204,209
205,209
206,209
207,209
216,209
217,209
218,209
220,209
221,209
326,209
80,210
200,210
201,210
202,210
219,210
222,210
223,210
224,210
225,210
326,210
80,211
198,211
199,211
226,211
227,211
326,211
80,212
197,212
228,212
326,212
80,213
193,213
194,213
195,213
196,213
229,213
326,213
80,214
191,214
192,214
230,214
231,214
232,214
233,214
326,214
80,215
190,215
234,215
326,215
80,216
188,216
189,216
234,216
326,216
81,217
186,217
187,217
235,217
236,217
327,217
81,218
183,218
185,218
237,218
327,218
81,219
182,219
184,219
238,219
327,219
81,220
182,220
239,220
327,220
81,221
179,221
182,221
240,221
241,221
327,221
81,222
178,222
180,222
181,222
242,222
327,222
80,223
179,223
182,223
243,223
327,223
80,224
181,224
244,224
327,224
80,225
178,225
180,225
244,225
327,225
81,226
177,226
179,226
245,226
327,226
81,227
178,227
245,227
327,227
82,228
179,228
245,228
328,228
82,229
178,229
246,229
328,229
81,230
177,230
246,230
328,230
81,231
177,231
246,231
328,231
81,232
178,232
246,232
328,232
81,233
178,233
246,233
328,233
81,234
178,234
246,234
328,234
82,235
179,235
245,235
328,235
82,236
179,236
245,236
328,236
82,237
179,237
244,237
328,237
82,238
180,238
244,238
328,238
83,239
180,239
243,239
327,239
83,240
180,240
242,240
328,240
82,241
181,241
242,241
329,241
82,242
181,242
241,242
329,242
82,243
181,243
241,243
329,243
83,244
182,244
241,244
328,244
82,245
182,245
240,245
328,245
82,246
183,246
184,246
240,246
328,246
83,247
185,247
239,247
328,247
83,248
185,248
238,248
329,248
82,249
185,249
237,249
329,249
83,250
186,250
237,250
329,250
83,251
186,251
236,251
329,251
83,252
187,252
235,252
329,252
83,253
187,253
234,253
329,253
83,254
187,254
233,254
329,254
83,255
188,255
233,255
329,255
83,256
189,256
233,256
329,256
83,257
190,257
233,257
329,257
84,258
190,258
232,258
329,258
83,259
190,259
232,259
329,259
84,260
190,260
231,260
329,260
84,261
191,261
231,261
329,261
85,262
190,262
230,262
330,262
85,263
190,263
230,263
330,263
85,264
190,264
230,264
330,264
84,265
190,265
230,265
330,265
84,266
190,266
230,266
330,266
84,267
190,267
231,267
330,267
84,268
190,268
231,268
330,268
84,269
189,269
231,269
329,269
84,270
189,270
232,270
329,270
84,271
188,271
233,271
330,271
84,272
186,272
187,272
233,272
330,272
85,273
184,273
185,273
234,273
330,273
85,274
180,274
181,274
182,274
183,274
235,274
236,274
237,274
330,274
85,275
177,275
178,275
179,275
238,275
239,275
330,275
85,276
166,276
169,276
170,276
171,276
172,276
173,276
174,276
175,276
176,276
240,276
241,276
242,276
243,276
245,276
246,276
247,276
248,276
330,276
85,277
155,277
156,277
157,277
158,277
159,277
160,277
161,277
162,277
163,277
164,277
165,277
167,277
168,277
244,277
249,277
250,277
251,277
330,277
85,278
144,278
145,278
146,278
147,278
148,278
149,278
150,278
151,278
152,278
153,278
154,278
252,278
253,278
254,278
255,278
256,278
257,278
258,278
259,278
260,278
330,278
85,279
141,279
142,279
143,279
261,279
262,279
263,279
264,279
265,279
268,279
269,279
270,279
330,279
85,280
133,280
134,280
135,280
136,280
137,280
138,280
139,280
140,280
266,280
267,280
271,280
272,280
273,280
274,280
275,280
279,280
280,280
281,280
329,280
85,281
121,281
122,281
123,281
124,281
125,281
126,281
127,281
128,281
129,281
130,281
131,281
132,281
276,281
277,281
278,281
282,281
283,281
284,281
285,281
286,281
329,281
85,282
110,282
111,282
112,282
113,282
114,282
115,282
116,282
117,282
118,282
119,282
120,282
287,282
288,282
289,282
290,282
291,282
292,282
293,282
294,282
295,282
296,282
329,282
85,283
104,283
105,283
106,283
107,283
108,283
109,283
297,283
298,283
299,283
300,283
302,283
303,283
304,283
305,283
329,283
86,284
91,284
92,284
93,284
99,284
100,284
101,284
102,284
103,284
301,284
306,284
307,284
308,284
309,284
310,284
311,284
312,284
313,284
314,284
315,284
316,284
317,284
329,284
87,285
88,285
89,285
90,285
94,285
95,285
96,285
97,285
98,285
318,285
319,285
320,285
321,285
322,285
323,285
325,285
330,285
324,286
326,286
327,286
330,286
328,287
329,287