63,0
62,1
62,2
62,3
62,4
62,5
62,6
62,7
63,8
63,9
63,10
64,11
63,12
63,13
63,14
63,15
63,16
63,17
63,18
63,19
63,20
63,21
63,22
64,23
64,24
64,25
64,26
64,27
64,28
64,29
64,30
64,31
64,32
64,33
64,34
64,35
65,36
65,37
65,38
65,39
65,40
65,41
65,42
65,43
65,44
65,45
65,46
65,47
66,48
66,49
66,50
66,51
66,52
66,53
66,54
66,55
66,56
66,57
66,58
66,59
66,60
67,61
67,62
67,63
67,64
67,65
67,66
67,67
66,68
66,69
66,70
66,71
66,72
67,73
67,74
67,75
67,76
67,77
67,78
67,79
67,80
67,81
67,82
67,83
67,84
67,85
68,86
68,87
68,88
68,89
68,90
68,91
68,92
68,93
67,94
67,95
67,96
67,97
68,98
68,99
68,100
68,101
68,102
68,103
68,104
68,105
67,106
67,107
67,108
67,109
67,110
67,111
19,112
20,112
21,112
22,112
23,112
24,112
25,112
26,112
29,112
67,112
18,113
27,113
28,113
30,113
31,113
32,113
67,113
16,114
17,114
33,114
34,114
35,114
67,114
15,115
36,115
66,115
14,116
37,116
66,116
13,117
38,117
39,117
40,117
41,117
65,117
12,118
42,118
44,118
65,118
11,119
43,119
45,119
46,119
47,119
63,119
64,119
10,120
48,120
49,120
61,120
62,120
9,121
50,121
51,121
52,121
53,121
58,121
59,121
60,121
8,122
54,122
55,122
56,122
57,122
8,123
7,124
8,125
7,126
7,127
6,128
5,129
4,130
4,131
4,132
3,133
3,134
2,135
2,136
1,137
2,138
2,139
1,140
1,141
1,142
0,143
0,144
0,145
0,146
0,147
0,148
0,149
0,150
1,151
1,152
1,153
1,154
2,155
3,156
3,157
3,158
4,159
4,160
4,161
5,162
6,163
7,164
8,165
8,166
58,166
59,166
60,166
61,166
62,166
63,166
64,166
65,166
8,167
57,167
66,167
9,168
56,168
67,168
10,169
54,169
55,169
68,169
10,170
53,170
69,170
11,171
49,171
50,171
51,171
52,171
69,171
12,172
47,172
48,172
70,172
13,173
46,173
71,173
14,174
15,174
45,174
72,174
16,175
43,175
44,175
72,175
17,176
40,176
41,176
42,176
72,176
17,177
37,177
38,177
39,177
72,177
18,178
34,178
35,178
36,178
72,178
19,179
20,179
21,179
22,179
23,179
28,179
29,179
30,179
31,179
32,179
33,179
72,179
24,180
25,180
26,180
27,180
72,180
71,181
71,182
71,183
72,184
73,185
72,186
72,187
72,188
72,189
72,190
72,191
72,192
71,193
71,194
71,195
71,196
70,197
71,198
71,199
72,200
72,201
72,202
72,203
72,204
71,205
71,206
70,207
70,208
70,209
71,210
72,211
71,212
71,213
71,214
70,215
70,216
70,217
70,218
70,219
70,220
70,221
69,222
70,223
70,224
70,225
70,226
69,227
69,228
69,229
69,230
68,231
68,232
68,233
68,234
69,235
69,236
69,237
68,238
68,239
68,240
68,241
67,242
67,243
67,244
67,245
67,246
67,247
67,248
67,249
67,250
67,251
67,252
67,253
67,254
67,255
66,256
66,257
65,258
65,259
66,260
66,261
66,262
65,263
65,264
65,265
65,266
65,267
65,268
64,269
64,270
64,271
64,272
65,273
65,274
65,275
64,276
64,277
64,278
64,279
63,280
63,281
63,282
63,283
63,284
64,285
64,286
64,287
64,288
63,289
63,290
63,291
63,292
63,293
63,294
62,295
62,296
62,297
63,298