140,0
141,0
238,0
239,0
240,0
241,0
242,0
84,1
85,1
86,1
87,1
88,1
89,1
90,1
91,1
92,1
98,1
99,1
100,1
101,1
102,1
103,1
104,1
105,1
106,1
107,1
108,1
109,1
110,1
112,1
113,1
114,1
115,1
116,1
117,1
118,1
119,1
120,1
121,1
122,1
123,1
124,1
125,1
126,1
127,1
128,1
129,1
130,1
131,1
132,1
133,1
134,1
135,1
136,1
137,1
138,1
139,1
142,1
143,1
144,1
145,1
146,1
147,1
148,1
149,1
150,1
151,1
235,1
236,1
237,1
243,1
244,1
245,1
246,1
247,1
248,1
249,1
252,1
253,1
254,1
255,1
256,1
257,1
258,1
259,1
260,1
261,1
266,1
82,2
83,2
93,2
94,2
95,2
96,2
97,2
111,2
152,2
153,2
154,2
155,2
156,2
157,2
228,2
229,2
230,2
231,2
232,2
233,2
234,2
250,2
251,2
262,2
263,2
265,2
267,2
268,2
269,2
270,2
271,2
272,2
273,2
274,2
275,2
276,2
277,2
278,2
280,2
281,2
282,2
283,2
284,2
285,2
286,2
295,2
296,2
297,2
298,2
309,2
81,3
158,3
226,3
227,3
264,3
279,3
287,3
288,3
289,3
290,3
291,3
292,3
293,3
294,3
299,3
300,3
301,3
302,3
303,3
304,3
305,3
306,3
307,3
308,3
310,3
311,3
312,3
313,3
314,3
315,3
316,3
317,3
318,3
319,3
320,3
321,3
322,3
323,3
324,3
325,3
326,3
327,3
337,3
338,3
339,3
340,3
81,4
159,4
160,4
225,4
328,4
329,4
330,4
331,4
332,4
333,4
334,4
335,4
336,4
341,4
342,4
343,4
344,4
345,4
346,4
347,4
348,4
81,5
161,5
224,5
349,5
81,6
162,6
224,6
350,6
81,7
163,7
164,7
223,7
350,7
81,8
165,8
223,8
350,8
81,9
165,9
223,9
350,9
81,10
165,10
223,10
350,10
81,11
164,11
222,11
350,11
81,12
164,12
222,12
350,12
81,13
164,13
222,13
350,13
81,14
164,14
222,14
351,14
81,15
164,15
223,15
351,15
81,16
164,16
223,16
351,16
81,17
163,17
223,17
351,17
81,18
162,18
223,18
351,18
81,19
162,19
224,19
351,19
81,20
161,20
224,20
351,20
81,21
162,21
225,21
351,21
81,22
161,22
225,22
351,22
81,23
160,23
226,23
351,23
82,24
160,24
226,24
351,24
81,25
160,25
226,25
351,25
81,26
159,26
227,26
351,26
81,27
159,27
227,27
351,27
81,28
158,28
227,28
351,28
81,29
158,29
228,29
351,29
81,30
157,30
228,30
351,30
81,31
156,31
229,31
352,31
81,32
156,32
230,32
352,32
81,33
155,33
230,33
352,33
81,34
155,34
231,34
351,34
81,35
155,35
231,35
351,35
81,36
155,36
232,36
351,36
81,37
154,37
232,37
351,37
82,38
154,38
232,38
352,38
82,39
154,39
232,39
352,39
81,40
153,40
233,40
352,40
81,41
153,41
233,41
352,41
81,42
152,42
234,42
353,42
81,43
152,43
234,43
353,43
81,44
151,44
234,44
352,44
81,45
151,45
234,45
352,45
81,46
151,46
235,46
352,46
81,47
150,47
235,47
352,47
81,48
150,48
235,48
352,48
81,49
150,49
235,49
352,49
81,50
150,50
235,50
352,50
80,51
150,51
234,51
352,51
81,52
150,52
234,52
352,52
81,53
151,53
233,53
352,53
82,54
151,54
233,54
352,54
81,55
151,55
232,55
352,55
81,56
151,56
232,56
353,56
81,57
151,57
231,57
353,57
81,58
152,58
230,58
353,58
81,59
153,59
229,59
353,59
81,60
154,60
228,60
353,60
81,61
155,61
156,61
228,61
353,61
81,62
157,62
227,62
353,62
81,63
158,63
159,63
226,63
353,63
81,64
160,64
224,64
225,64
353,64
81,65
161,65
223,65
353,65
82,66
162,66
163,66
164,66
220,66
221,66
222,66
353,66
82,67
165,67
218,67
219,67
353,67
82,68
166,68
215,68
216,68
217,68
353,68
81,69
167,69
168,69
169,69
170,69
171,69
213,69
214,69
353,69
81,70
172,70
173,70
174,70
212,70
354,70
81,71
175,71
207,71
208,71
209,71
210,71
211,71
354,71
81,72
176,72
177,72
178,72
179,72
180,72
204,72
205,72
206,72
354,72
81,73
181,73
182,73
185,73
186,73
187,73
199,73
200,73
201,73
202,73
203,73
354,73
81,74
183,74
184,74
188,74
189,74
190,74
191,74
192,74
193,74
194,74
195,74
196,74
197,74
198,74
354,74
81,75
354,75
81,76
354,76
81,77
353,77
81,78
353,78
80,79
353,79
81,80
353,80
81,81
353,81
81,82
352,82
18,83
19,83
20,83
21,83
22,83
23,83
24,83
25,83
26,83
81,83
352,83
17,84
27,84
28,84
29,84
30,84
81,84
298,84
299,84
300,84
301,84
302,84
303,84
304,84
305,84
306,84
353,84
16,85
31,85
80,85
296,85
297,85
307,85
308,85
309,85
310,85
311,85
312,85
313,85
353,85
14,86
15,86
32,86
80,86
294,86
295,86
314,86
315,86
316,86
352,86
13,87
33,87
34,87
35,87
80,87
292,87
293,87
317,87
318,87
319,87
352,87
12,88
36,88
79,88
291,88
320,88
351,88
11,89
37,89
79,89
289,89
290,89
321,89
322,89
323,89
324,89
326,89
350,89
10,90
38,90
79,90
288,90
325,90
327,90
328,90
350,90
9,91
39,91
79,91
287,91
329,91
330,91
348,91
349,91
8,92
40,92
41,92
78,92
286,92
331,92
332,92
333,92
340,92
341,92
342,92
343,92
344,92
345,92
346,92
347,92
7,93
42,93
43,93
77,93
286,93
334,93
335,93
336,93
337,93
338,93
339,93
7,94
44,94
45,94
78,94
284,94
285,94
6,95
46,95
47,95
77,95
283,95
6,96
48,96
77,96
283,96
6,97
49,97
77,97
283,97
5,98
50,98
51,98
52,98
75,98
76,98
282,98
5,99
53,99
74,99
281,99
4,100
54,100
55,100
73,100
280,100
4,101
56,101
57,101
59,101
60,101
73,101
280,101
4,102
58,102
61,102
62,102
63,102
70,102
71,102
72,102
280,102
3,103
64,103
65,103
66,103
67,103
68,103
69,103
279,103
3,104
279,104
3,105
278,105
2,106
277,106
2,107
277,107
2,108
276,108
2,109
276,109
1,110
275,110
2,111
275,111
2,112
275,112
2,113
274,113
2,114
274,114
1,115
275,115
1,116
274,116
1,117
274,117
0,118
273,118
0,119
273,119
0,120
273,120
0,121
273,121
0,122
273,122
0,123
273,123
0,124
273,124
1,125
273,125
1,126
273,126
1,127
273,127
1,128
273,128
1,129
274,129
1,130
275,130
1,131
275,131
1,132
275,132
1,133
276,133
1,134
276,134
1,135
276,135
1,136
276,136
1,137
277,137
1,138
277,138
2,139
278,139
3,140
279,140
3,141
279,141
3,142
279,142
3,143
280,143
4,144
281,144
4,145
282,145
4,146
63,146
64,146
65,146
66,146
67,146
68,146
69,146
70,146
282,146
4,147
61,147
62,147
71,147
72,147
283,147
4,148
58,148
59,148
60,148
73,148
283,148
348,148
5,149
56,149
57,149
74,149
75,149
76,149
284,149
335,149
336,149
337,149
338,149
339,149
340,149
341,149
342,149
343,149
344,149
345,149
346,149
347,149
349,149
350,149
5,150
54,150
55,150
77,150
285,150
331,150
332,150
333,150
334,150
351,150
6,151
53,151
78,151
286,151
330,151
352,151
7,152
50,152
51,152
52,152
79,152
287,152
328,152
329,152
352,152
8,153
49,153
79,153
288,153
327,153
353,153
8,154
47,154
48,154
80,154
289,154
323,154
324,154
325,154
326,154
354,154
8,155
46,155
80,155
290,155
321,155
322,155
355,155
9,156
45,156
80,156
291,156
320,156
356,156
9,157
44,157
80,157
292,157
293,157
316,157
317,157
318,157
319,157
356,157
10,158
42,158
43,158
80,158
294,158
295,158
314,158
315,158
356,158
10,159
40,159
41,159
81,159
296,159
297,159
298,159
300,159
301,159
313,159
356,159
11,160
39,160
81,160
299,160
302,160
303,160
304,160
305,160
306,160
307,160
308,160
309,160
310,160
311,160
312,160
356,160
12,161
37,161
38,161
81,161
357,161
13,162
35,162
36,162
81,162
357,162
14,163
34,163
81,163
357,163
15,164
33,164
82,164
357,164
16,165
17,165
32,165
82,165
357,165
18,166
19,166
20,166
21,166
30,166
31,166
82,166
357,166
22,167
23,167
24,167
25,167
26,167
27,167
28,167
29,167
82,167
357,167
82,168
358,168
82,169
357,169
82,170
358,170
82,171
357,171
82,172
357,172
82,173
357,173
82,174
357,174
82,175
357,175
81,176
357,176
81,177
357,177
82,178
357,178
82,179
357,179
82,180
357,180
82,181
357,181
82,182
358,182
82,183
358,183
82,184
358,184
82,185
358,185
82,186
358,186
81,187
358,187
81,188
358,188
81,189
357,189
81,190
357,190
81,191
357,191
82,192
357,192
82,193
357,193
82,194
357,194
81,195
357,195
81,196
358,196
81,197
358,197
81,198
358,198
80,199
357,199
80,200
357,200
80,201
358,201
80,202
358,202
80,203
357,203
80,204
357,204
80,205
357,205
81,206
357,206
81,207
357,207
81,208
357,208
81,209
356,209
81,210
356,210
80,211
357,211
80,212
357,212
80,213
357,213
80,214
357,214
80,215
356,215
80,216
356,216
80,217
356,217
79,218
260,218
261,218
262,218
263,218
264,218
265,218
266,218
267,218
268,218
269,218
270,218
271,218
272,218
273,218
274,218
275,218
276,218
277,218
278,218
279,218
280,218
281,218
288,218
356,218
79,219
259,219
282,219
283,219
284,219
285,219
286,219
287,219
289,219
290,219
291,219
292,219
293,219
294,219
295,219
296,219
297,219
302,219
303,219
304,219
305,219
356,219
80,220
162,220
163,220
164,220
165,220
166,220
167,220
168,220
169,220
256,220
257,220
258,220
298,220
299,220
300,220
301,220
306,220
307,220
308,220
309,220
310,220
311,220
312,220
313,220
316,220
317,220
318,220
319,220
320,220
321,220
356,220
80,221
155,221
156,221
157,221
158,221
159,221
160,221
161,221
170,221
171,221
172,221
173,221
174,221
175,221
176,221
177,221
178,221
254,221
255,221
314,221
315,221
322,221
323,221
324,221
325,221
326,221
327,221
328,221
329,221
330,221
331,221
332,221
333,221
334,221
335,221
336,221
337,221
338,221
339,221
355,221
80,222
149,222
150,222
151,222
152,222
153,222
154,222
179,222
180,222
253,222
340,222
341,222
342,222
343,222
344,222
345,222
346,222
347,222
348,222
349,222
350,222
351,222
352,222
353,222
354,222
80,223
148,223
181,223
252,223
80,224
138,224
139,224
140,224
141,224
142,224
143,224
144,224
145,224
146,224
147,224
182,224
183,224
251,224
80,225
134,225
135,225
136,225
137,225
184,225
250,225
80,226
125,226
126,226
127,226
128,226
129,226
130,226
131,226
132,226
133,226
184,226
249,226
80,227
120,227
121,227
122,227
123,227
124,227
185,227
249,227
79,228
115,228
116,228
117,228
118,228
119,228
185,228
249,228
79,229
106,229
107,229
108,229
109,229
110,229
111,229
112,229
113,229
114,229
185,229
248,229
79,230
105,230
185,230
248,230
80,231
96,231
97,231
98,231
99,231
100,231
101,231
102,231
103,231
104,231
186,231
248,231
79,232
92,232
93,232
94,232
95,232
186,232
248,232
80,233
82,233
88,233
89,233
90,233
91,233
186,233
248,233
81,234
83,234
84,234
85,234
86,234
87,234
186,234
248,234
187,235
248,235
187,236
248,236
187,237
248,237
187,238
249,238
186,239
249,239
185,240
249,240
185,241
249,241
184,242
250,242
184,243
251,243
183,244
252,244
184,245
252,245
183,246
253,246
183,247
253,247
182,248
254,248
181,249
254,249
181,250
255,250
180,251
255,251
179,252
255,252
178,253
256,253
177,254
257,254
177,255
258,255
176,256
259,256
175,257
260,257
174,258
261,258
175,259
261,259
173,260
174,260
262,260
172,261
263,261
171,262
263,262
171,263
264,263
170,264
264,264
169,265
265,265
169,266
265,266
168,267
265,267
168,268
265,268
168,269
265,269
168,270
266,270
168,271
265,271
168,272
265,272
168,273
265,273
169,274
264,274
169,275
263,275
170,276
262,276
170,277
262,277
170,278
261,278
171,279
261,279
172,280
260,280
173,281
258,281
259,281
173,282
257,282
174,283
256,283
175,284
256,284
176,285
254,285
255,285
177,286
178,286
179,286
252,286
253,286
180,287
181,287
182,287
250,287
251,287
183,288
249,288
184,289
246,289
247,289
248,289
185,290
186,290
187,290
188,290
192,290
243,290
244,290
245,290
189,291
190,291
191,291
193,291
194,291
235,291
236,291
237,291
238,291
239,291
240,291
241,291
242,291
195,292
196,292
197,292
198,292
199,292
200,292
207,292
221,292
232,292
233,292
234,292
201,293
202,293
203,293
204,293
205,293
206,293
208,293
209,293
210,293
211,293
212,293
213,293
214,293
215,293
216,293
217,293
218,293
219,293
220,293
222,293
223,293
224,293
225,293
226,293
227,293
228,293
229,293
230,293
231,293