91,0
91,1
92,2
91,3
91,4
91,5
91,6
91,7
91,8
91,9
91,10
90,11
90,12
90,13
90,14
90,15
90,16
90,17
90,18
90,19
89,20
90,21
90,22
90,23
90,24
90,25
90,26
89,27
89,28
89,29
89,30
89,31
89,32
89,33
89,34
88,35
88,36
88,37
88,38
88,39
88,40
88,41
88,42
88,43
88,44
88,45
87,46
87,47
87,48
87,49
87,50
87,51
87,52
87,53
87,54
87,55
87,56
86,57
86,58
86,59
86,60
86,61
86,62
86,63
86,64
85,65
85,66
85,67
85,68
85,69
85,70
85,71
84,72
84,73
85,74
84,75
83,76
27,77
28,77
29,77
30,77
31,77
32,77
82,77
22,78
23,78
24,78
25,78
26,78
33,78
34,78
35,78
36,78
37,78
38,78
39,78
40,78
41,78
42,78
43,78
82,78
20,79
21,79
44,79
45,79
82,79
18,80
19,80
46,80
47,80
48,80
82,80
17,81
49,81
50,81
51,81
81,81
17,82
52,82
53,82
54,82
79,82
80,82
16,83
55,83
56,83
74,83
75,83
76,83
77,83
78,83
15,84
57,84
58,84
71,84
72,84
73,84
13,85
14,85
59,85
60,85
61,85
70,85
12,86
62,86
64,86
65,86
66,86
67,86
68,86
69,86
12,87
63,87
12,88
11,89
10,90
9,91
8,92
7,93
7,94
7,95
7,96
6,97
5,98
5,99
4,100
4,101
4,102
3,103
3,104
2,105
2,106
1,107
1,108
0,109
0,110
0,111
1,112
1,113
1,114
1,115
1,116
1,117
1,118
1,119
1,120
1,121
1,122
2,123
2,124
1,125
2,126
2,127
3,128
3,129
4,130
4,131
5,132
5,133
5,134
6,135
6,136
6,137
7,138
7,139
63,139
64,139
65,139
66,139
67,139
68,139
69,139
70,139
71,139
8,140
59,140
60,140
61,140
62,140
72,140
73,140
9,141
56,141
57,141
58,141
74,141
75,141
9,142
54,142
55,142
76,142
10,143
52,143
53,143
77,143
11,144
49,144
50,144
51,144
78,144
12,145
48,145
79,145
80,145
13,146
46,146
47,146
81,146
14,147
44,147
45,147
81,147
15,148
42,148
43,148
81,148
16,149
17,149
39,149
40,149
41,149
82,149
18,150
19,150
20,150
37,150
38,150
82,150
21,151
22,151
23,151
24,151
25,151
26,151
27,151
28,151
29,151
30,151
31,151
32,151
33,151
34,151
35,151
36,151
82,151
83,152
83,153
83,154
84,155
84,156
86,156
85,157
87,157
84,158
86,158
85,159
85,160
87,160
86,161
88,161
85,162
87,162
86,163
86,164
86,165
86,166
86,167
86,168
86,169
86,170
86,171
86,172
87,173
87,174
87,175
87,176
87,177
87,178
87,179
87,180
87,181
87,182
87,183
88,184
88,185
88,186
88,187
88,188
88,189
89,190
89,191
89,192
89,193
89,194
90,195
89,196
90,197
90,198
89,199
90,200
90,201
90,202
90,203
90,204
90,205
90,206
91,207
90,208