2,0
2,1
2,2
2,3
2,4
2,5
2,6
1,7
1,8
1,9
2,10
2,11
2,12
2,13
2,14
2,15
2,16
2,17
2,18
2,19
2,20
2,21
1,22
1,23
1,24
1,25
1,26
1,27
1,28
2,29
2,30
2,31
1,32
1,33
1,34
1,35
1,36
1,37
1,38
1,39
1,40
1,41
1,42
1,43
1,44
1,45
1,46
0,47
1,48
1,49
1,50
1,51
1,52
1,53
1,54
1,55
1,56
1,57
1,58
1,59
0,60
0,61
0,62
0,63
0,64
0,65
0,66
1,67
1,68
0,69
0,70
0,71
0,72
0,73
0,74
1,75
1,76
1,77
0,78
0,79
51,79
52,79
53,79
54,79
0,80
49,80
50,80
55,80
56,80
57,80
0,81
45,81
46,81
47,81
48,81
58,81
59,81
0,82
44,82
60,82
61,82
0,83
43,83
62,83
63,83
64,83
0,84
42,84
65,84
0,85
41,85
66,85
1,86
40,86
66,86
1,87
39,87
67,87
1,88
38,88
68,88
1,89
37,89
69,89
1,90
35,90
36,90
70,90
1,91
34,91
70,91
1,92
33,92
71,92
2,93
31,93
32,93
71,93
2,94
30,94
72,94
2,95
28,95
29,95
72,95
3,96
27,96
72,96
3,97
25,97
26,97
73,97
4,98
24,98
73,98
4,99
22,99
23,99
73,99
5,100
6,100
7,100
8,100
16,100
17,100
18,100
19,100
20,100
21,100
74,100
9,101
10,101
11,101
12,101
13,101
14,101
15,101
74,101
75,102
76,103
76,104
76,105
76,106
76,107
77,108
77,109
77,110
77,111
77,112
77,113
78,114
78,115
78,116
78,117
78,118
78,119
78,120
78,121
79,122
79,123
79,124
79,125
79,126
79,127
79,128
79,129
79,130
79,131
79,132
79,133
79,134
79,135
79,136
79,137
79,138
78,139
78,140
79,141
79,142
79,143
79,144
79,145
78,146
78,147
78,148
78,149
77,150
77,151
77,152
76,153
76,154
76,155
13,156
14,156
15,156
16,156
17,156
75,156
10,157
11,157
12,157
18,157
19,157
20,157
21,157
75,157
9,158
22,158
23,158
24,158
75,158
8,159
25,159
26,159
27,159
74,159
8,160
28,160
29,160
74,160
8,161
30,161
74,161
8,162
31,162
32,162
74,162
7,163
33,163
73,163
7,164
34,164
72,164
6,165
35,165
71,165
5,166
36,166
70,166
5,167
37,167
69,167
4,168
38,168
39,168
69,168
4,169
40,169
69,169
4,170
41,170
68,170
4,171
42,171
43,171
67,171
3,172
44,172
65,172
66,172
3,173
45,173
46,173
64,173
3,174
47,174
48,174
63,174
3,175
49,175
50,175
62,175
4,176
51,176
59,176
60,176
61,176
3,177
52,177
53,177
54,177
55,177
56,177
57,177
58,177
3,178
3,179
3,180
3,181
3,182
3,183
3,184
3,185
3,186
3,187
3,188
3,189
3,190
3,191
3,192
3,193
3,194
3,195
3,196
2,197
2,198
2,199
2,200
3,201
3,202
3,203
3,204
3,205
3,206
3,207
3,208
3,209
3,210
2,211
2,212
2,213
2,214
2,215
2,216
2,217
2,218
2,219
3,220
2,221
2,222
2,223
2,224
2,225
2,226
2,227
2,228
2,229
2,230
2,231
1,232
1,233
1,234
1,235
1,236
1,237
1,238
2,239
2,240
2,241
2,242
2,243
2,244
2,245
1,246
1,247
1,248
1,249
1,250
1,251
1,252
1,253