9,0
9,1
9,2
9,3
9,4
8,5
8,6
8,7
8,8
8,9
8,10
8,11
8,12
8,13
7,14
7,15
7,16
7,17
7,18
7,19
7,20
7,21
7,22
6,23
6,24
6,25
6,26
6,27
6,28
6,29
6,30
6,31
6,32
5,33
5,34
5,35
5,36
5,37
5,38
5,39
5,40
4,41
4,42
4,43
4,44
4,45
4,46
4,47
4,48
3,49
3,50
3,51
3,52
3,53
3,54
3,55
3,56
3,57
3,58
3,59
3,60
3,61
3,62
2,63
2,64
2,65
2,66
2,67
2,68
2,69
2,70
2,71
1,72
1,73
1,74
1,75
1,76
1,77
1,78
1,79
1,80
1,81
1,82
1,83
1,84
1,85
0,86
0,87
0,88
50,88
0,89
43,89
44,89
45,89
46,89
47,89
48,89
49,89
51,89
52,89
53,89
54,89
55,89
56,89
1,90
40,90
41,90
42,90
57,90
58,90
59,90
60,90
1,91
36,91
37,91
38,91
39,91
61,91
1,92
35,92
62,92
63,92
64,92
65,92
1,93
33,93
34,93
66,93
67,93
1,94
30,94
31,94
32,94
68,94
2,95
29,95
69,95
2,96
28,96
70,96
3,97
25,97
26,97
27,97
71,97
4,98
23,98
24,98
72,98
5,99
19,99
20,99
21,99
22,99
73,99
6,100
7,100
8,100
15,100
16,100
17,100
18,100
74,100
9,101
10,101
11,101
12,101
13,101
14,101
74,101
75,102
76,103
77,104
77,105
78,106
78,107
79,108
79,109
80,110
81,111
81,112
81,113
82,114
82,115
82,116
82,117
83,118
83,119
83,120
84,121
84,122
84,123
84,124
84,125
84,126
84,127
84,128
84,129
84,130
84,131
84,132
84,133
83,134
83,135
82,136
82,137
82,138
81,139
81,140
80,141
80,142
80,143
79,144
78,145
77,146
77,147
76,148
76,149
75,150
74,151
74,152
15,153
16,153
17,153
18,153
19,153
20,153
21,153
73,153
9,154
10,154
11,154
12,154
13,154
14,154
22,154
23,154
24,154
25,154
71,154
72,154
7,155
8,155
26,155
27,155
28,155
70,155
6,156
29,156
30,156
69,156
5,157
31,157
32,157
67,157
68,157
4,158
33,158
66,158
4,159
34,159
35,159
36,159
37,159
65,159
3,160
38,160
39,160
40,160
41,160
62,160
63,160
64,160
3,161
42,161
43,161
57,161
58,161
59,161
60,161
61,161
2,162
44,162
45,162
46,162
47,162
48,162
49,162
52,162
53,162
54,162
55,162
56,162
2,163
50,163
51,163
2,164
2,165
2,166
1,167
1,168
1,169
1,170
1,171
1,172
1,173
1,174
1,175
1,176
1,177
1,178
1,179
2,180
2,181
2,182
2,183
2,184
2,185
2,186
2,187
3,188
3,189
3,190
3,191
3,192
3,193
3,194
3,195
3,196
3,197
4,198
4,199
4,200
4,201
4,202
5,203
5,204
5,205
5,206
5,207
5,208
5,209
6,210
6,211
6,212
6,213
6,214
6,215
6,216
6,217
6,218
6,219
6,220
7,221
7,222
7,223
7,224
7,225
8,226
8,227
8,228
9,229