61,0
62,1
62,2
62,3
61,4
61,5
62,6
62,7
62,8
62,9
62,10
62,11
63,12
63,13
62,14
62,15
62,16
63,17
63,18
64,19
63,20
63,21
63,22
63,23
63,24
63,25
64,26
64,27
64,28
64,29
64,30
64,31
64,32
64,33
64,34
64,35
64,36
64,37
64,38
65,39
65,40
65,41
65,42
65,43
65,44
65,45
66,46
66,47
66,48
66,49
66,50
65,51
66,52
66,53
66,54
66,55
66,56
66,57
66,58
67,59
67,60
67,61
67,62
67,63
67,64
68,65
68,66
68,67
68,68
68,69
68,70
67,71
68,72
68,73
68,74
68,75
67,76
67,77
67,78
68,79
68,80
68,81
67,82
67,83
67,84
66,85
67,86
67,87
66,88
66,89
18,90
19,90
20,90
21,90
22,90
23,90
25,90
26,90
65,90
14,91
15,91
16,91
17,91
24,91
27,91
28,91
65,91
12,92
13,92
29,92
31,92
65,92
11,93
30,93
32,93
33,93
65,93
11,94
34,94
65,94
10,95
35,95
36,95
37,95
38,95
64,95
9,96
39,96
63,96
8,97
40,97
41,97
62,97
8,98
42,98
61,98
7,99
43,99
44,99
45,99
46,99
61,99
6,100
47,100
48,100
59,100
60,100
5,101
49,101
52,101
58,101
5,102
50,102
51,102
53,102
54,102
55,102
56,102
57,102
5,103
5,104
4,105
4,106
3,107
3,108
2,109
3,110
3,111
2,112
2,113
1,114
1,115
0,116
1,117
1,118
1,119
1,120
0,121
0,122
0,123
1,124
1,125
1,126
1,127
1,128
1,129
1,130
2,131
2,132
2,133
2,134
2,135
3,136
4,137
4,138
5,139
5,140
5,141
49,141
50,141
51,141
52,141
55,141
56,141
57,141
58,141
59,141
60,141
5,142
48,142
53,142
54,142
61,142
6,143
47,143
62,143
63,143
7,144
45,144
46,144
64,144
7,145
43,145
44,145
65,145
7,146
42,146
66,146
8,147
41,147
66,147
8,148
39,148
40,148
66,148
9,149
10,149
37,149
38,149
67,149
11,150
36,150
67,150
12,151
34,151
35,151
67,151
13,152
32,152
33,152
68,152
14,153
31,153
69,153
14,154
29,154
30,154
69,154
15,155
16,155
17,155
28,155
69,155
18,156
19,156
20,156
21,156
23,156
24,156
25,156
26,156
27,156
69,156
22,157
69,157
69,158
70,159
69,160
69,161
69,162
69,163
68,164
68,165
69,166
69,167
68,168
68,169
67,170
67,171
68,172
68,173
68,174
68,175
67,176
67,177
66,178
67,179
67,180
67,181
66,182
66,183
66,184
65,185
66,186
66,187
66,188
65,189
65,190
65,191
65,192
66,193
66,194
65,195
65,196
65,197
64,198
65,199
64,200
64,201
64,202
64,203
63,204
63,205
64,206
64,207
63,208
63,209
63,210
63,211
63,212
64,213
63,214
63,215
63,216
62,217
62,218
62,219
62,220
62,221
62,222
62,223
61,224
61,225
62,226
62,227
62,228
61,229
61,230
61,231
60,232
61,233
60,234
61,235
61,236