11,0
10,1
10,2
11,3
11,4
10,5
10,6
10,7
10,8
10,9
10,10
10,11
10,12
10,13
10,14
10,15
10,16
10,17
9,18
9,19
10,20
10,21
10,22
10,23
9,24
9,25
9,26
9,27
9,28
9,29
9,30
9,31
9,32
9,33
9,34
9,35
8,36
9,37
8,38
8,39
8,40
8,41
8,42
7,43
7,44
7,45
7,46
7,47
7,48
7,49
7,50
6,51
6,52
6,53
7,54
7,55
6,56
6,57
6,58
6,59
6,60
6,61
7,62
7,63
6,64
6,65
6,66
5,67
5,68
5,69
5,70
6,71
5,72
5,73
5,74
5,75
5,76
4,77
4,78
5,79
5,80
5,81
5,82
5,83
4,84
4,85
4,86
4,87
4,88
4,89
4,90
4,91
4,92
4,93
4,94
4,95
5,96
5,97
5,98
5,99
5,100
5,101
47,101
48,101
49,101
50,101
51,101
5,102
42,102
43,102
44,102
45,102
46,102
52,102
53,102
54,102
55,102
56,102
57,102
5,103
39,103
40,103
41,103
58,103
6,104
38,104
59,104
7,105
35,105
36,105
37,105
60,105
7,106
31,106
32,106
33,106
34,106
61,106
8,107
30,107
62,107
8,108
25,108
26,108
27,108
28,108
29,108
63,108
9,109
22,109
23,109
24,109
64,109
65,109
10,110
11,110
12,110
14,110
15,110
16,110
17,110
18,110
19,110
20,110
21,110
66,110
13,111
66,111
67,112
67,113
67,114
68,115
68,116
69,117
70,118
70,119
71,120
71,121
71,122
71,123
72,124
72,125
73,126
73,127
74,128
74,129
74,130
74,131
74,132
74,133
75,134
75,135
75,136
76,137
76,138
76,139
76,140
76,141
76,142
77,143
76,144
76,145
76,146
75,147
75,148
75,149
75,150
76,151
75,152
75,153
75,154
75,155
75,156
74,157
74,158
73,159
74,160
73,161
73,162
72,163
72,164
71,165
9,166
10,166
11,166
12,166
13,166
71,166
6,167
7,167
8,167
14,167
15,167
16,167
17,167
18,167
70,167
5,168
19,168
71,168
3,169
4,169
20,169
21,169
70,169
2,170
22,170
69,170
1,171
23,171
24,171
25,171
69,171
2,172
26,172
27,172
68,172
2,173
28,173
68,173
1,174
29,174
30,174
67,174
1,175
31,175
66,175
1,176
32,176
33,176
65,176
0,177
34,177
35,177
36,177
65,177
0,178
37,178
38,178
64,178
0,179
39,179
40,179
62,179
63,179
0,180
41,180
44,180
61,180
1,181
42,181
43,181
45,181
60,181
0,182
46,182
47,182
48,182
60,182
0,183
49,183
50,183
51,183
52,183
53,183
54,183
55,183
56,183
57,183
58,183
59,183
0,184
0,185
0,186
0,187
0,188
1,189
1,190
1,191
1,192
1,193
1,194
1,195
1,196
1,197
2,198
2,199
2,200
2,201
2,202
2,203
1,204
1,205
2,206
2,207
2,208
2,209
2,210
2,211
2,212
2,213
2,214
3,215
3,216
3,217
3,218
3,219
3,220
3,221
3,222
4,223
4,224
4,225
4,226
4,227
4,228
4,229
4,230
4,231
4,232
4,233
4,234
4,235
4,236
4,237
4,238
4,239
5,240
5,241
5,242
5,243
5,244
5,245
5,246
5,247
6,248
6,249
6,250
6,251
6,252
6,253
6,254
5,255
6,256
7,257
7,258
7,259
7,260
7,261
7,262
7,263
7,264
8,265
8,266
8,267
7,268
7,269
8,270
7,271
7,272
8,273
8,274
8,275
8,276
8,277
8,278
8,279
8,280
8,281
9,282
9,283
9,284
9,285
8,286
8,287
9,288
9,289
10,290
9,291
10,292