1,0
0,1
1,2
1,3
1,4
1,5
1,6
1,7
1,8
1,9
1,10
1,11
1,12
1,13
1,14
1,15
1,16
2,17
2,18
2,19
2,20
2,21
1,22
1,23
1,24
1,25
1,26
1,27
1,28
1,29
1,30
2,31
1,32
1,33
1,34
1,35
1,36
1,37
1,38
1,39
0,40
0,41
0,42
0,43
0,44
1,45
1,46
1,47
1,48
1,49
1,50
1,51
1,52
1,53
1,54
0,55
0,56
0,57
0,58
0,59
53,59
54,59
55,59
1,60
49,60
50,60
51,60
52,60
56,60
57,60
2,61
48,61
58,61
59,61
60,61
2,62
46,62
47,62
61,62
2,63
43,63
44,63
45,63
62,63
2,64
42,64
63,64
2,65
40,65
41,65
64,65
2,66
39,66
65,66
2,67
38,67
66,67
2,68
37,68
67,68
68,68
3,69
35,69
36,69
69,69
3,70
33,70
34,70
70,70
4,71
31,71
32,71
71,71
4,72
30,72
72,72
5,73
28,73
29,73
72,73
6,74
25,74
26,74
27,74
72,74
7,75
24,75
73,75
8,76
21,76
22,76
23,76
73,76
9,77
10,77
11,77
12,77
13,77
14,77
15,77
16,77
17,77
18,77
19,77
20,77
73,77
74,78
74,79
74,80
75,81
75,82
75,83
75,84
76,85
77,86
77,87
77,88
77,89
77,90
78,91
78,92
78,93
78,94
78,95
78,96
78,97
78,98
78,99
79,100
79,101
79,102
79,103
79,104
79,105
79,106
79,107
79,108
79,109
79,110
79,111
79,112
79,113
79,114
79,115
79,116
79,117
79,118
79,119
79,120
79,121
79,122
78,123
78,124
78,125
78,126
77,127
77,128
78,129
78,130
78,131
78,132
77,133
77,134
77,135
77,136
76,137
76,138
76,139
76,140
16,141
17,141
18,141
19,141
75,141
13,142
14,142
15,142
20,142
21,142
22,142
74,142
12,143
23,143
24,143
74,143
11,144
25,144
26,144
28,144
74,144
11,145
27,145
29,145
30,145
31,145
73,145
10,146
32,146
73,146
9,147
33,147
72,147
9,148
34,148
71,148
8,149
35,149
36,149
71,149
8,150
37,150
70,150
7,151
38,151
39,151
69,151
7,152
40,152
67,152
68,152
6,153
41,153
42,153
65,153
66,153
5,154
43,154
64,154
5,155
44,155
64,155
5,156
45,156
62,156
63,156
5,157
46,157
58,157
59,157
60,157
61,157
4,158
47,158
48,158
49,158
57,158
4,159
50,159
51,159
52,159
53,159
57,159
5,160
54,160
55,160
56,160
5,161
5,162
4,163
4,164
4,165
4,166
4,167
4,168
4,169
4,170
4,171
4,172
4,173
5,174
5,175
4,176
4,177
4,178
4,179
4,180
4,181
4,182
4,183
4,184
4,185
4,186
4,187
4,188
5,189
5,190
4,191
4,192
4,193
4,194
4,195
4,196
3,197
3,198
3,199
3,200
3,201
3,202
3,203
3,204
4,205
3,206
3,207
3,208
3,209
3,210
3,211
3,212
2,213
2,214
2,215
2,216
3,217
3,218
3,219
3,220
3,221
2,222
2,223
2,224
2,225
2,226
2,227
2,228
2,229
2,230
2,231
2,232
2,233
2,234
2,235
2,236
2,237
2,238
2,239
2,240
1,241
1,242
1,243
1,244