15,0
15,1
15,2
14,3
14,4
14,5
13,6
14,7
13,8
13,9
13,10
13,11
12,12
12,13
13,14
12,15
12,16
12,17
12,18
11,19
11,20
11,21
11,22
11,23
11,24
11,25
10,26
10,27
10,28
10,29
10,30
10,31
10,32
9,33
9,34
9,35
8,36
9,37
9,38
8,39
8,40
8,41
7,42
7,43
6,44
7,45
7,46
7,47
7,48
6,49
6,50
6,51
5,52
6,53
6,54
6,55
5,56
5,57
4,58
4,59
5,60
5,61
4,62
4,63
4,64
3,65
3,66
3,67
4,68
3,69
3,70
2,71
2,72
2,73
2,74
3,75
3,76
2,77
2,78
1,79
1,80
1,81
1,82
2,83
1,84
1,85
1,86
1,87
1,88
1,89
52,89
53,89
54,89
0,90
48,90
49,90
50,90
51,90
55,90
56,90
57,90
1,91
47,91
58,91
1,92
44,92
45,92
46,92
59,92
60,92
1,93
42,93
43,93
61,93
62,93
1,94
40,94
41,94
63,94
1,95
39,95
64,95
1,96
37,96
38,96
64,96
2,97
36,97
65,97
3,98
35,98
65,98
3,99
34,99
65,99
3,100
32,100
33,100
66,100
68,100
69,100
3,101
30,101
31,101
67,101
70,101
3,102
29,102
71,102
4,103
29,103
72,103
4,104
28,104
71,104
5,105
6,105
25,105
26,105
27,105
72,105
7,106
23,106
24,106
72,106
8,107
21,107
22,107
72,107
9,108
15,108
16,108
17,108
18,108
19,108
20,108
73,108
10,109
11,109
12,109
13,109
14,109
74,109
75,110
75,111
75,112
75,113
75,114
75,115
76,116
77,117
77,118
77,119
77,120
77,121
77,122
78,123
78,124
78,125
78,126
78,127
78,128
77,129
77,130
78,131
78,132
78,133
78,134
78,135
78,136
78,137
79,138
78,139
78,140
78,141
78,142
78,143
78,144
78,145
78,146
78,147
78,148
78,149
78,150
77,151
77,152
76,153
77,154
77,155
77,156
76,157
76,158
76,159
76,160
76,161
76,162
75,163
75,164
14,165
15,165
16,165
19,165
74,165
12,166
13,166
17,166
18,166
20,166
21,166
22,166
74,166
10,167
11,167
23,167
24,167
73,167
8,168
9,168
25,168
73,168
7,169
25,169
27,169
73,169
6,170
26,170
28,170
29,170
73,170
6,171
30,171
72,171
5,172
31,172
32,172
72,172
5,173
33,173
71,173
5,174
34,174
70,174
5,175
35,175
70,175
5,176
36,176
69,176
4,177
37,177
69,177
4,178
38,178
67,178
68,178
4,179
39,179
40,179
66,179
3,180
41,180
65,180
4,181
42,181
43,181
64,181
4,182
44,182
45,182
62,182
63,182
3,183
46,183
59,183
60,183
61,183
3,184
47,184
58,184
3,185
48,185
51,185
58,185
3,186
49,186
50,186
52,186
53,186
54,186
55,186
56,186
57,186
3,187
3,188
4,189
3,190
3,191
3,192
3,193
3,194
3,195
4,196
4,197
4,198
5,199
5,200
5,201
5,202
5,203
6,204
6,205
6,206
6,207
6,208
6,209
6,210
7,211
7,212
7,213
7,214
7,215
7,216
7,217
7,218
8,219
8,220
8,221
8,222
8,223
8,224
8,225
9,226
9,227
9,228
9,229
9,230
9,231
9,232
9,233
10,234
10,235
10,236
10,237
10,238
10,239
10,240
11,241
11,242
11,243
11,244
11,245
11,246
11,247
11,248
12,249
12,250
12,251
12,252
12,253
12,254
13,255
14,256
13,257
14,258
14,259
14,260
14,261
14,262
15,263