118,0
118,1
118,2
118,3
118,4
118,5
117,6
117,7
117,8
117,9
116,10
116,11
116,12
116,13
116,14
116,15
115,16
115,17
115,18
115,19
114,20
113,21
113,22
112,23
112,24
112,25
112,26
112,27
111,28
111,29
111,30
112,31
112,32
111,33
110,34
111,35
110,36
109,37
109,38
109,39
110,40
109,41
109,42
109,43
110,44
109,45
108,46
108,47
107,48
107,49
107,50
107,51
107,52
106,53
106,54
106,55
105,56
104,57
105,58
105,59
105,60
104,61
104,62
104,63
104,64
104,65
103,66
103,67
102,68
102,69
102,70
102,71
102,72
101,73
102,74
102,75
101,76
101,77
100,78
100,79
99,80
99,81
99,82
99,83
98,84
98,85
98,86
98,87
98,88
98,89
98,90
98,91
97,92
96,93
96,94
95,95
94,96
94,97
94,98
94,99
94,100
94,101
94,102
93,103
92,104
92,105
31,106
32,106
33,106
34,106
35,106
92,106
27,107
28,107
29,107
30,107
36,107
37,107
38,107
92,107
26,108
39,108
40,108
92,108
25,109
41,109
92,109
24,110
42,110
92,110
23,111
43,111
44,111
92,111
22,112
45,112
92,112
20,113
21,113
46,113
92,113
19,114
46,114
91,114
18,115
47,115
90,115
17,116
47,116
90,116
17,117
47,117
89,117
16,118
48,118
89,118
15,119
49,119
89,119
15,120
49,120
90,120
14,121
50,121
51,121
89,121
14,122
52,122
88,122
13,123
52,123
87,123
12,124
53,124
87,124
12,125
54,125
88,125
11,126
54,126
88,126
11,127
55,127
87,127
10,128
56,128
86,128
10,129
57,129
85,129
9,130
58,130
85,130
9,131
58,131
85,131
9,132
59,132
83,132
84,132
9,133
60,133
82,133
8,134
61,134
82,134
7,135
62,135
63,135
64,135
74,135
81,135
6,136
65,136
73,136
75,136
77,136
78,136
79,136
80,136
6,137
66,137
67,137
68,137
69,137
74,137
76,137
6,138
70,138
71,138
74,138
5,139
70,139
72,139
73,139
5,140
71,140
5,141
5,142
5,143
4,144
4,145
4,146
4,147
3,148
2,149
2,150
1,151
2,152
2,153
2,154
2,155
2,156
1,157
1,158
0,159
0,160
0,161
0,162
0,163
0,164
1,165
1,166
1,167
1,168
1,169
1,170
0,171
1,172
1,173
1,174
1,175
2,176
2,177
2,178
3,179
3,180
4,181
4,182
3,183
4,184
5,185
5,186
52,186
53,186
54,186
55,186
6,187
50,187
51,187
56,187
57,187
58,187
59,187
60,187
61,187
62,187
7,188
46,188
47,188
48,188
49,188
63,188
64,188
8,189
42,189
43,189
45,189
65,189
66,189
8,190
40,190
41,190
44,190
67,190
9,191
39,191
67,191
10,192
11,192
12,192
35,192
36,192
37,192
38,192
67,192
13,193
30,193
33,193
34,193
68,193
14,194
28,194
29,194
31,194
32,194
68,194
15,195
16,195
17,195
18,195
26,195
27,195
68,195
19,196
21,196
22,196
23,196
24,196
25,196
68,196
20,197
68,197
67,198
68,199
67,200
66,201
66,202
66,203
66,204
66,205
66,206
67,207
66,208
66,209
65,210
65,211
65,212
64,213
64,214
64,215
64,216
63,217
63,218
63,219
62,220
61,221
61,222
61,223
61,224
61,225
60,226
59,227
60,228
59,229
59,230
58,231
58,232
57,233
57,234
57,235
57,236
57,237
57,238
56,239
56,240
55,241
55,242
55,243
56,244
54,245
55,245
53,246
52,247
52,248
53,249
53,250
53,251
52,252
52,253
52,254
51,255
51,256
50,257
49,258
49,259
49,260
49,261
49,262
49,263
49,264
49,265
50,266
51,266
52,267
53,268
54,269
55,269
56,270
57,270
58,271
59,271
60,271
61,271
62,271
63,272
64,273
65,274
68,274
66,275
67,275
69,275
70,276
71,276
72,276
73,276
74,276
75,277
76,278
77,278
78,278
79,279
80,279
81,280
82,280
83,280
84,280
85,280
86,280
87,281
88,282
89,283
94,283
90,284
91,284
92,284
93,284
95,284
96,285
97,285
98,285
99,285
100,286
101,287
102,287
103,287
107,287
104,288
105,288
106,288
108,288
109,289
110,289
111,289
112,290
113,291
114,291
115,291
116,291
117,291
118,292
122,292
119,293
120,293
121,293
123,293
124,294
125,294
126,295
127,295
128,295
129,296
130,296
131,297
132,298
133,298
134,299
135,300
135,301
136,302
137,303
138,304
138,305
138,306
138,307
137,308
137,309
137,310
137,311
136,312
136,313
136,314
136,315
135,316
136,317
135,318
134,319
132,320
133,320
131,321
131,322
130,323
129,324
128,325
128,326
127,327
127,328
126,329
125,330
124,331
123,332
122,333
121,334
121,335
121,336
120,337
119,338
119,339
119,340
119,341
119,342
118,343
118,344
118,345
118,346
118,347
118,348
118,349
118,350
118,351
118,352
118,353