4,0
3,1
4,2
3,3
3,4
4,5
3,6
3,7
3,8
3,9
3,10
3,11
3,12
3,13
3,14
3,15
3,16
4,17
4,18
3,19
3,20
3,21
3,22
3,23
4,24
4,25
3,26
3,27
3,28
3,29
4,30
3,31
3,32
3,33
3,34
3,35
4,36
4,37
4,38
4,39
3,40
3,41
4,42
4,43
4,44
4,45
4,46
4,47
4,48
4,49
3,50
3,51
3,52
3,53
3,54
4,55
4,56
4,57
4,58
4,59
4,60
5,61
5,62
4,63
4,64
3,65
3,66
4,67
4,68
4,69
4,70
4,71
4,72
4,73
4,74
4,75
4,76
4,77
4,78
4,79
5,80
4,81
4,82
5,83
5,84
4,85
5,86
5,87
4,88
4,89
4,90
5,91
6,92
5,93
5,94
5,95
5,96
5,97
4,98
5,99
5,100
5,101
5,102
5,103
5,104
6,105
6,106
6,107
5,108
63,108
5,109
62,109
64,109
5,110
59,110
60,110
61,110
65,110
69,110
6,111
56,111
57,111
58,111
66,111
67,111
68,111
70,111
71,111
6,112
55,112
72,112
73,112
5,113
51,113
52,113
53,113
54,113
74,113
75,113
5,114
50,114
76,114
6,115
50,115
76,115
6,116
48,116
50,116
76,116
7,117
46,117
47,117
49,117
75,117
7,118
45,118
76,118
77,118
7,119
44,119
78,119
7,120
42,120
43,120
79,120
7,121
40,121
41,121
79,121
8,122
39,122
80,122
9,123
39,123
80,123
10,124
37,124
38,124
81,124
10,125
34,125
35,125
36,125
82,125
10,126
33,126
83,126
11,127
12,127
30,127
31,127
32,127
84,127
13,128
14,128
27,128
28,128
29,128
84,128
15,129
16,129
17,129
20,129
21,129
22,129
25,129
26,129
84,129
18,130
19,130
23,130
24,130
85,130
85,131
85,132
84,133
85,134
85,135
86,136
86,137
86,138
86,139
87,140
87,141
88,142
88,143
87,144
87,145
87,146
87,147
87,148
87,149
87,150
87,151
87,152
86,153
87,154
88,155
87,156
87,157
87,158
87,159
88,160
89,161
89,162
88,163
87,164
86,165
86,166
86,167
86,168
86,169
86,170
85,171
84,172
24,173
25,173
26,173
27,173
85,173
13,174
14,174
15,174
16,174
18,174
19,174
20,174
21,174
22,174
23,174
28,174
29,174
30,174
31,174
32,174
33,174
36,174
84,174
12,175
17,175
34,175
35,175
37,175
84,175
11,176
38,176
39,176
83,176
10,177
40,177
41,177
82,177
9,178
42,178
43,178
82,178
8,179
44,179
83,179
9,180
45,180
46,180
84,180
7,181
8,181
47,181
82,181
83,181
6,182
47,182
81,182
6,183
48,183
49,183
50,183
79,183
80,183
5,184
51,184
52,184
78,184
5,185
53,185
76,185
77,185
6,186
54,186
55,186
75,186
5,187
56,187
57,187
74,187
4,188
58,188
73,188
4,189
59,189
69,189
70,189
73,189
4,190
60,190
63,190
68,190
71,190
72,190
3,191
61,191
62,191
64,191
68,191
4,192
65,192
66,192
67,192
4,193
3,194
3,195
3,196
2,197
2,198
3,199
2,200
2,201
1,202
1,203
2,204
3,205
2,206
2,207
2,208
1,209
2,210
3,211
2,212
2,213
3,214
2,215
2,216
1,217
2,218
2,219
2,220
2,221
1,222
1,223
2,224
2,225
2,226
1,227
1,228
1,229
0,230
1,231
1,232
1,233
0,234
0,235
1,236
0,237
0,238
0,239
0,240
0,241
0,242
1,243
1,244
1,245
1,246
1,247
0,248
1,249
1,250
1,251
2,252
3,253