83,0
83,1
83,2
83,3
82,4
82,5
82,6
82,7
82,8
82,9
82,10
82,11
82,12
83,13
83,14
83,15
83,16
83,17
83,18
83,19
83,20
83,21
83,22
83,23
83,24
83,25
83,26
83,27
84,28
84,29
84,30
83,31
83,32
83,33
83,34
83,35
83,36
83,37
83,38
83,39
83,40
83,41
84,42
83,43
84,44
84,45
84,46
84,47
84,48
84,49
84,50
84,51
83,52
84,53
84,54
83,55
84,56
84,57
84,58
84,59
84,60
84,61
84,62
84,63
84,64
84,65
84,66
84,67
84,68
84,69
83,70
84,71
84,72
84,73
84,74
84,75
84,76
18,77
19,77
20,77
21,77
22,77
23,77
24,77
25,77
26,77
27,77
31,77
83,77
17,78
28,78
29,78
30,78
32,78
33,78
34,78
83,78
16,79
35,79
36,79
83,79
13,80
14,80
15,80
37,80
82,80
12,81
38,81
82,81
11,82
39,82
40,82
41,82
82,82
11,83
42,83
81,83
9,84
10,84
43,84
44,84
81,84
8,85
45,85
46,85
81,85
7,86
47,86
48,86
81,86
6,87
49,87
50,87
51,87
80,87
7,88
52,88
53,88
79,88
6,89
54,89
55,89
78,89
5,90
56,90
57,90
58,90
76,90
77,90
5,91
59,91
61,91
75,91
4,92
60,92
62,92
63,92
64,92
74,92
4,93
65,93
66,93
67,93
68,93
69,93
70,93
71,93
72,93
73,93
3,94
3,95
3,96
2,97
2,98
2,99
2,100
2,101
2,102
2,103
2,104
1,105
1,106
0,107
0,108
1,109
1,110
0,111
0,112
0,113
0,114
0,115
1,116
2,117
1,118
2,119
2,120
2,121
2,122
3,123
3,124
3,125
4,126
4,127
4,128
5,129
6,130
7,131
8,132
9,133
9,134
10,135
64,135
65,135
66,135
67,135
68,135
69,135
70,135
71,135
11,136
62,136
63,136
72,136
73,136
74,136
11,137
60,137
61,137
75,137
76,137
77,137
78,137
12,138
59,138
79,138
13,139
55,139
56,139
57,139
58,139
79,139
14,140
52,140
53,140
54,140
80,140
15,141
51,141
80,141
16,142
49,142
50,142
81,142
17,143
18,143
20,143
48,143
82,143
19,144
21,144
47,144
82,144
22,145
45,145
46,145
83,145
23,146
42,146
43,146
44,146
83,146
24,147
25,147
26,147
38,147
39,147
40,147
41,147
83,147
27,148
28,148
29,148
30,148
34,148
35,148
36,148
37,148
84,148
31,149
32,149
33,149
84,149
84,150
84,151
84,152
84,153
84,154
84,155
84,156
85,157
85,158
85,159
85,160
85,161
85,162
85,163
85,164
84,165
84,166
84,167
84,168
84,169
84,170
84,171
84,172
84,173
84,174
84,175
84,176
84,177
84,178
84,179
83,180
83,181
83,182
83,183
83,184
84,185
84,186
84,187
84,188
83,189
83,190
83,191
83,192
83,193
83,194
83,195
83,196
83,197
82,198
82,199
83,200
83,201
83,202
83,203
82,204
82,205
82,206
82,207
81,208
81,209
81,210
81,211
81,212
81,213
82,214
82,215
82,216
82,217
82,218
81,219
81,220
81,221
81,222
81,223
81,224
81,225
81,226