4,0
3,1
3,2
3,3
3,4
3,5
3,6
3,7
3,8
3,9
3,10
3,11
4,12
4,13
4,14
4,15
4,16
4,17
4,18
4,19
4,20
4,21
3,22
3,23
3,24
3,25
4,26
4,27
4,28
4,29
4,30
4,31
4,32
4,33
4,34
4,35
4,36
4,37
4,38
4,39
5,40
5,41
5,42
5,43
5,44
5,45
4,46
4,47
4,48
4,49
4,50
4,51
4,52
4,53
4,54
5,55
5,56
5,57
5,58
5,59
5,60
5,61
5,62
5,63
5,64
5,65
5,66
5,67
5,68
6,69
5,70
5,71
5,72
5,73
5,74
6,75
5,76
5,77
5,78
5,79
5,80
5,81
5,82
5,83
6,84
6,85
5,86
5,87
5,88
5,89
57,89
58,89
59,89
60,89
61,89
62,89
63,89
64,89
65,89
6,90
55,90
56,90
66,90
6,91
54,91
67,91
6,92
52,92
53,92
68,92
6,93
51,93
69,93
70,93
71,93
6,94
49,94
50,94
72,94
6,95
48,95
73,95
6,96
46,96
47,96
74,96
6,97
44,97
45,97
74,97
7,98
43,98
75,98
7,99
42,99
75,99
7,100
41,100
76,100
8,101
40,101
76,101
8,102
38,102
39,102
76,102
8,103
36,103
37,103
77,103
9,104
34,104
35,104
77,104
10,105
32,105
33,105
78,105
11,106
28,106
29,106
30,106
31,106
78,106
12,107
13,107
27,107
78,107
14,108
15,108
16,108
17,108
22,108
23,108
24,108
25,108
26,108
78,108
18,109
19,109
20,109
21,109
79,109
79,110
79,111
79,112
80,113
80,114
80,115
81,116
81,117
80,118
80,119
80,120
80,121
81,122
81,123
82,124
82,125
82,126
82,127
82,128
82,129
82,130
82,131
82,132
82,133
81,134
81,135
81,136
81,137
82,138
82,139
81,140
81,141
81,142
81,143
81,144
81,145
81,146
81,147
80,148
80,149
79,150
79,151
80,152
80,153
80,154
79,155
79,156
79,157
79,158
16,159
17,159
18,159
19,159
20,159
21,159
22,159
79,159
15,160
23,160
24,160
78,160
14,161
25,161
26,161
27,161
29,161
77,161
13,162
28,162
30,162
31,162
77,162
12,163
32,163
76,163
11,164
33,164
76,164
10,165
34,165
35,165
75,165
10,166
36,166
75,166
10,167
37,167
38,167
75,167
9,168
39,168
40,168
75,168
9,169
41,169
74,169
9,170
42,170
44,170
73,170
8,171
43,171
45,171
73,171
8,172
46,172
73,172
8,173
47,173
72,173
7,174
48,174
71,174
7,175
49,175
69,175
70,175
7,176
50,176
51,176
68,176
7,177
52,177
67,177
7,178
53,178
65,178
66,178
7,179
54,179
55,179
56,179
58,179
61,179
62,179
63,179
64,179
7,180
57,180
59,180
60,180
6,181
6,182
7,183
7,184
7,185
7,186
7,187
7,188
7,189
6,190
6,191
6,192
6,193
6,194
6,195
6,196
5,197
6,198
6,199
6,200
6,201
6,202
6,203
6,204
6,205
6,206
6,207
5,208
5,209
5,210
5,211
6,212
6,213
6,214
6,215
6,216
6,217
6,218
6,219
6,220
6,221
5,222
5,223
5,224
5,225
5,226
6,227
6,228
6,229
5,230
6,231
5,232
5,233
5,234
5,235
5,236
5,237
4,238
4,239
4,240
5,241
5,242
6,243
5,244
5,245
5,246
4,247
4,248
4,249
4,250
4,251
4,252
4,253
4,254
5,255
5,256
5,257
4,258
4,259
4,260
4,261
4,262
4,263
4,264
4,265
4,266
4,267
3,268
3,269
4,270
4,271
4,272
4,273
4,274
3,275
3,276
3,277
3,278
3,279
2,280
1,281
0,282
1,283
2,283
3,284
3,285
3,286