85,0
86,1
87,2
86,3
88,3
85,4
87,4
86,5
85,6
87,6
84,7
86,7
88,7
84,8
87,8
85,9
84,10
85,11
84,12
84,13
84,14
83,15
83,16
84,17
83,18
83,19
84,20
83,21
83,22
83,23
83,24
82,25
82,26
82,27
82,28
82,29
82,30
82,31
82,32
82,33
81,34
81,35
81,36
81,37
81,38
82,39
82,40
82,41
81,42
82,43
82,44
82,45
82,46
82,47
82,48
81,49
81,50
81,51
81,52
81,53
80,54
80,55
80,56
80,57
80,58
80,59
80,60
80,61
80,62
80,63
80,64
80,65
80,66
80,67
79,68
79,69
79,70
79,71
80,72
80,73
79,74
78,75
78,76
78,77
79,78
79,79
79,80
78,81
78,82
78,83
78,84
78,85
78,86
78,87
77,88
77,89
77,90
78,91
77,92
77,93
77,94
77,95
77,96
77,97
77,98
77,99
77,100
76,101
76,102
76,103
76,104
76,105
76,106
76,107
76,108
76,109
76,110
76,111
76,112
76,113
76,114
76,115
76,116
76,117
75,118
76,119
76,120
76,121
75,122
75,123
75,124
75,125
75,126
75,127
75,128
74,129
75,130
75,131
75,132
75,133
74,134
74,135
74,136
74,137
74,138
74,139
74,140
74,141
74,142
74,143
73,144
73,145
73,146
73,147
73,148
72,149
72,150
72,151
72,152
72,153
72,154
72,155
71,156
71,157
71,158
71,159
70,160
70,161
69,162
69,163
26,164
69,164
20,165
25,165
27,165
69,165
19,166
21,166
22,166
25,166
28,166
29,166
30,166
31,166
32,166
68,166
18,167
23,167
24,167
33,167
34,167
35,167
68,167
15,168
16,168
19,168
36,168
67,168
14,169
17,169
20,169
37,169
38,169
41,169
67,169
13,170
18,170
19,170
39,170
40,170
42,170
43,170
66,170
12,171
14,171
44,171
45,171
66,171
11,172
13,172
15,172
46,172
47,172
48,172
65,172
67,172
11,173
14,173
49,173
50,173
64,173
66,173
11,174
51,174
52,174
53,174
54,174
62,174
65,174
8,175
9,175
11,175
55,175
56,175
58,175
59,175
61,175
63,175
64,175
7,176
10,176
57,176
60,176
62,176
6,177
56,177
58,177
61,177
6,178
57,178
5,179
5,180
4,181
4,182
3,183
3,184
3,185
2,186
1,187
2,188
1,189
3,189
0,190
2,190
1,191
1,192
1,193
0,194
0,195
0,196
1,197
1,198
0,199
0,200
0,201
0,202
0,203
0,204
1,205
2,205
3,205
4,206
1,207
2,207
3,207
0,208
1,209
3,209
2,210
4,210
4,211
3,212
4,213
4,214
3,215
3,216
4,217
4,218
6,218
5,219
7,219
7,220
7,221
8,222
9,222
56,222
61,222
10,223
55,223
57,223
58,223
59,223
60,223
62,223
9,224
53,224
54,224
61,224
64,224
65,224
8,225
10,225
49,225
50,225
51,225
52,225
61,225
63,225
66,225
9,226
11,226
12,226
13,226
48,226
62,226
66,226
14,227
45,227
46,227
47,227
67,227
14,228
36,228
37,228
44,228
67,228
15,229
16,229
35,229
38,229
40,229
42,229
43,229
67,229
17,230
31,230
36,230
39,230
41,230
67,230
69,230
17,231
30,231
32,231
36,231
68,231
70,231
18,232
23,232
29,232
31,232
32,232
35,232
70,232
19,233
20,233
21,233
22,233
24,233
27,233
28,233
30,233
33,233
34,233
70,233
23,234
25,234
26,234
29,234
70,234
71,235
71,236
72,237
72,238
72,239
72,240
72,241
72,242
72,243
72,244
73,245
73,246
73,247
73,248
73,249
73,250
74,251
74,252
74,253
75,254
75,255
75,256
75,257
75,258
75,259
76,260
76,261
76,262
76,263
76,264
76,265
76,266
76,267
76,268
76,269
76,270
76,271
77,272
77,273
77,274
77,275
77,276
77,277
77,278
77,279
78,280
78,281
78,282
78,283
78,284
78,285
78,286
78,287
78,288
78,289
78,290
78,291
78,292
78,293
78,294
78,295
78,296
79,297
79,298
79,299
79,300
79,301
79,302
79,303
79,304
79,305
79,306
79,307
79,308
79,309
79,310
80,311
80,312
80,313
81,314
80,315
80,316
81,317
81,318
81,319
80,320
81,321
81,322
81,323
81,324
82,325
82,326
82,327
82,328
82,329
83,330
82,331
83,332
83,333
83,334
83,335
83,336
83,337
83,338
84,339
83,340
83,341
83,342
83,343
83,344
83,345
83,346
83,347
83,348
84,349
84,350
84,351