85,0
85,1
84,2
84,3
83,4
83,5
83,6
83,7
82,8
82,9
82,10
82,11
82,12
82,13
82,14
81,15
81,16
81,17
81,18
81,19
81,20
81,21
81,22
81,23
81,24
81,25
81,26
80,27
80,28
81,29
80,30
80,31
80,32
80,33
80,34
80,35
80,36
80,37
80,38
80,39
80,40
79,41
79,42
80,43
80,44
79,45
80,46
80,47
80,48
80,49
80,50
80,51
80,52
80,53
79,54
79,55
79,56
79,57
79,58
79,59
79,60
79,61
79,62
79,63
79,64
79,65
79,66
79,67
79,68
78,69
79,70
79,71
78,72
78,73
78,74
78,75
78,76
78,77
78,78
78,79
78,80
78,81
77,82
77,83
77,84
77,85
77,86
77,87
77,88
77,89
77,90
77,91
77,92
77,93
77,94
77,95
77,96
77,97
77,98
28,99
29,99
30,99
31,99
32,99
33,99
34,99
76,99
23,100
24,100
25,100
26,100
27,100
35,100
76,100
22,101
36,101
37,101
76,101
21,102
38,102
39,102
76,102
18,103
19,103
20,103
40,103
76,103
16,104
17,104
41,104
75,104
15,105
42,105
75,105
14,106
43,106
75,106
13,107
44,107
75,107
11,108
12,108
45,108
46,108
74,108
10,109
47,109
48,109
74,109
10,110
49,110
73,110
9,111
50,111
51,111
73,111
8,112
52,112
73,112
7,113
53,113
54,113
72,113
7,114
55,114
56,114
71,114
6,115
57,115
58,115
69,115
70,115
5,116
59,116
60,116
61,116
62,116
63,116
64,116
65,116
66,116
67,116
68,116
5,117
6,118
5,119
5,120
4,121
4,122
3,123
3,124
3,125
3,126
3,127
3,128
2,129
2,130
2,131
2,132
2,133
1,134
1,135
1,136
1,137
1,138
1,139
0,140
0,141
0,142
0,143
0,144
0,145
0,146
0,147
0,148
0,149
0,150
0,151
0,152
0,153
0,154
0,155
0,156
0,157
0,158
0,159
0,160
0,161
0,162
0,163
0,164
0,165
0,166
1,167
0,168
1,169
1,170
1,171
1,172
1,173
1,174
1,175
1,176
1,177
2,178
2,179
2,180
2,181
3,182
3,183
3,184
4,185
58,185
59,185
60,185
61,185
62,185
63,185
64,185
65,185
66,185
4,186
55,186
56,186
57,186
67,186
5,187
52,187
53,187
54,187
68,187
69,187
5,188
49,188
50,188
51,188
70,188
71,188
6,189
47,189
48,189
72,189
7,190
46,190
73,190
8,191
44,191
45,191
73,191
9,192
43,192
74,192
10,193
42,193
74,193
11,194
40,194
41,194
75,194
12,195
39,195
75,195
12,196
38,196
76,196
13,197
37,197
76,197
14,198
15,198
35,198
36,198
76,198
16,199
34,199
77,199
17,200
33,200
77,200
18,201
19,201
20,201
32,201
77,201
21,202
22,202
23,202
24,202
31,202
77,202
25,203
26,203
27,203
28,203
29,203
30,203
78,203
78,204
78,205
78,206
79,207
79,208
79,209
79,210
79,211
79,212
79,213
79,214
79,215
79,216
79,217
79,218
79,219
79,220
79,221
79,222
79,223
79,224
79,225
80,226
80,227
80,228
80,229
80,230
80,231
80,232
80,233
80,234
80,235
80,236
80,237
80,238
80,239
81,240
81,241
81,242
81,243
81,244
81,245
81,246
81,247
81,248
81,249
81,250
81,251
81,252
81,253
81,254
81,255
81,256
82,257
82,258
82,259
82,260
83,261
83,262
83,263
83,264
83,265
83,266
83,267
83,268
83,269
83,270
83,271
83,272
84,273
84,274
84,275
84,276
84,277
84,278
84,279
84,280
84,281
84,282
84,283
84,284
84,285
84,286
85,287
85,288
85,289
85,290
85,291
85,292
85,293
85,294
85,295
85,296
85,297
85,298
85,299
85,300
85,301
86,302
86,303
86,304
86,305