67,0
67,1
67,2
67,3
67,4
67,5
67,6
67,7
67,8
67,9
67,10
67,11
67,12
68,13
68,14
68,15
68,16
68,17
68,18
68,19
68,20
69,21
69,22
69,23
69,24
69,25
69,26
69,27
69,28
69,29
69,30
69,31
69,32
69,33
69,34
69,35
69,36
70,37
70,38
70,39
71,40
71,41
71,42
71,43
71,44
71,45
72,46
72,47
72,48
72,49
72,50
72,51
72,52
72,53
72,54
72,55
72,56
72,57
72,58
72,59
72,60
73,61
73,62
73,63
73,64
74,65
74,66
74,67
74,68
74,69
74,70
74,71
75,72
75,73
75,74
75,75
75,76
75,77
75,78
75,79
75,80
75,81
75,82
75,83
75,84
76,85
76,86
76,87
76,88
76,89
76,90
77,91
77,92
77,93
77,94
77,95
77,96
77,97
77,98
77,99
77,100
77,101
77,102
22,103
23,103
24,103
25,103
26,103
27,103
28,103
77,103
19,104
20,104
21,104
29,104
30,104
31,104
32,104
76,104
18,105
33,105
76,105
15,106
16,106
17,106
34,106
76,106
14,107
35,107
36,107
37,107
76,107
13,108
38,108
75,108
12,109
39,109
40,109
41,109
76,109
12,110
42,110
75,110
11,111
42,111
75,111
11,112
43,112
74,112
10,113
44,113
45,113
73,113
9,114
46,114
73,114
8,115
47,115
48,115
73,115
8,116
49,116
72,116
7,117
50,117
71,117
7,118
51,118
52,118
53,118
70,118
6,119
54,119
70,119
5,120
55,120
56,120
57,120
68,120
69,120
5,121
58,121
60,121
61,121
62,121
63,121
64,121
65,121
66,121
67,121
5,122
59,122
4,123
4,124
4,125
4,126
3,127
3,128
3,129
2,130
2,131
2,132
2,133
3,134
3,135
3,136
3,137
2,138
2,139
2,140
1,141
1,142
1,143
2,144
1,145
1,146
1,147
0,148
0,149
0,150
0,151
0,152
0,153
0,154
0,155
0,156
1,157
2,158
2,159
1,160
2,161
2,162
1,163
1,164
2,165
2,166
2,167
2,168
2,169
2,170
3,171
3,172
3,173
3,174
3,175
4,176
4,177
4,178
4,179
4,180
5,181
6,182
62,182
63,182
64,182
65,182
66,182
67,182
68,182
69,182
7,183
61,183
70,183
7,184
58,184
59,184
60,184
71,184
7,185
55,185
56,185
57,185
71,185
8,186
52,186
53,186
54,186
72,186
8,187
51,187
73,187
74,187
9,188
48,188
49,188
50,188
75,188
9,189
47,189
75,189
10,190
46,190
75,190
10,191
43,191
44,191
45,191
76,191
11,192
41,192
42,192
77,192
12,193
13,193
39,193
40,193
77,193
14,194
38,194
77,194
15,195
37,195
77,195
16,196
17,196
34,196
35,196
36,196
77,196
18,197
19,197
31,197
32,197
33,197
78,197
20,198
21,198
29,198
30,198
77,198
22,199
23,199
24,199
25,199
26,199
27,199
28,199
78,199
78,200
78,201
78,202
78,203
79,204
79,205
79,206
79,207
79,208
78,209
78,210
78,211
77,212
77,213
77,214
77,215
77,216
77,217
76,218
76,219
76,220
76,221
76,222
76,223
76,224
76,225
76,226
75,227
76,228
76,229
76,230
76,231
75,232
75,233
75,234
74,235
74,236
74,237
74,238
74,239
73,240
73,241
73,242
73,243
73,244
72,245
72,246
72,247
72,248
72,249
72,250
71,251
72,252
72,253
72,254
72,255
71,256
71,257
71,258
71,259
70,260
70,261
70,262
70,263
70,264
70,265
70,266
70,267
70,268
69,269
69,270
68,271
68,272
68,273
68,274
67,275
68,276
68,277
68,278
68,279
68,280
68,281
67,282
67,283
67,284
67,285
67,286
67,287