9,0
9,1
9,2
10,3
9,4
11,4
8,5
10,5
8,6
8,7
8,8
8,9
8,10
8,11
8,12
8,13
8,14
8,15
7,16
8,17
8,18
7,19
7,20
6,21
6,22
6,23
6,24
6,25
6,26
6,27
6,28
6,29
6,30
6,31
6,32
6,33
6,34
6,35
6,36
6,37
5,38
5,39
5,40
5,41
5,42
5,43
5,44
5,45
5,46
5,47
5,48
5,49
5,50
5,51
5,52
5,53
5,54
4,55
4,56
4,57
4,58
4,59
3,60
4,61
4,62
4,63
3,64
3,65
3,66
3,67
3,68
3,69
3,70
3,71
2,72
2,73
2,74
2,75
2,76
2,77
2,78
2,79
2,80
2,81
2,82
2,83
2,84
2,85
2,86
2,87
1,88
1,89
1,90
1,91
1,92
1,93
1,94
1,95
1,96
1,97
1,98
1,99
1,100
1,101
1,102
1,103
1,104
0,105
1,106
0,107
0,108
1,109
1,110
1,111
52,111
1,112
50,112
51,112
53,112
54,112
55,112
56,112
57,112
58,112
59,112
60,112
1,113
47,113
48,113
49,113
61,113
62,113
63,113
1,114
46,114
64,114
1,115
44,115
45,115
65,115
1,116
42,116
43,116
66,116
1,117
40,117
41,117
67,117
2,118
36,118
39,118
68,118
2,119
35,119
37,119
38,119
69,119
2,120
33,120
34,120
69,120
2,121
32,121
70,121
2,122
29,122
30,122
31,122
70,122
3,123
27,123
28,123
71,123
3,124
25,124
26,124
71,124
3,125
19,125
23,125
24,125
71,125
4,126
17,126
18,126
20,126
21,126
22,126
72,126
5,127
6,127
7,127
8,127
9,127
10,127
11,127
12,127
13,127
14,127
15,127
16,127
72,127
73,128
73,129
74,130
74,131
75,132
75,133
75,134
75,135
76,136
76,137
77,138
77,139
77,140
76,141
76,142
76,143
77,144
77,145
77,146
77,147
77,148
77,149
77,150
77,151
77,152
77,153
76,154
76,155
76,156
76,157
75,158
75,159
75,160
75,161
74,162
73,163
73,164
73,165
73,166
73,167
73,168
72,169
72,170
71,171
70,172
69,173
9,174
11,174
12,174
69,174
7,175
8,175
10,175
13,175
14,175
15,175
16,175
17,175
68,175
6,176
18,176
67,176
5,177
19,177
67,177
5,178
20,178
21,178
22,178
66,178
5,179
23,179
66,179
4,180
6,180
24,180
65,180
3,181
5,181
25,181
65,181
3,182
26,182
64,182
3,183
27,183
28,183
29,183
63,183
3,184
30,184
63,184
3,185
31,185
32,185
62,185
3,186
33,186
61,186
3,187
34,187
61,187
3,188
34,188
59,188
60,188
3,189
35,189
36,189
58,189
2,190
37,190
54,190
55,190
56,190
57,190
2,191
38,191
50,191
51,191
52,191
53,191
2,192
39,192
40,192
41,192
48,192
49,192
2,193
42,193
43,193
44,193
45,193
46,193
47,193
2,194
2,195
2,196
2,197
2,198
2,199
2,200
2,201
2,202
2,203
3,204
3,205
2,206
2,207
2,208
2,209
2,210
3,211
2,212
2,213
2,214
2,215
3,216
3,217
3,218
3,219
3,220
3,221
3,222
3,223
3,224
3,225
3,226
3,227
4,228
4,229
4,230
4,231
4,232
4,233
4,234
4,235
4,236
5,237
5,238
5,239
4,240
4,241
4,242
4,243
4,244
4,245
4,246
4,247
4,248
5,249
5,250
5,251
5,252
5,253
6,254
6,255
6,256
5,257
5,258
5,259
5,260
5,261
6,262
6,263
6,264
6,265
6,266
6,267
6,268
6,269
7,270
7,271
7,272
7,273
6,274
6,275
6,276
6,277
6,278
6,279
6,280
7,281
7,282
7,283
7,284
7,285
7,286
7,287
7,288
7,289
8,290