88,0
88,1
88,2
88,3
88,4
88,5
87,6
88,7
88,8
88,9
88,10
87,11
87,12
87,13
87,14
87,15
87,16
87,17
86,18
87,19
87,20
87,21
87,22
87,23
87,24
87,25
87,26
86,27
86,28
86,29
86,30
86,31
86,32
86,33
86,34
86,35
86,36
86,37
86,38
86,39
86,40
86,41
86,42
86,43
86,44
86,45
86,46
85,47
86,48
86,49
86,50
86,51
86,52
86,53
85,54
85,55
84,56
84,57
84,58
84,59
84,60
84,61
85,62
84,63
84,64
84,65
84,66
84,67
84,68
84,69
84,70
84,71
84,72
84,73
83,74
83,75
83,76
84,77
84,78
83,79
83,80
83,81
83,82
82,83
23,84
24,84
25,84
26,84
27,84
28,84
29,84
30,84
31,84
32,84
33,84
82,84
20,85
21,85
22,85
34,85
35,85
81,85
19,86
36,86
37,86
38,86
39,86
40,86
81,86
18,87
41,87
42,87
43,87
81,87
16,88
17,88
44,88
45,88
80,88
15,89
46,89
47,89
48,89
49,89
80,89
14,90
50,90
79,90
13,91
51,91
78,91
13,92
52,92
53,92
54,92
76,92
77,92
11,93
12,93
55,93
56,93
75,93
10,94
57,94
58,94
59,94
73,94
74,94
9,95
60,95
61,95
62,95
63,95
64,95
65,95
66,95
67,95
68,95
69,95
70,95
71,95
72,95
8,96
7,97
6,98
6,99
5,100
5,101
5,102
4,103
3,104
3,105
3,106
3,107
2,108
2,109
2,110
1,111
1,112
0,113
0,114
0,115
0,116
0,117
0,118
0,119
0,120
0,121
0,122
0,123
0,124
1,125
1,126
1,127
2,128
2,129
2,130
3,131
3,132
4,133
4,134
5,135
5,136
5,137
5,138
5,139
6,140
7,141
7,142
8,143
9,144
63,144
64,144
65,144
66,144
67,144
68,144
69,144
70,144
71,144
72,144
73,144
74,144
75,144
10,145
60,145
61,145
62,145
76,145
10,146
58,146
59,146
77,146
10,147
55,147
56,147
57,147
78,147
11,148
54,148
79,148
12,149
50,149
51,149
53,149
80,149
13,150
48,150
49,150
52,150
80,150
14,151
46,151
47,151
81,151
15,152
44,152
45,152
81,152
16,153
42,153
43,153
82,153
17,154
18,154
41,154
82,154
19,155
38,155
39,155
40,155
83,155
20,156
21,156
22,156
23,156
33,156
34,156
35,156
36,156
37,156
84,156
24,157
25,157
30,157
31,157
32,157
84,157
26,158
27,158
28,158
29,158
83,158
84,159
84,160
84,161
84,162
84,163
85,164
85,165
85,166
85,167
85,168
85,169
85,170
85,171
85,172
85,173
85,174
85,175
85,176
85,177
85,178
85,179
85,180
85,181
85,182
85,183
85,184
85,185
85,186
85,187
85,188
85,189
85,190
85,191
85,192
85,193
85,194
86,195
86,196
86,197
86,198
86,199
86,200
86,201
86,202
86,203
86,204
86,205
86,206
86,207
87,208
87,209
87,210
87,211
87,212
87,213
87,214
87,215
87,216
87,217
87,218
87,219
86,220
86,221
86,222
86,223
86,224
86,225
87,226
86,227
86,228
86,229
86,230
86,231
87,232
87,233
87,234
87,235
87,236
87,237
87,238
88,239
88,240