2,0
2,1
1,2
1,3
2,4
1,5
0,6
0,7
0,8
1,9
1,10
1,11
2,12
2,13
2,14
2,15
2,16
1,17
1,18
2,19
2,20
2,21
2,22
2,23
2,24
2,25
3,26
3,27
3,28
2,29
2,30
2,31
3,32
3,33
3,34
3,35
3,36
3,37
4,38
4,39
4,40
3,41
3,42
3,43
3,44
3,45
3,46
4,47
4,48
4,49
4,50
5,51
4,52
3,53
4,54
4,55
4,56
4,57
4,58
4,59
5,60
5,61
5,62
5,63
5,64
4,65
5,66
5,67
59,67
60,67
5,68
54,68
58,68
61,68
63,68
64,68
6,69
52,69
53,69
55,69
56,69
57,69
62,69
65,69
66,69
6,70
50,70
51,70
67,70
6,71
49,71
67,71
7,72
48,72
68,72
69,72
7,73
47,73
70,73
8,74
44,74
45,74
46,74
71,74
8,75
42,75
43,75
72,75
73,75
8,76
41,76
74,76
8,77
40,77
74,77
9,78
37,78
38,78
39,78
75,78
9,79
36,79
75,79
10,80
34,80
35,80
75,80
11,81
30,81
32,81
33,81
76,81
12,82
13,82
28,82
29,82
31,82
76,82
14,83
25,83
26,83
27,83
77,83
15,84
16,84
17,84
18,84
22,84
23,84
24,84
77,84
19,85
20,85
21,85
78,85
78,86
78,87
79,88
79,89
79,90
80,91
79,92
79,93
80,94
80,95
81,96
81,97
81,98
81,99
81,100
81,101
81,102
82,103
81,104
81,105
81,106
82,107
82,108
82,109
83,110
82,111
82,112
82,113
82,114
82,115
81,116
81,117
81,118
81,119
81,120
80,121
80,122
81,123
81,124
81,125
80,126
80,127
79,128
79,129
78,130
78,131
15,132
16,132
78,132
12,133
13,133
14,133
17,133
18,133
19,133
78,133
11,134
20,134
21,134
22,134
23,134
24,134
78,134
10,135
25,135
26,135
27,135
77,135
9,136
28,136
29,136
77,136
8,137
30,137
76,137
7,138
31,138
75,138
7,139
32,139
74,139
6,140
33,140
34,140
73,140
6,141
35,141
72,141
5,142
36,142
71,142
5,143
37,143
38,143
70,143
5,144
39,144
69,144
5,145
40,145
41,145
42,145
69,145
5,146
43,146
68,146
4,147
44,147
68,147
4,148
45,148
61,148
62,148
63,148
67,148
3,149
46,149
47,149
60,149
64,149
65,149
66,149
3,150
48,150
49,150
59,150
2,151
50,151
51,151
57,151
58,151
3,152
52,152
55,152
56,152
3,153
53,153
54,153
3,154
3,155
3,156
3,157
3,158
3,159
3,160
2,161
2,162
2,163
2,164
2,165
2,166
2,167
2,168
2,169
2,170
2,171
2,172
2,173
2,174
2,175
1,176
1,177
1,178
1,179
1,180
2,181
2,182
2,183
2,184
1,185
1,186
1,187
1,188
1,189
1,190
1,191
1,192
1,193
2,194
2,195
2,196
1,197
1,198
1,199
1,200
1,201
1,202
1,203
1,204
1,205
1,206
1,207
1,208
0,209
0,210
0,211
0,212
0,213
0,214
1,215
1,216
1,217
1,218
1,219
1,220
0,221
0,222
0,223
0,224
1,225
1,226
1,227
1,228
1,229
1,230
1,231
1,232
0,233
0,234
0,235
0,236
0,237
1,238
1,239
1,240
1,241
1,242
1,243
0,244
0,245
0,246
0,247
1,248
1,249
0,250
0,251
0,252
1,253
1,254
1,255
0,256
0,257
0,258
0,259
0,260
1,261
1,262
1,263
1,264
1,265
1,266
2,267
2,268