2,0
1,1
1,2
0,3
1,4
1,5
1,6
1,7
1,8
1,9
1,10
1,11
1,12
1,13
0,14
0,15
0,16
0,17
1,18
1,19
1,20
1,21
1,22
1,23
1,24
1,25
1,26
1,27
1,28
1,29
1,30
1,31
1,32
2,33
2,34
2,35
2,36
2,37
2,38
2,39
1,40
1,41
1,42
1,43
1,44
1,45
1,46
2,47
2,48
2,49
2,50
2,51
2,52
2,53
2,54
1,55
1,56
1,57
1,58
1,59
1,60
2,61
2,62
2,63
2,64
2,65
50,65
54,65
55,65
2,66
47,66
48,66
49,66
51,66
52,66
53,66
56,66
2,67
45,67
46,67
57,67
58,67
59,67
2,68
44,68
60,68
2,69
43,69
61,69
2,70
40,70
41,70
42,70
62,70
2,71
39,71
63,71
3,72
38,72
64,72
65,72
3,73
37,73
66,73
67,73
3,74
36,74
68,74
3,75
35,75
69,75
4,76
34,76
70,76
4,77
33,77
71,77
4,78
32,78
71,78
5,79
31,79
72,79
5,80
29,80
30,80
72,80
6,81
28,81
72,81
6,82
22,82
26,82
27,82
73,82
7,83
21,83
23,83
24,83
25,83
74,83
8,84
20,84
22,84
74,84
9,85
12,85
13,85
16,85
17,85
18,85
19,85
21,85
74,85
10,86
11,86
14,86
15,86
75,86
76,87
77,88
77,89
77,90
77,91
77,92
77,93
78,94
78,95
78,96
78,97
78,98
78,99
79,100
79,101
80,102
80,103
80,104
80,105
80,106
80,107
80,108
80,109
80,110
80,111
80,112
80,113
80,114
80,115
81,116
82,117
81,118
81,119
81,120
81,121
81,122
81,123
81,124
81,125
81,126
81,127
81,128
81,129
82,130
82,131
81,132
81,133
81,134
81,135
81,136
80,137
80,138
80,139
80,140
80,141
79,142
79,143
79,144
80,145
79,146
79,147
78,148
19,149
77,149
18,150
20,150
21,150
22,150
23,150
24,150
25,150
26,150
28,150
29,150
30,150
77,150
16,151
17,151
27,151
31,151
77,151
15,152
32,152
33,152
34,152
35,152
76,152
14,153
36,153
75,153
14,154
37,154
74,154
13,155
38,155
73,155
12,156
39,156
40,156
72,156
11,157
41,157
71,157
11,158
42,158
71,158
10,159
43,159
71,159
9,160
44,160
45,160
46,160
70,160
10,161
47,161
70,161
10,162
48,162
65,162
67,162
70,162
9,163
49,163
63,163
64,163
66,163
68,163
69,163
9,164
50,164
51,164
52,164
53,164
62,164
65,164
67,164
8,165
54,165
59,165
62,165
66,165
8,166
54,166
57,166
58,166
60,166
61,166
8,167
55,167
56,167
8,168
8,169
8,170
7,171
7,172
7,173
7,174
7,175
8,176
8,177
8,178
8,179
8,180
7,181
7,182
7,183
7,184
7,185
7,186
7,187
7,188
6,189
7,190
7,191
7,192
7,193
7,194
7,195
7,196
7,197
7,198
7,199
7,200
7,201
6,202
6,203
7,204
7,205
7,206
6,207
6,208
6,209
6,210
6,211
6,212
6,213
6,214
6,215
6,216
6,217
5,218
6,219
6,220
6,221
6,222
6,223
6,224
6,225
5,226
5,227
5,228
5,229
5,230
5,231
5,232
6,233
6,234
6,235
6,236
6,237
6,238
6,239
5,240
5,241
5,242
5,243
5,244
5,245
4,246
4,247
5,248
5,249
5,250
5,251
5,252
5,253
5,254
5,255
5,256
5,257
5,258
4,259
4,260
4,261
5,262
5,263
4,264
4,265
4,266
4,267
4,268
4,269
4,270
4,271
4,272
4,273
4,274
4,275
4,276
4,277
4,278
4,279
4,280
4,281
3,282
3,283
3,284
3,285
3,286
3,287
3,288
3,289
4,290
5,291
4,292
4,293
4,294
6,294
5,295