82,0
82,1
82,2
82,3
82,4
81,5
81,6
81,7
81,8
81,9
81,10
81,11
81,12
81,13
81,14
81,15
81,16
81,17
81,18
81,19
81,20
81,21
81,22
80,23
80,24
80,25
80,26
80,27
80,28
80,29
80,30
80,31
80,32
80,33
80,34
80,35
80,36
80,37
80,38
79,39
79,40
78,41
78,42
78,43
78,44
78,45
78,46
78,47
78,48
78,49
78,50
78,51
78,52
24,53
78,53
22,54
23,54
25,54
26,54
27,54
28,54
29,54
30,54
77,54
20,55
21,55
31,55
32,55
33,55
77,55
19,56
34,56
35,56
77,56
17,57
18,57
36,57
37,57
77,57
16,58
38,58
77,58
15,59
39,59
40,59
76,59
14,60
41,60
76,60
13,61
42,61
75,61
12,62
42,62
75,62
11,63
43,63
44,63
45,63
75,63
11,64
46,64
74,64
10,65
47,65
74,65
9,66
48,66
49,66
73,66
9,67
50,67
51,67
73,67
9,68
52,68
53,68
73,68
8,69
54,69
55,69
72,69
8,70
56,70
57,70
71,70
7,71
58,71
59,71
60,71
69,71
70,71
6,72
61,72
67,72
68,72
6,73
62,73
63,73
64,73
65,73
66,73
6,74
5,75
4,76
3,77
3,78
3,79
3,80
3,81
3,82
2,83
2,84
2,85
2,86
2,87
2,88
2,89
2,90
2,91
1,92
1,93
1,94
1,95
1,96
1,97
1,98
1,99
1,100
1,101
1,102
1,103
1,104
1,105
1,106
1,107
1,108
1,109
0,110
0,111
1,112
1,113
1,114
1,115
1,116
1,117
1,118
2,119
2,120
2,121
3,122
3,123
3,124
3,125
4,126
4,127
3,128
4,129
4,130
4,131
5,132
5,133
63,133
64,133
65,133
66,133
67,133
68,133
69,133
6,134
57,134
58,134
59,134
60,134
61,134
62,134
70,134
71,134
6,135
55,135
56,135
72,135
7,136
54,136
73,136
7,137
52,137
53,137
74,137
8,138
51,138
75,138
8,139
49,139
50,139
76,139
8,140
48,140
76,140
9,141
10,141
47,141
77,141
11,142
46,142
77,142
12,143
44,143
45,143
77,143
13,144
43,144
78,144
14,145
42,145
78,145
15,146
38,146
39,146
40,146
41,146
78,146
16,147
37,147
78,147
17,148
36,148
78,148
18,149
35,149
78,149
19,150
20,150
33,150
34,150
78,150
21,151
22,151
31,151
32,151
78,151
23,152
24,152
25,152
26,152
27,152
28,152
29,152
30,152
78,152
79,153
79,154
79,155
79,156
79,157
79,158
79,159
79,160
79,161
80,162
80,163
80,164
80,165
79,166
79,167
79,168
79,169
79,170
79,171
79,172
79,173
80,174
80,175
80,176
80,177
80,178
80,179
81,180
81,181
81,182
81,183
80,184
80,185
80,186
80,187
80,188
80,189
80,190
80,191
81,192
81,193
81,194
81,195
81,196
81,197
81,198
81,199
81,200
82,201
81,202
81,203
81,204
81,205
81,206
81,207
81,208
81,209
81,210
82,211
82,212
82,213
82,214
82,215
82,216
82,217
82,218
82,219
81,220
81,221
81,222
81,223
81,224
81,225
81,226
81,227
82,228
82,229
82,230
82,231