77,0
76,1
76,2
76,3
76,4
76,5
76,6
75,7
75,8
76,9
76,10
76,11
76,12
76,13
75,14
75,15
75,16
75,17
75,18
75,19
75,20
76,21
76,22
76,23
76,24
76,25
75,26
75,27
75,28
74,29
74,30
74,31
75,32
75,33
75,34
75,35
75,36
75,37
74,38
74,39
74,40
74,41
74,42
74,43
75,44
75,45
75,46
75,47
75,48
74,49
75,50
75,51
74,52
74,53
74,54
75,55
75,56
75,57
75,58
75,59
75,60
75,61
74,62
74,63
74,64
74,65
74,66
75,67
75,68
74,69
74,70
74,71
74,72
74,73
73,74
74,75
74,76
74,77
75,78
75,79
75,80
75,81
75,82
75,83
75,84
74,85
74,86
74,87
74,88
74,89
75,90
75,91
75,92
74,93
74,94
74,95
18,96
20,96
74,96
17,97
19,97
21,97
22,97
23,97
24,97
74,97
16,98
25,98
26,98
74,98
13,99
14,99
15,99
27,99
28,99
29,99
30,99
73,99
12,100
31,100
32,100
73,100
11,101
33,101
74,101
10,102
34,102
73,102
9,103
35,103
36,103
73,103
9,104
37,104
38,104
73,104
8,105
39,105
72,105
8,106
39,106
41,106
72,106
7,107
40,107
42,107
43,107
71,107
6,108
44,108
71,108
6,109
45,109
69,109
70,109
6,110
46,110
47,110
68,110
6,111
48,111
67,111
5,112
49,112
50,112
52,112
53,112
54,112
55,112
66,112
5,113
51,113
56,113
64,113
65,113
5,114
57,114
58,114
59,114
60,114
61,114
62,114
63,114
4,115
4,116
4,117
4,118
4,119
4,120
3,121
3,122
2,123
2,124
1,125
1,126
2,127
2,128
2,129
2,130
2,131
1,132
1,133
1,134
1,135
1,136
1,137
0,138
1,139
1,140
1,141
1,142
1,143
1,144
1,145
1,146
0,147
0,148
0,149
1,150
1,151
1,152
1,153
1,154
1,155
1,156
1,157
1,158
1,159
1,160
1,161
2,162
2,163
3,164
3,165
3,166
3,167
3,168
3,169
55,169
56,169
57,169
58,169
59,169
60,169
61,169
62,169
63,169
64,169
65,169
66,169
3,170
54,170
67,170
68,170
69,170
3,171
54,171
70,171
4,172
52,172
53,172
71,172
5,173
48,173
49,173
50,173
51,173
72,173
5,174
46,174
47,174
72,174
5,175
44,175
45,175
73,175
6,176
43,176
73,176
6,177
42,177
74,177
7,178
41,178
74,178
7,179
39,179
40,179
74,179
7,180
37,180
38,180
74,180
8,181
34,181
35,181
36,181
74,181
9,182
33,182
75,182
10,183
11,183
33,183
76,183
12,184
32,184
76,184
13,185
30,185
31,185
76,185
13,186
28,186
29,186
76,186
14,187
15,187
27,187
76,187
16,188
21,188
22,188
23,188
24,188
25,188
26,188
76,188
17,189
18,189
19,189
20,189
76,189
75,190
75,191
75,192
76,193
76,194
76,195
76,196
76,197
76,198
76,199
76,200
76,201
76,202
76,203
77,204
76,205
76,206
76,207
76,208
76,209
76,210
76,211
76,212
75,213
75,214
75,215
76,216
76,217
76,218
76,219
76,220
76,221
76,222
76,223
76,224
76,225
76,226
76,227
77,228
77,229
77,230
77,231
77,232
77,233
76,234
76,235
76,236
76,237
76,238
77,239
77,240
77,241
77,242
77,243
77,244
77,245
76,246
76,247
76,248
76,249
77,250
77,251
77,252
77,253
77,254
77,255
77,256
77,257
76,258
76,259
76,260
75,261
76,262
77,263
77,264
77,265
77,266
77,267
77,268
77,269
77,270
77,271
77,272
77,273
77,274
78,275
78,276
78,277
77,278
77,279
77,280
77,281
77,282
76,283
77,284
78,285
78,286
78,287
78,288
78,289
78,290
78,291
78,292
78,293
78,294
78,295
79,296
79,297
79,298
79,299
78,300
78,301
78,302
78,303
78,304
78,305
78,306