3,0
2,1
2,2
2,3
2,4
2,5
2,6
2,7
2,8
2,9
2,10
2,11
2,12
2,13
2,14
2,15
2,16
2,17
2,18
2,19
2,20
2,21
3,22
3,23
3,24
3,25
3,26
3,27
3,28
3,29
4,30
3,31
2,32
2,33
2,34
2,35
2,36
3,37
3,38
3,39
3,40
3,41
3,42
3,43
3,44
3,45
3,46
3,47
3,48
3,49
3,50
3,51
3,52
3,53
3,54
3,55
3,56
3,57
3,58
4,59
4,60
4,61
3,62
3,63
3,64
4,65
3,66
3,67
3,68
3,69
4,70
4,71
4,72
4,73
4,74
4,75
4,76
3,77
3,78
3,79
3,80
4,81
4,82
4,83
54,83
55,83
56,83
57,83
58,83
4,84
48,84
49,84
50,84
52,84
53,84
59,84
60,84
61,84
62,84
4,85
47,85
51,85
63,85
64,85
4,86
46,86
65,86
66,86
4,87
45,87
67,87
4,88
43,88
44,88
68,88
4,89
42,89
69,89
4,90
41,90
70,90
5,91
40,91
70,91
4,92
37,92
38,92
39,92
71,92
4,93
36,93
71,93
4,94
35,94
71,94
4,95
34,95
72,95
4,96
33,96
72,96
5,97
32,97
72,97
5,98
31,98
73,98
5,99
30,99
73,99
6,100
27,100
28,100
29,100
73,100
7,101
26,101
74,101
8,102
25,102
74,102
9,103
23,103
24,103
74,103
10,104
11,104
12,104
21,104
22,104
75,104
13,105
14,105
17,105
18,105
19,105
20,105
75,105
15,106
16,106
75,106
75,107
76,108
75,109
76,110
76,111
76,112
76,113
76,114
76,115
76,116
77,117
77,118
77,119
77,120
77,121
78,122
78,123
77,124
77,125
77,126
77,127
77,128
77,129
77,130
77,131
77,132
77,133
77,134
77,135
77,136
77,137
77,138
76,139
76,140
76,141
76,142
76,143
75,144
75,145
75,146
75,147
75,148
75,149
15,150
74,150
14,151
16,151
17,151
18,151
19,151
20,151
21,151
22,151
74,151
10,152
11,152
12,152
13,152
23,152
24,152
74,152
9,153
25,153
74,153
8,154
26,154
73,154
7,155
27,155
28,155
72,155
7,156
29,156
30,156
72,156
6,157
31,157
71,157
6,158
32,158
70,158
6,159
33,159
34,159
35,159
70,159
6,160
36,160
70,160
6,161
37,161
69,161
6,162
38,162
68,162
6,163
39,163
68,163
6,164
40,164
67,164
6,165
41,165
42,165
66,165
6,166
43,166
65,166
5,167
44,167
45,167
65,167
4,168
46,168
64,168
4,169
47,169
62,169
63,169
4,170
48,170
49,170
61,170
4,171
50,171
51,171
59,171
60,171
4,172
52,172
53,172
54,172
55,172
57,172
58,172
4,173
56,173
4,174
4,175
4,176
4,177
4,178
4,179
4,180
4,181
3,182
3,183
3,184
3,185
3,186
3,187
3,188
3,189
3,190
3,191
4,192
4,193
4,194
4,195
4,196
3,197
3,198
3,199
3,200
3,201
3,202
3,203
3,204
3,205
3,206
3,207
3,208
3,209
3,210
3,211
2,212
2,213
2,214
2,215
2,216
2,217
2,218
2,219
2,220
2,221
2,222
2,223
2,224
2,225
2,226
1,227
1,228
1,229
1,230
1,231
1,232
1,233
1,234
1,235
1,236
1,237
1,238
1,239
1,240
1,241
1,242
0,243
0,244
0,245
0,246
0,247
0,248
0,249
1,250
1,251
1,252