7,0
6,1
6,2
5,3
5,4
5,5
4,6
4,7
4,8
3,9
4,10
4,11
4,12
4,13
4,14
3,15
3,16
3,17
4,18
4,19
3,20
3,21
3,22
3,23
3,24
4,25
3,26
3,27
3,28
3,29
2,30
2,31
2,32
3,33
2,34
2,35
2,36
2,37
2,38
2,39
3,40
3,41
2,42
2,43
2,44
1,45
1,46
1,47
2,48
2,49
2,50
1,51
1,52
1,53
0,54
0,55
1,56
1,57
1,58
1,59
1,60
1,61
0,62
1,63
1,64
1,65
1,66
1,67
1,68
47,68
48,68
49,68
1,69
43,69
44,69
45,69
46,69
50,69
51,69
52,69
1,70
38,70
39,70
40,70
41,70
42,70
53,70
54,70
1,71
36,71
37,71
55,71
1,72
35,72
56,72
2,73
31,73
32,73
33,73
34,73
57,73
2,74
30,74
58,74
59,74
1,75
29,75
60,75
2,76
29,76
60,76
2,77
28,77
61,77
3,78
24,78
25,78
26,78
27,78
62,78
4,79
22,79
23,79
62,79
4,80
21,80
63,80
4,81
14,81
15,81
16,81
17,81
18,81
19,81
20,81
64,81
5,82
6,82
13,82
65,82
7,83
8,83
9,83
13,83
66,83
10,84
11,84
12,84
67,84
67,85
67,86
68,87
68,88
69,89
69,90
70,91
70,92
70,93
71,94
71,95
72,96
72,97
72,98
73,99
73,100
73,101
73,102
73,103
74,104
74,105
74,106
73,107
73,108
73,109
72,110
73,111
73,112
72,113
72,114
71,115
71,116
70,117
70,118
70,119
70,120
69,121
69,122
68,123
68,124
67,125
66,126
66,127
65,128
64,129
63,130
17,131
18,131
19,131
62,131
12,132
13,132
14,132
15,132
16,132
20,132
21,132
22,132
25,132
62,132
11,133
23,133
24,133
26,133
27,133
61,133
10,134
28,134
29,134
60,134
9,135
30,135
31,135
32,135
33,135
60,135
8,136
34,136
35,136
36,136
57,136
58,136
59,136
7,137
37,137
38,137
40,137
56,137
8,138
39,138
41,138
55,138
7,139
42,139
43,139
44,139
45,139
48,139
49,139
53,139
54,139
7,140
46,140
47,140
50,140
51,140
52,140
6,141
6,142
5,143
5,144
5,145
5,146
5,147
5,148
5,149
4,150
4,151
4,152
4,153
4,154
4,155
4,156
4,157
4,158
3,159
4,160
5,161
5,162
5,163
4,164
4,165
4,166
4,167
4,168
5,169
5,170
5,171
5,172
5,173
5,174
5,175
5,176
5,177
5,178
4,179
4,180
4,181
4,182
4,183
5,184
5,185
5,186
5,187
5,188
5,189
5,190
6,191
5,192
5,193
5,194
5,195
5,196
5,197
5,198
6,199
6,200
5,201
5,202
5,203
5,204
5,205
6,206
5,207
5,208
5,209
5,210
5,211
5,212
5,213
6,214
6,215
6,216
6,217
6,218
5,219
5,220
5,221
6,222
6,223
6,224
6,225
6,226
6,227
6,228
7,229
6,230
6,231
6,232
6,233
6,234
6,235
6,236
7,237
7,238
7,239
7,240
7,241
6,242
6,243
7,244
7,245
7,246
7,247
7,248
7,249
7,250
7,251
8,252
8,253
8,254
8,255
7,256
7,257