79,0
80,1
80,2
80,3
79,4
79,5
79,6
79,7
79,8
79,9
79,10
80,11
79,12
79,13
80,14
79,15
79,16
79,17
79,18
79,19
79,20
80,21
80,22
80,23
80,24
80,25
80,26
80,27
80,28
80,29
80,30
81,31
81,32
81,33
81,34
81,35
81,36
80,37
80,38
80,39
81,40
81,41
81,42
81,43
81,44
81,45
81,46
81,47
81,48
81,49
82,50
82,51
82,52
81,53
81,54
81,55
81,56
81,57
80,58
80,59
81,60
80,61
80,62
80,63
29,64
30,64
31,64
32,64
33,64
34,64
35,64
36,64
37,64
39,64
40,64
41,64
79,64
25,65
26,65
27,65
28,65
38,65
42,65
43,65
79,65
20,66
21,66
22,66
23,66
24,66
44,66
45,66
79,66
19,67
46,67
47,67
49,67
79,67
19,68
48,68
50,68
78,68
16,69
17,69
18,69
51,69
52,69
77,69
14,70
15,70
53,70
54,70
77,70
13,71
55,71
56,71
77,71
12,72
57,72
58,72
59,72
60,72
75,72
76,72
11,73
61,73
62,73
63,73
64,73
69,73
72,73
73,73
74,73
11,74
65,74
66,74
67,74
68,74
70,74
71,74
10,75
9,76
9,77
8,78
7,79
6,80
6,81
5,82
4,83
5,84
4,85
4,86
3,87
3,88
2,89
2,90
1,91
1,92
1,93
1,94
1,95
1,96
1,97
1,98
0,99
0,100
0,101
0,102
0,103
1,104
1,105
1,106
1,107
1,108
1,109
2,110
2,111
3,112
3,113
4,114
5,115
5,116
5,117
6,118
6,119
7,120
7,121
8,122
72,122
73,122
74,122
75,122
76,122
9,123
66,123
67,123
68,123
69,123
70,123
71,123
77,123
78,123
79,123
10,124
62,124
63,124
64,124
65,124
80,124
10,125
61,125
81,125
82,125
11,126
12,126
58,126
59,126
60,126
83,126
13,127
56,127
57,127
83,127
14,128
54,128
55,128
84,128
15,129
52,129
53,129
85,129
16,130
51,130
85,130
17,131
51,131
85,131
18,132
19,132
20,132
49,132
50,132
85,132
21,133
22,133
23,133
47,133
48,133
85,133
24,134
25,134
26,134
27,134
28,134
42,134
43,134
44,134
45,134
46,134
85,134
29,135
30,135
33,135
34,135
35,135
36,135
37,135
38,135
39,135
40,135
41,135
85,135
31,136
32,136
85,136
86,137
86,138
87,139
87,140
87,141
86,142
86,143
86,144
86,145
86,146
86,147
86,148
86,149
86,150
86,151
86,152
86,153
86,154
85,155
85,156
85,157
85,158
86,159
86,160
85,161
85,162
85,163
85,164
85,165
85,166
85,167
85,168
85,169
85,170
85,171
85,172
85,173
84,174
84,175
84,176
84,177
84,178
84,179
84,180
84,181
84,182
84,183
83,184
83,185
83,186
83,187
83,188
84,189
84,190
83,191
83,192
83,193
83,194
83,195
83,196
82,197
82,198
83,199
83,200
83,201
83,202
82,203
82,204
82,205
82,206
82,207
82,208
82,209
82,210
82,211
82,212
82,213
81,214
81,215
81,216
81,217
82,218
82,219
82,220
81,221
81,222
81,223
81,224
81,225
81,226
81,227
82,228
81,229
81,230
81,231
81,232
81,233
81,234
81,235
80,236
80,237
81,238
81,239
81,240
80,241
79,242
79,243
78,244