0,0
0,1
0,2
0,3
0,4
0,5
0,6
0,7
0,8
0,9
1,10
2,10
3,10
4,10
5,10
6,10
7,10
8,10
9,10
10,10
11,10
12,11
12,12
12,13
12,14
12,15
12,16
12,17
12,18
12,19
12,20
12,21
12,22
12,23
12,24
12,25
12,26
12,27
12,28
12,29
12,30
12,31
12,32
12,33
12,34
12,35
12,36
12,37
12,38
12,39
12,40
12,41
12,42
12,43
12,44
12,45
12,46
12,47
12,48
12,49
12,50
12,51
12,52
12,53
12,54
12,55
12,56
12,57
12,58
12,59
12,60
12,61
12,62
12,63
12,64
12,65
12,66
12,67
12,68
12,69
12,70
12,71
12,72
12,73
12,74
12,75
12,76
12,77
12,78
12,79
12,80
12,81
12,82
12,83
12,84
12,85
12,86
12,87
12,88
12,89
12,90
12,91
12,92
12,93
12,94
12,95
1,96
2,96
3,96
4,96
5,96
6,96
7,96
8,96
9,96
10,96
11,96
0,97
0,98
0,99
0,100
0,101
0,102
0,103
0,104
0,105
0,106
0,107
0,108
0,109
0,110
0,111
0,112
0,113
0,114
0,115
0,116
0,117
0,118
0,119
0,120
0,121
0,122
1,123
2,123
3,123
4,123
5,123
6,123
7,123
8,123
9,123
10,123
11,123
12,124
12,125
12,126
12,127
12,128
12,129
12,130
12,131
12,132
12,133
12,134
12,135
12,136
12,137
12,138
12,139
12,140
12,141
12,142
12,143
12,144
12,145
12,146
12,147
12,148
12,149
12,150
12,151
12,152
12,153
12,154
12,155
12,156
12,157
1,158
2,158
3,158
4,158
5,158
6,158
7,158
8,158
9,158
10,158
11,158
0,159
0,160
0,161
0,162
0,163
0,164
0,165
0,166
0,167
0,168
0,169
0,170
0,171
0,172
0,173
0,174
0,175
0,176
0,177
0,178
0,179
0,180
0,181
0,182
0,183
0,184
0,185
0,186
0,187
0,188
0,189