2,0
2,1
2,2
2,3
2,4
2,5
2,6
2,7
2,8
2,9
2,10
2,11
2,12
2,13
2,14
2,15
2,16
2,17
2,18
2,19
2,20
2,21
2,22
2,23
2,24
2,25
2,26
2,27
2,28
2,29
2,30
2,31
2,32
2,33
2,34
2,35
2,36
2,37
2,38
2,39
2,40
2,41
2,42
2,43
2,44
2,45
2,46
2,47
2,48
2,49
2,50
2,51
3,52
3,53
3,54
3,55
3,56
3,57
3,58
3,59
3,60
3,61
3,62
3,63
3,64
3,65
3,66
3,67
3,68
3,69
3,70
3,71
3,72
3,73
3,74
3,75
3,76
3,77
3,78
3,79
3,80
3,81
3,82
3,83
3,84
3,85
3,86
3,87
3,88
3,89
3,90
3,91
3,92
3,93
3,94
3,95
3,96
3,97
3,98
3,99
3,100
3,101
3,102
3,103
3,104
3,105
3,106
3,107
3,108
3,109
3,110
3,111
3,112
3,113
3,114
3,115
3,116
3,117
3,118
3,119
3,120
3,121
3,122
3,123
3,124
3,125
3,126
3,127
3,128
3,129
3,130
3,131
3,132
3,133
3,134
3,135
3,136
3,137
3,138
3,139
3,140
3,141
3,142
3,143
3,144
3,145
3,146
3,147
4,148
4,149
4,150
4,151
4,152
4,153
4,154
4,155
4,156
4,157
4,158
4,159
4,160
4,161
4,162
4,163
4,164
4,165
4,166
4,167
4,168
4,169
3,170
4,171
3,172
4,173
4,174
4,175
4,176
4,177
3,178
4,179
4,180
4,181
3,182
3,183
4,184
4,185
4,186
3,187
3,188
2,189
4,189
3,190
3,191
4,192
3,193
4,194
4,195
4,196
4,197
4,198
1,199
3,199
0,200
2,200
4,200
1,201
4,201
4,202
4,203
4,204
4,205
4,206
4,207
4,208
4,209
4,210
4,211
4,212
4,213
4,214
4,215
4,216
4,217
4,218
4,219
4,220
4,221
4,222
4,223
4,224
4,225
4,226
4,227
4,228
4,229
4,230
4,231
4,232
4,233
3,234
4,235
3,236
4,237
4,238
4,239
4,240
4,241
4,242
5,243
5,244
5,245
4,246
4,247
5,248
5,249
5,250
4,251
4,252
3,253
5,253
4,254
4,255
5,256
4,257
5,258
5,259
5,260
5,261
5,262
2,263
4,263
1,264
3,264
5,264
2,265
5,265
5,266
5,267
5,268
5,269
5,270
5,271
5,272
5,273
5,274
5,275
5,276
5,277
5,278
5,279
5,280
5,281
2,282
3,282
4,282
1,283
1,284
1,285
1,286
1,287
2,288
3,288
4,288
5,289
5,290
5,291
4,292
4,293