69,0
68,1
68,2
68,3
68,4
69,5
70,6
70,7
70,8
69,9
69,10
69,11
69,12
69,13
69,14
69,15
69,16
69,17
69,18
69,19
69,20
69,21
68,22
68,23
69,24
69,25
69,26
70,27
70,28
70,29
70,30
70,31
69,32
70,33
69,34
69,35
69,36
69,37
69,38
69,39
69,40
69,41
69,42
69,43
69,44
69,45
69,46
69,47
69,48
69,49
69,50
69,51
69,52
69,53
69,54
69,55
69,56
69,57
69,58
69,59
69,60
70,61
71,62
70,63
70,64
70,65
70,66
69,67
69,68
69,69
69,70
69,71
69,72
69,73
69,74
69,75
68,76
68,77
20,78
68,78
19,79
21,79
22,79
23,79
24,79
25,79
26,79
68,79
17,80
18,80
27,80
68,80
15,81
16,81
28,81
29,81
68,81
14,82
30,82
31,82
69,82
14,83
32,83
33,83
68,83
13,84
34,84
35,84
68,84
12,85
36,85
39,85
67,85
11,86
37,86
38,86
40,86
41,86
67,86
10,87
42,87
43,87
44,87
66,87
10,88
45,88
66,88
9,89
46,89
65,89
9,90
47,90
48,90
49,90
64,90
8,91
50,91
51,91
52,91
62,91
63,91
7,92
53,92
54,92
55,92
58,92
59,92
60,92
61,92
6,93
56,93
57,93
6,94
6,95
5,96
4,97
4,98
4,99
3,100
3,101
3,102
3,103
2,104
2,105
2,106
1,107
1,108
1,109
1,110
1,111
1,112
0,113
0,114
0,115
0,116
0,117
0,118
0,119
0,120
0,121
1,122
1,123
1,124
1,125
2,126
2,127
2,128
2,129
3,130
3,131
3,132
3,133
4,134
4,135
5,136
5,137
5,138
6,139
60,139
61,139
7,140
56,140
57,140
58,140
59,140
62,140
63,140
8,141
53,141
54,141
55,141
64,141
8,142
51,142
52,142
65,142
9,143
48,143
49,143
50,143
66,143
10,144
46,144
47,144
67,144
11,145
44,145
45,145
67,145
11,146
42,146
43,146
68,146
11,147
41,147
68,147
12,148
40,148
68,148
13,149
38,149
39,149
69,149
14,150
35,150
36,150
37,150
69,150
15,151
16,151
33,151
34,151
69,151
17,152
31,152
32,152
69,152
18,153
19,153
22,153
23,153
25,153
26,153
27,153
28,153
29,153
30,153
69,153
20,154
21,154
24,154
69,154
69,155
69,156
70,157
71,158
70,159
70,160
70,161
70,162
70,163
70,164
70,165
70,166
70,167
70,168
70,169
70,170
69,171
69,172
69,173
69,174
69,175
70,176
71,177
71,178
71,179
71,180
71,181
71,182
71,183
71,184
70,185
70,186
70,187
70,188
70,189
70,190
70,191
70,192
70,193
70,194
69,195
70,196
70,197
70,198
70,199
70,200
69,201
69,202
69,203
69,204
69,205
70,206
70,207
69,208
69,209
69,210
69,211
69,212
68,213
68,214
69,215
69,216
70,217
69,218
69,219
69,220
69,221
69,222
69,223
69,224
69,225
69,226
69,227
68,228
68,229
68,230
68,231
68,232
67,233
67,234
68,235
68,236
68,237
68,238
68,239
68,240
68,241
68,242
68,243
68,244
68,245
68,246
68,247
68,248
68,249
68,250
67,251
67,252
67,253
68,254
68,255
68,256
68,257
68,258
67,259
67,260
67,261
67,262
67,263
68,264
68,265
68,266
68,267
68,268