1,0
1,1
1,2
1,3
1,4
1,5
1,6
1,7
1,8
1,9
1,10
2,11
2,12
2,13
2,14
2,15
3,16
3,17
3,18
3,19
3,20
3,21
3,22
3,23
3,24
3,25
4,26
4,27
4,28
4,29
4,30
4,31
4,32
5,33
5,34
5,35
5,36
5,37
5,38
5,39
5,40
5,41
5,42
5,43
5,44
5,45
6,46
6,47
6,48
55,48
56,48
57,48
58,48
59,48
60,48
61,48
7,49
53,49
54,49
62,49
63,49
7,50
52,50
64,50
65,50
66,50
67,50
7,51
49,51
50,51
51,51
68,51
69,51
7,52
47,52
48,52
70,52
71,52
72,52
7,53
44,53
45,53
46,53
73,53
8,54
43,54
74,54
8,55
41,55
42,55
75,55
8,56
40,56
76,56
9,57
39,57
77,57
9,58
38,58
78,58
9,59
36,59
37,59
78,59
10,60
34,60
35,60
79,60
11,61
33,61
80,61
11,62
31,62
32,62
81,62
12,63
28,63
29,63
30,63
82,63
13,64
23,64
24,64
25,64
26,64
27,64
83,64
14,65
15,65
18,65
19,65
20,65
21,65
22,65
84,65
16,66
17,66
84,66
85,67
85,68
86,69
86,70
87,71
87,72
88,73
88,74
88,75
89,76
89,77
89,78
90,79
91,80
91,81
92,82
92,83
92,84
92,85
92,86
92,87
92,88
92,89
92,90
92,91
92,92
92,93
91,94
91,95
91,96
92,97
91,98
91,99
91,100
90,101
90,102
89,103
89,104
24,105
25,105
89,105
16,106
17,106
18,106
19,106
20,106
21,106
22,106
23,106
26,106
27,106
28,106
88,106
15,107
29,107
88,107
14,108
30,108
31,108
87,108
13,109
32,109
33,109
86,109
12,110
34,110
86,110
11,111
35,111
36,111
85,111
10,112
37,112
38,112
84,112
10,113
39,113
40,113
41,113
42,113
83,113
9,114
43,114
83,114
9,115
44,115
45,115
46,115
83,115
10,116
47,116
82,116
9,117
48,117
49,117
50,117
80,117
81,117
9,118
51,118
79,118
8,119
52,119
53,119
76,119
77,119
78,119
8,120
54,120
55,120
75,120
8,121
56,121
58,121
59,121
60,121
61,121
62,121
74,121
8,122
57,122
63,122
64,122
65,122
66,122
67,122
68,122
69,122
70,122
71,122
72,122
73,122
7,123
7,124
7,125
7,126
7,127
7,128
7,129
6,130
6,131
6,132
7,133
7,134
7,135
7,136
7,137
6,138
6,139
6,140
6,141
6,142
6,143
6,144
6,145
6,146
6,147
5,148
6,149
6,150
6,151
6,152
6,153
6,154
5,155
5,156
5,157
5,158
5,159
5,160
5,161
5,162
5,163
5,164
4,165
5,166
5,167
5,168
5,169
5,170
5,171
4,172
4,173
4,174
4,175
4,176
4,177
4,178
4,179
4,180
4,181
4,182
5,183
4,184
4,185
4,186
4,187
4,188
3,189
3,190
3,191
3,192
3,193
3,194
3,195
3,196
2,197
2,198
3,199
3,200
3,201
3,202
3,203
2,204
2,205
2,206
2,207
2,208
2,209
2,210
2,211
2,212
1,213
1,214
1,215
2,216
2,217
2,218
2,219
2,220
2,221
1,222
1,223
1,224
1,225
1,226
1,227
0,228
0,229
0,230
0,231
1,232