70,0
70,1
70,2
70,3
70,4
70,5
70,6
71,7
71,8
71,9
71,10
71,11
71,12
71,13
71,14
71,15
71,16
71,17
71,18
71,19
72,20
72,21
72,22
72,23
72,24
71,25
72,26
72,27
72,28
72,29
72,30
72,31
72,32
73,33
73,34
73,35
73,36
73,37
73,38
73,39
73,40
73,41
73,42
74,43
74,44
74,45
74,46
74,47
74,48
74,49
74,50
74,51
74,52
74,53
74,54
74,55
21,56
22,56
23,56
24,56
25,56
26,56
27,56
28,56
74,56
19,57
20,57
29,57
30,57
74,57
17,58
18,58
31,58
32,58
74,58
16,59
33,59
74,59
15,60
34,60
74,60
14,61
35,61
73,61
13,62
36,62
37,62
73,62
12,63
38,63
39,63
73,63
11,64
40,64
72,64
10,65
41,65
72,65
9,66
42,66
71,66
8,67
43,67
44,67
70,67
7,68
45,68
70,68
7,69
46,69
69,69
6,70
47,70
48,70
68,70
6,71
49,71
50,71
67,71
5,72
51,72
65,72
66,72
5,73
52,73
53,73
54,73
55,73
63,73
64,73
4,74
56,74
57,74
60,74
61,74
62,74
4,75
58,75
59,75
4,76
4,77
3,78
3,79
2,80
2,81
2,82
2,83
2,84
2,85
2,86
2,87
1,88
1,89
1,90
1,91
1,92
1,93
1,94
1,95
1,96
1,97
1,98
1,99
1,100
0,101
0,102
1,103
1,104
1,105
0,106
0,107
0,108
0,109
0,110
0,111
0,112
0,113
0,114
1,115
1,116
1,117
1,118
1,119
1,120
2,121
2,122
2,123
2,124
2,125
3,126
3,127
3,128
3,129
3,130
4,131
4,132
4,133
5,134
5,135
6,136
60,136
61,136
62,136
63,136
64,136
65,136
66,136
6,137
57,137
58,137
59,137
67,137
68,137
7,138
55,138
56,138
69,138
70,138
7,139
53,139
54,139
71,139
8,140
51,140
52,140
72,140
8,141
49,141
50,141
73,141
9,142
48,142
73,142
10,143
47,143
74,143
11,144
46,144
75,144
12,145
44,145
45,145
75,145
13,146
42,146
43,146
75,146
13,147
40,147
41,147
76,147
14,148
39,148
75,148
15,149
38,149
75,149
16,150
34,150
35,150
36,150
37,150
75,150
17,151
33,151
75,151
18,152
19,152
31,152
32,152
75,152
20,153
21,153
22,153
23,153
24,153
25,153
26,153
27,153
28,153
29,153
30,153
75,153
75,154
75,155
75,156
75,157
75,158
75,159
75,160
75,161
75,162
75,163
74,164
74,165
74,166
74,167
74,168
74,169
74,170
74,171
73,172
73,173
73,174
73,175
73,176
73,177
73,178
73,179
73,180
73,181
72,182
72,183
72,184
72,185
72,186
72,187
72,188
71,189
71,190
71,191
71,192
70,193
70,194
70,195
70,196
70,197
70,198
70,199
70,200
70,201
70,202
69,203
69,204
69,205
69,206
69,207
69,208
69,209
69,210
69,211
69,212
69,213
69,214
68,215
68,216
68,217
68,218
68,219
68,220
68,221
67,222
67,223
67,224
67,225
67,226
67,227
68,228