203,0
198,1
199,1
200,1
201,1
202,1
204,1
205,1
206,1
207,1
208,1
209,1
210,1
211,1
212,1
194,2
195,2
196,2
197,2
213,2
214,2
192,3
193,3
215,3
216,3
217,3
218,3
190,4
191,4
219,4
188,5
189,5
220,5
221,5
185,6
186,6
187,6
222,6
223,6
183,7
184,7
224,7
225,7
182,8
226,8
180,9
181,9
227,9
179,10
228,10
178,11
229,11
230,11
177,12
231,12
176,13
232,13
233,13
175,14
234,14
174,15
234,15
173,16
234,16
172,17
235,17
172,18
236,18
171,19
237,19
171,20
238,20
171,21
238,21
170,22
239,22
170,23
239,23
170,24
239,24
170,25
238,25
170,26
239,26
170,27
239,27
171,28
239,28
171,29
239,29
171,30
238,30
172,31
238,31
172,32
238,32
173,33
237,33
173,34
237,34
173,35
236,35
174,36
236,36
175,37
235,37
175,38
235,38
175,39
235,39
176,40
234,40
176,41
233,41
177,42
232,42
177,43
232,43
177,44
232,44
178,45
231,45
179,46
231,46
179,47
230,47
179,48
230,48
179,49
230,49
180,50
229,50
180,51
229,51
180,52
228,52
181,53
228,53
181,54
227,54
181,55
226,55
182,56
226,56
182,57
226,57
182,58
226,58
182,59
225,59
182,60
225,60
182,61
225,61
182,62
226,62
182,63
226,63
181,64
227,64
180,65
228,65
78,66
79,66
80,66
81,66
82,66
83,66
84,66
85,66
86,66
179,66
228,66
77,67
87,67
88,67
89,67
90,67
91,67
92,67
93,67
94,67
95,67
96,67
97,67
98,67
99,67
100,67
178,67
229,67
230,67
77,68
101,68
102,68
103,68
104,68
105,68
106,68
107,68
108,68
126,68
127,68
175,68
176,68
177,68
231,68
232,68
77,69
109,69
110,69
111,69
112,69
113,69
114,69
115,69
116,69
117,69
118,69
119,69
120,69
121,69
122,69
125,69
128,69
129,69
130,69
131,69
132,69
133,69
134,69
135,69
136,69
137,69
138,69
139,69
140,69
141,69
142,69
143,69
144,69
145,69
146,69
147,69
172,69
173,69
174,69
233,69
234,69
77,70
123,70
124,70
148,70
149,70
150,70
151,70
152,70
153,70
154,70
155,70
156,70
157,70
158,70
159,70
160,70
161,70
164,70
165,70
166,70
167,70
168,70
169,70
170,70
171,70
235,70
236,70
237,70
238,70
76,71
162,71
163,71
239,71
240,71
76,72
241,72
242,72
243,72
244,72
77,73
245,73
246,73
247,73
248,73
249,73
250,73
251,73
252,73
253,73
254,73
258,73
259,73
260,73
261,73
77,74
255,74
256,74
257,74
262,74
263,74
264,74
265,74
266,74
267,74
268,74
269,74
270,74
271,74
272,74
273,74
274,74
275,74
276,74
77,75
277,75
278,75
279,75
280,75
281,75
282,75
283,75
304,75
305,75
78,76
284,76
285,76
286,76
287,76
288,76
289,76
290,76
291,76
292,76
293,76
294,76
295,76
296,76
297,76
298,76
299,76
300,76
301,76
302,76
303,76
306,76
307,76
308,76
309,76
310,76
311,76
312,76
313,76
314,76
316,76
317,76
321,76
322,76
323,76
324,76
78,77
315,77
318,77
319,77
320,77
325,77
326,77
327,77
328,77
329,77
330,77
331,77
332,77
333,77
334,77
335,77
336,77
337,77
338,77
78,78
339,78
340,78
341,78
342,78
343,78
344,78
345,78
346,78
347,78
348,78
349,78
350,78
351,78
352,78
353,78
354,78
355,78
356,78
357,78
358,78
359,78
78,79
360,79
361,79
362,79
363,79
364,79
365,79
366,79
367,79
368,79
369,79
370,79
371,79
372,79
373,79
374,79
378,79
379,79
380,79
381,79
383,79
78,80
375,80
376,80
377,80
382,80
384,80
385,80
386,80
387,80
388,80
389,80
390,80
391,80
392,80
78,81
393,81
78,82
393,82
79,83
393,83
79,84
393,84
79,85
393,85
79,86
393,86
78,87
393,87
78,88
393,88
78,89
393,89
78,90
393,90
78,91
393,91
78,92
393,92
78,93
393,93
78,94
393,94
79,95
393,95
79,96
393,96
79,97
393,97
78,98
393,98
79,99
394,99
79,100
394,100
79,101
394,101
79,102
394,102
78,103
394,103
78,104
394,104
78,105
394,105
78,106
394,106
79,107
394,107
79,108
394,108
79,109
394,109
79,110
394,110
79,111
394,111
79,112
394,112
79,113
394,113
79,114
394,114
79,115
394,115
79,116
394,116
79,117
394,117
79,118
394,118
79,119
395,119
79,120
395,120
79,121
395,121
79,122
395,122
79,123
395,123
79,124
395,124
79,125
395,125
79,126
395,126
79,127
395,127
79,128
395,128
79,129
395,129
79,130
395,130
79,131
395,131
79,132
395,132
79,133
395,133
80,134
395,134
79,135
395,135
79,136
396,136
79,137
396,137
79,138
396,138
79,139
396,139
79,140
396,140
79,141
395,141
79,142
395,142
79,143
395,143
79,144
395,144
79,145
395,145
79,146
395,146
79,147
395,147
79,148
395,148
79,149
395,149
79,150
343,150
395,150
79,151
339,151
340,151
341,151
342,151
344,151
345,151
346,151
347,151
348,151
349,151
395,151
79,152
335,152
336,152
337,152
338,152
350,152
351,152
352,152
353,152
394,152
80,153
334,153
354,153
355,153
356,153
394,153
80,154
332,154
333,154
357,154
358,154
394,154
80,155
331,155
359,155
360,155
361,155
362,155
393,155
80,156
330,156
363,156
364,156
365,156
392,156
80,157
329,157
366,157
367,157
368,157
392,157
80,158
328,158
369,158
370,158
371,158
372,158
373,158
391,158
79,159
327,159
374,159
375,159
376,159
377,159
387,159
388,159
389,159
390,159
79,160
326,160
378,160
379,160
380,160
381,160
382,160
383,160
384,160
385,160
386,160
79,161
325,161
79,162
324,162
79,163
323,163
25,164
26,164
27,164
79,164
323,164
20,165
21,165
22,165
23,165
24,165
28,165
29,165
30,165
79,165
323,165
18,166
19,166
31,166
79,166
322,166
17,167
32,167
79,167
321,167
15,168
16,168
33,168
79,168
321,168
14,169
34,169
35,169
79,169
320,169
13,170
36,170
78,170
320,170
12,171
37,171
78,171
320,171
11,172
38,172
78,172
319,172
10,173
39,173
78,173
319,173
9,174
40,174
77,174
318,174
8,175
41,175
42,175
77,175
318,175
8,176
43,176
76,176
317,176
7,177
44,177
76,177
317,177
6,178
45,178
75,178
317,178
6,179
46,179
47,179
75,179
316,179
5,180
48,180
74,180
316,180
5,181
49,181
73,181
315,181
5,182
50,182
51,182
72,182
315,182
4,183
52,183
53,183
71,183
315,183
4,184
54,184
70,184
314,184
3,185
55,185
56,185
57,185
66,185
67,185
68,185
69,185
314,185
3,186
58,186
59,186
64,186
65,186
314,186
3,187
60,187
61,187
62,187
63,187
314,187
3,188
314,188
2,189
314,189
2,190
314,190
2,191
314,191
2,192
314,192
2,193
314,193
2,194
314,194
1,195
315,195
1,196
315,196
1,197
315,197
1,198
315,198
1,199
316,199
1,200
316,200
1,201
316,201
0,202
317,202
0,203
317,203
0,204
318,204
0,205
319,205
0,206
319,206
0,207
319,207
0,208
320,208
0,209
321,209
0,210
321,210
0,211
321,211
0,212
322,212
0,213
322,213
1,214
323,214
1,215
324,215
1,216
325,216
1,217
325,217
1,218
326,218
379,218
380,218
381,218
382,218
383,218
384,218
385,218
386,218
387,218
388,218
389,218
390,218
1,219
326,219
375,219
376,219
377,219
378,219
391,219
392,219
0,220
327,220
373,220
374,220
393,220
0,221
328,221
370,221
371,221
372,221
393,221
1,222
329,222
367,222
368,222
369,222
394,222
1,223
330,223
365,223
366,223
394,223
1,224
331,224
332,224
363,224
364,224
394,224
1,225
333,225
359,225
360,225
361,225
362,225
394,225
1,226
334,226
358,226
394,226
1,227
335,227
336,227
354,227
355,227
356,227
357,227
394,227
2,228
337,228
338,228
339,228
351,228
352,228
353,228
394,228
2,229
340,229
341,229
342,229
343,229
344,229
345,229
346,229
347,229
348,229
349,229
350,229
394,229
2,230
395,230
2,231
395,231
2,232
395,232
3,233
395,233
3,234
64,234
65,234
395,234
3,235
59,235
60,235
61,235
62,235
63,235
66,235
67,235
68,235
194,235
195,235
196,235
197,235
198,235
199,235
200,235
201,235
202,235
203,235
204,235
205,235
206,235
207,235
208,235
209,235
210,235
395,235
4,236
57,236
58,236
69,236
185,236
186,236
187,236
188,236
189,236
190,236
191,236
192,236
193,236
211,236
212,236
213,236
214,236
215,236
216,236
217,236
218,236
395,236
4,237
54,237
55,237
56,237
70,237
71,237
179,237
180,237
181,237
182,237
183,237
184,237
219,237
220,237
221,237
222,237
395,237
4,238
52,238
53,238
72,238
73,238
175,238
176,238
177,238
178,238
223,238
224,238
225,238
395,238
5,239
50,239
51,239
74,239
171,239
172,239
173,239
174,239
226,239
227,239
228,239
229,239
394,239
5,240
48,240
49,240
74,240
169,240
170,240
230,240
231,240
394,240
5,241
47,241
75,241
166,241
167,241
168,241
232,241
394,241
6,242
47,242
75,242
165,242
233,242
234,242
235,242
394,242
6,243
45,243
46,243
76,243
163,243
164,243
236,243
393,243
7,244
44,244
76,244
162,244
237,244
393,244
8,245
42,245
43,245
76,245
160,245
161,245
238,245
239,245
240,245
393,245
9,246
41,246
77,246
159,246
241,246
393,246
9,247
39,247
40,247
77,247
158,247
241,247
393,247
10,248
38,248
77,248
157,248
241,248
392,248
11,249
37,249
78,249
156,249
242,249
243,249
392,249
12,250
35,250
36,250
78,250
155,250
244,250
392,250
13,251
14,251
15,251
34,251
79,251
155,251
245,251
393,251
16,252
33,252
80,252
155,252
246,252
393,252
17,253
32,253
80,253
154,253
246,253
393,253
18,254
19,254
29,254
30,254
31,254
80,254
154,254
246,254
392,254
20,255
21,255
26,255
27,255
28,255
80,255
153,255
246,255
392,255
22,256
23,256
24,256
25,256
80,256
153,256
247,256
392,256
80,257
152,257
247,257
392,257
80,258
152,258
248,258
392,258
80,259
152,259
248,259
391,259
80,260
151,260
248,260
391,260
80,261
151,261
248,261
391,261
80,262
151,262
248,262
391,262
80,263
151,263
248,263
391,263
80,264
151,264
248,264
390,264
80,265
152,265
248,265
390,265
80,266
152,266
247,266
390,266
80,267
153,267
247,267
390,267
80,268
153,268
246,268
390,268
80,269
153,269
246,269
389,269
80,270
154,270
245,270
389,270
80,271
155,271
245,271
389,271
80,272
155,272
244,272
388,272
80,273
156,273
243,273
388,273
80,274
156,274
243,274
388,274
79,275
157,275
242,275
388,275
79,276
157,276
242,276
388,276
79,277
158,277
241,277
388,277
79,278
159,278
240,278
387,278
79,279
159,279
240,279
387,279
79,280
160,280
240,280
387,280
79,281
161,281
239,281
386,281
79,282
161,282
238,282
386,282
79,283
162,283
237,283
386,283
79,284
162,284
237,284
386,284
79,285
163,285
237,285
386,285
79,286
163,286
236,286
385,286
79,287
164,287
236,287
385,287
79,288
164,288
236,288
385,288
79,289
165,289
235,289
385,289
79,290
165,290
235,290
385,290
78,291
165,291
235,291
385,291
78,292
165,292
234,292
384,292
78,293
165,293
234,293
384,293
78,294
166,294
234,294
384,294
78,295
166,295
234,295
384,295
78,296
166,296
234,296
384,296
78,297
166,297
234,297
383,297
78,298
166,298
234,298
383,298
78,299
166,299
234,299
383,299
78,300
166,300
234,300
383,300
78,301
166,301
235,301
382,301
77,302
166,302
236,302
382,302
77,303
166,303
236,303
382,303
77,304
165,304
237,304
238,304
381,304
77,305
165,305
239,305
381,305
77,306
164,306
240,306
241,306
381,306
77,307
163,307
242,307
243,307
381,307
77,308
162,308
244,308
245,308
246,308
382,308
77,309
161,309
247,309
248,309
249,309
382,309
77,310
158,310
159,310
160,310
250,310
251,310
252,310
253,310
254,310
255,310
256,310
257,310
258,310
259,310
260,310
261,310
262,310
263,310
281,310
282,310
283,310
285,310
305,310
306,310
307,310
313,310
314,310
315,310
316,310
317,310
318,310
382,310
77,311
155,311
156,311
157,311
264,311
265,311
266,311
267,311
268,311
269,311
270,311
271,311
272,311
273,311
274,311
275,311
276,311
277,311
278,311
279,311
280,311
284,311
286,311
287,311
288,311
289,311
290,311
291,311
292,311
293,311
294,311
295,311
296,311
297,311
298,311
299,311
300,311
301,311
302,311
303,311
304,311
308,311
309,311
310,311
311,311
312,311
319,311
320,311
321,311
322,311
323,311
324,311
325,311
326,311
327,311
328,311
329,311
330,311
331,311
332,311
333,311
334,311
335,311
336,311
337,311
338,311
339,311
340,311
341,311
342,311
343,311
344,311
345,311
346,311
347,311
348,311
349,311
382,311
77,312
152,312
153,312
154,312
350,312
351,312
352,312
353,312
354,312
355,312
356,312
357,312
358,312
359,312
360,312
361,312
362,312
363,312
364,312
365,312
366,312
367,312
368,312
369,312
370,312
371,312
372,312
373,312
374,312
375,312
376,312
377,312
378,312
379,312
383,312
76,313
126,313
127,313
128,313
129,313
130,313
131,313
132,313
136,313
137,313
138,313
139,313
140,313
141,313
142,313
143,313
144,313
145,313
146,313
147,313
148,313
149,313
150,313
151,313
380,313
381,313
382,313
77,314
78,314
79,314
80,314
81,314
82,314
83,314
84,314
85,314
86,314
87,314
88,314
89,314
90,314
91,314
92,314
93,314
94,314
95,314
96,314
97,314
98,314
99,314
100,314
101,314
102,314
103,314
104,314
105,314
106,314
107,314
108,314
109,314
110,314
111,314
112,314
113,314
114,314
115,314
116,314
117,314
118,314
119,314
120,314
121,314
122,314
123,314
124,314
125,314
133,314
134,314
135,314