76,0
77,0
78,0
79,0
80,0
81,0
82,0
83,0
84,0
85,0
86,0
87,0
88,0
89,0
90,0
91,0
92,0
75,1
93,1
94,1
95,1
96,1
97,1
98,1
99,1
100,1
101,1
102,1
103,1
104,1
105,1
106,1
107,1
108,1
109,1
111,1
112,1
113,1
114,1
75,2
110,2
115,2
116,2
117,2
118,2
119,2
120,2
121,2
122,2
75,3
123,3
124,3
125,3
126,3
127,3
128,3
129,3
130,3
131,3
132,3
133,3
134,3
135,3
136,3
137,3
138,3
139,3
75,4
140,4
141,4
142,4
143,4
144,4
145,4
146,4
147,4
148,4
149,4
150,4
151,4
152,4
153,4
154,4
155,4
156,4
157,4
75,5
158,5
159,5
160,5
161,5
75,6
162,6
163,6
164,6
165,6
166,6
167,6
76,7
168,7
169,7
170,7
171,7
172,7
173,7
174,7
175,7
176,7
177,7
178,7
76,8
179,8
180,8
181,8
182,8
183,8
300,8
301,8
302,8
303,8
304,8
305,8
306,8
307,8
308,8
309,8
310,8
311,8
312,8
313,8
314,8
315,8
316,8
317,8
318,8
76,9
184,9
185,9
186,9
267,9
268,9
269,9
275,9
276,9
277,9
278,9
279,9
280,9
281,9
282,9
283,9
284,9
285,9
286,9
287,9
288,9
289,9
290,9
291,9
292,9
293,9
294,9
295,9
296,9
297,9
298,9
299,9
319,9
320,9
321,9
76,10
187,10
188,10
258,10
259,10
260,10
261,10
262,10
263,10
264,10
265,10
266,10
270,10
271,10
272,10
273,10
274,10
322,10
76,11
189,11
254,11
255,11
256,11
257,11
323,11
76,12
190,12
191,12
247,12
248,12
250,12
251,12
252,12
253,12
322,12
76,13
192,13
246,13
249,13
322,13
77,14
193,14
245,14
322,14
77,15
194,15
244,15
322,15
77,16
195,16
244,16
322,16
77,17
195,17
243,17
323,17
77,18
195,18
243,18
324,18
77,19
194,19
242,19
324,19
77,20
195,20
242,20
323,20
77,21
194,21
243,21
324,21
77,22
194,22
243,22
324,22
77,23
194,23
243,23
324,23
78,24
193,24
244,24
324,24
78,25
193,25
244,25
324,25
78,26
193,26
244,26
324,26
78,27
193,27
245,27
324,27
78,28
193,28
245,28
325,28
78,29
192,29
245,29
325,29
78,30
191,30
246,30
325,30
78,31
191,31
246,31
325,31
79,32
191,32
247,32
325,32
79,33
190,33
248,33
325,33
79,34
189,34
248,34
325,34
79,35
189,35
249,35
325,35
79,36
188,36
249,36
325,36
79,37
188,37
249,37
326,37
79,38
188,38
250,38
326,38
80,39
187,39
250,39
326,39
80,40
186,40
251,40
326,40
80,41
186,41
251,41
326,41
80,42
185,42
252,42
326,42
80,43
185,43
253,43
326,43
80,44
184,44
254,44
326,44
81,45
184,45
254,45
327,45
81,46
183,46
254,46
326,46
81,47
183,47
255,47
327,47
81,48
183,48
255,48
327,48
81,49
183,49
255,49
327,49
81,50
182,50
255,50
327,50
81,51
182,51
255,51
327,51
81,52
183,52
255,52
327,52
81,53
183,53
255,53
327,53
81,54
183,54
256,54
327,54
81,55
183,55
256,55
328,55
82,56
183,56
256,56
328,56
82,57
184,57
256,57
328,57
82,58
184,58
256,58
328,58
83,59
185,59
256,59
328,59
83,60
186,60
255,60
328,60
83,61
187,61
255,61
328,61
83,62
187,62
254,62
328,62
83,63
188,63
254,63
328,63
83,64
189,64
253,64
328,64
83,65
190,65
191,65
252,65
329,65
83,66
192,66
251,66
329,66
83,67
193,67
194,67
248,67
249,67
250,67
329,67
82,68
195,68
247,68
329,68
82,69
195,69
244,69
245,69
246,69
328,69
82,70
196,70
197,70
198,70
243,70
328,70
82,71
199,71
241,71
242,71
328,71
82,72
200,72
201,72
239,72
240,72
328,72
82,73
202,73
203,73
237,73
238,73
329,73
82,74
204,74
205,74
234,74
235,74
236,74
330,74
81,75
206,75
207,75
208,75
231,75
232,75
233,75
330,75
81,76
209,76
210,76
228,76
229,76
230,76
330,76
81,77
211,77
212,77
225,77
226,77
227,77
330,77
23,78
24,78
25,78
26,78
27,78
28,78
29,78
30,78
31,78
32,78
33,78
81,78
213,78
214,78
215,78
216,78
218,78
219,78
220,78
221,78
222,78
223,78
224,78
331,78
20,79
21,79
22,79
34,79
35,79
36,79
37,79
38,79
39,79
81,79
217,79
331,79
18,80
19,80
40,80
41,80
42,80
81,80
331,80
379,80
380,80
381,80
382,80
383,80
384,80
385,80
17,81
43,81
44,81
45,81
46,81
47,81
80,81
332,81
372,81
373,81
374,81
375,81
376,81
377,81
378,81
386,81
387,81
388,81
16,82
48,82
49,82
80,82
332,82
368,82
369,82
370,82
371,82
389,82
390,82
14,83
15,83
50,83
51,83
80,83
332,83
366,83
367,83
391,83
13,84
52,84
53,84
54,84
55,84
56,84
79,84
333,84
364,84
365,84
392,84
393,84
394,84
12,85
57,85
58,85
79,85
334,85
361,85
362,85
363,85
395,85
12,86
59,86
60,86
61,86
77,86
78,86
334,86
359,86
360,86
396,86
397,86
11,87
62,87
63,87
64,87
73,87
74,87
76,87
334,87
356,87
357,87
358,87
398,87
10,88
65,88
66,88
67,88
68,88
69,88
70,88
71,88
72,88
75,88
335,88
336,88
353,88
354,88
355,88
399,88
10,89
337,89
338,89
351,89
352,89
399,89
9,90
339,90
346,90
347,90
348,90
349,90
350,90
400,90
401,90
8,91
340,91
341,91
342,91
343,91
344,91
345,91
402,91
7,92
403,92
7,93
404,93
6,94
404,94
6,95
405,95
6,96
404,96
406,96
5,97
403,97
405,97
406,97
5,98
404,98
407,98
4,99
407,99
4,100
407,100
3,101
408,101
2,102
409,102
2,103
409,103
2,104
410,104
2,105
410,105
1,106
410,106
1,107
410,107
0,108
410,108
0,109
411,109
0,110
411,110
0,111
412,111
0,112
412,112
0,113
412,113
0,114
412,114
0,115
412,115
1,116
412,116
0,117
412,117
0,118
412,118
0,119
412,119
1,120
412,120
1,121
412,121
2,122
412,122
2,123
412,123
2,124
411,124
3,125
411,125
3,126
410,126
4,127
410,127
4,128
410,128
4,129
409,129
5,130
409,130
5,131
408,131
6,132
408,132
6,133
408,133
7,134
407,134
8,135
406,135
8,136
406,136
8,137
405,137
9,138
69,138
70,138
404,138
9,139
64,139
65,139
66,139
67,139
68,139
71,139
72,139
73,139
403,139
10,140
61,140
62,140
63,140
74,140
402,140
11,141
58,141
59,141
60,141
75,141
76,141
402,141
11,142
56,142
57,142
77,142
334,142
335,142
336,142
337,142
338,142
339,142
340,142
341,142
401,142
12,143
54,143
55,143
78,143
79,143
333,143
342,143
343,143
344,143
345,143
346,143
347,143
400,143
13,144
51,144
52,144
53,144
80,144
332,144
348,144
349,144
350,144
399,144
14,145
49,145
50,145
80,145
331,145
351,145
352,145
353,145
398,145
15,146
16,146
47,146
48,146
81,146
331,146
354,146
397,146
17,147
45,147
46,147
81,147
330,147
355,147
356,147
357,147
358,147
396,147
18,148
43,148
44,148
81,148
330,148
359,148
360,148
395,148
19,149
41,149
42,149
82,149
329,149
361,149
362,149
394,149
20,150
21,150
22,150
38,150
39,150
40,150
82,150
201,150
202,150
203,150
204,150
205,150
206,150
207,150
208,150
209,150
210,150
211,150
212,150
213,150
329,150
363,150
364,150
365,150
393,150
23,151
24,151
25,151
34,151
35,151
36,151
37,151
82,151
189,151
190,151
191,151
192,151
193,151
194,151
195,151
196,151
197,151
198,151
199,151
200,151
214,151
215,151
216,151
217,151
218,151
219,151
220,151
221,151
222,151
223,151
224,151
328,151
366,151
367,151
368,151
391,151
392,151
26,152
27,152
28,152
29,152
30,152
31,152
32,152
33,152
82,152
185,152
186,152
187,152
188,152
225,152
226,152
227,152
228,152
229,152
230,152
231,152
232,152
328,152
369,152
370,152
371,152
388,152
389,152
390,152
82,153
179,153
180,153
181,153
182,153
183,153
184,153
233,153
234,153
328,153
372,153
373,153
374,153
375,153
386,153
387,153
82,154
176,154
177,154
178,154
235,154
236,154
237,154
328,154
376,154
377,154
378,154
379,154
380,154
381,154
382,154
383,154
384,154
385,154
81,155
175,155
238,155
239,155
240,155
241,155
327,155
81,156
172,156
173,156
174,156
242,156
243,156
326,156
82,157
171,157
244,157
325,157
82,158
170,158
245,158
325,158
82,159
169,159
246,159
325,159
82,160
168,160
247,160
325,160
82,161
167,161
248,161
325,161
82,162
165,162
166,162
248,162
325,162
81,163
164,163
249,163
325,163
81,164
164,164
250,164
251,164
324,164
81,165
163,165
252,165
324,165
81,166
162,166
252,166
324,166
81,167
162,167
253,167
254,167
324,167
81,168
161,168
255,168
324,168
80,169
161,169
256,169
324,169
80,170
161,170
256,170
324,170
80,171
161,171
256,171
324,171
80,172
160,172
256,172
324,172
80,173
160,173
257,173
323,173
79,174
160,174
258,174
323,174
79,175
160,175
259,175
323,175
79,176
160,176
259,176
323,176
79,177
160,177
259,177
323,177
79,178
160,178
259,178
323,178
79,179
160,179
259,179
322,179
79,180
161,180
259,180
322,180
79,181
161,181
259,181
322,181
79,182
162,182
258,182
322,182
79,183
162,183
258,183
322,183
79,184
163,184
258,184
322,184
79,185
163,185
257,185
322,185
78,186
164,186
257,186
322,186
78,187
164,187
256,187
322,187
78,188
165,188
255,188
322,188
78,189
165,189
255,189
322,189
78,190
166,190
254,190
321,190
77,191
167,191
253,191
321,191
77,192
167,192
252,192
321,192
76,193
168,193
251,193
322,193
76,194
169,194
250,194
322,194
76,195
169,195
249,195
321,195
76,196
170,196
248,196
321,196
76,197
170,197
247,197
321,197
76,198
171,198
246,198
321,198
76,199
172,199
245,199
320,199
76,200
172,200
244,200
320,200
76,201
172,201
244,201
320,201
76,202
173,202
243,202
320,202
75,203
173,203
243,203
320,203
75,204
173,204
242,204
319,204
75,205
174,205
242,205
320,205
74,206
174,206
242,206
319,206
75,207
174,207
242,207
319,207
74,208
174,208
241,208
319,208
74,209
175,209
241,209
319,209
74,210
175,210
241,210
319,210
74,211
175,211
241,211
319,211
73,212
175,212
240,212
318,212
74,213
175,213
240,213
318,213
74,214
174,214
240,214
318,214
73,215
174,215
240,215
318,215
73,216
174,216
241,216
318,216
73,217
173,217
241,217
317,217
73,218
173,218
241,218
318,218
73,219
172,219
241,219
318,219
72,220
171,220
242,220
317,220
72,221
170,221
243,221
317,221
73,222
169,222
244,222
318,222
74,223
167,223
168,223
245,223
318,223
75,224
76,224
77,224
78,224
79,224
165,224
166,224
246,224
247,224
316,224
318,224
80,225
81,225
82,225
85,225
86,225
87,225
88,225
89,225
90,225
91,225
92,225
93,225
94,225
95,225
96,225
97,225
98,225
99,225
100,225
101,225
102,225
103,225
104,225
105,225
106,225
107,225
108,225
111,225
112,225
113,225
122,225
123,225
127,225
128,225
129,225
130,225
131,225
132,225
133,225
134,225
158,225
159,225
160,225
163,225
164,225
248,225
315,225
317,225
83,226
84,226
109,226
110,226
114,226
115,226
116,226
117,226
118,226
119,226
120,226
121,226
124,226
125,226
126,226
135,226
136,226
137,226
138,226
139,226
140,226
141,226
142,226
143,226
144,226
145,226
146,226
147,226
148,226
149,226
150,226
151,226
154,226
155,226
156,226
157,226
161,226
162,226
249,226
316,226
152,227
153,227
250,227
251,227
317,227
252,228
253,228
254,228
255,228
256,228
257,228
258,228
314,228
315,228
316,228
259,229
260,229
261,229
262,229
263,229
264,229
265,229
266,229
267,229
268,229
269,229
270,229
271,229
272,229
273,229
274,229
275,229
276,229
277,229
278,229
279,229
280,229
281,229
282,229
283,229
284,229
285,229
286,229
287,229
288,229
289,229
290,229
291,229
292,229
293,229
294,229
295,229
296,229
297,229
298,229
299,229
300,229
301,229
302,229
303,229
304,229
305,229
306,229
307,229
308,229
309,229
310,229
311,229
312,229
313,229