299,0
290,1
291,1
292,1
293,1
294,1
295,1
296,1
297,1
298,1
300,1
279,2
280,2
281,2
282,2
283,2
284,2
285,2
286,2
287,2
288,2
289,2
299,2
269,3
270,3
271,3
272,3
273,3
274,3
275,3
276,3
277,3
278,3
299,3
258,4
259,4
260,4
261,4
262,4
264,4
268,4
299,4
248,5
249,5
250,5
255,5
256,5
257,5
263,5
265,5
266,5
267,5
299,5
85,6
86,6
87,6
240,6
241,6
242,6
243,6
247,6
251,6
252,6
253,6
254,6
300,6
84,7
88,7
89,7
90,7
96,7
97,7
98,7
106,7
107,7
108,7
109,7
117,7
236,7
237,7
238,7
239,7
244,7
245,7
246,7
300,7
83,8
91,8
92,8
93,8
94,8
95,8
99,8
100,8
101,8
102,8
103,8
104,8
105,8
110,8
111,8
112,8
113,8
114,8
115,8
116,8
118,8
119,8
120,8
121,8
122,8
123,8
124,8
125,8
128,8
129,8
130,8
131,8
132,8
133,8
139,8
140,8
141,8
228,8
229,8
230,8
231,8
232,8
233,8
234,8
235,8
300,8
82,9
126,9
127,9
134,9
135,9
136,9
137,9
138,9
142,9
143,9
144,9
145,9
146,9
147,9
150,9
151,9
226,9
227,9
300,9
82,10
148,10
149,10
152,10
153,10
154,10
155,10
156,10
224,10
225,10
300,10
81,11
157,11
158,11
161,11
222,11
223,11
300,11
81,12
159,12
160,12
162,12
163,12
220,12
221,12
300,12
81,13
164,13
218,13
219,13
300,13
81,14
165,14
216,14
217,14
300,14
81,15
166,15
215,15
299,15
81,16
167,16
215,16
300,16
81,17
168,17
215,17
300,17
81,18
169,18
215,18
300,18
81,19
168,19
214,19
300,19
81,20
168,20
215,20
300,20
80,21
169,21
215,21
299,21
80,22
170,22
215,22
299,22
80,23
170,23
215,23
299,23
80,24
170,24
215,24
300,24
80,25
170,25
215,25
299,25
80,26
170,26
215,26
299,26
81,27
170,27
215,27
299,27
81,28
169,28
215,28
299,28
81,29
169,29
215,29
299,29
80,30
168,30
216,30
299,30
80,31
168,31
217,31
299,31
80,32
168,32
218,32
299,32
80,33
169,33
218,33
298,33
80,34
168,34
218,34
298,34
80,35
168,35
219,35
298,35
80,36
168,36
219,36
298,36
79,37
167,37
219,37
298,37
80,38
166,38
220,38
299,38
80,39
166,39
220,39
298,39
80,40
165,40
221,40
298,40
79,41
164,41
222,41
298,41
79,42
163,42
223,42
298,42
79,43
162,43
224,43
298,43
79,44
163,44
224,44
298,44
79,45
162,45
224,45
298,45
79,46
162,46
225,46
297,46
79,47
161,47
226,47
227,47
297,47
80,48
161,48
228,48
297,48
80,49
160,49
228,49
297,49
80,50
159,50
229,50
297,50
80,51
158,51
230,51
297,51
79,52
157,52
231,52
297,52
79,53
156,53
231,53
297,53
79,54
155,54
232,54
297,54
79,55
155,55
232,55
296,55
78,56
156,56
233,56
296,56
78,57
155,57
233,57
296,57
78,58
154,58
233,58
296,58
79,59
153,59
234,59
296,59
79,60
153,60
234,60
297,60
79,61
152,61
235,61
297,61
78,62
151,62
235,62
297,62
78,63
151,63
236,63
297,63
77,64
151,64
236,64
297,64
77,65
151,65
237,65
297,65
347,65
78,66
151,66
237,66
297,66
341,66
342,66
343,66
344,66
345,66
346,66
348,66
349,66
78,67
151,67
236,67
296,67
338,67
339,67
340,67
350,67
351,67
78,68
151,68
236,68
297,68
337,68
352,68
353,68
354,68
78,69
151,69
236,69
297,69
336,69
355,69
79,70
151,70
235,70
297,70
334,70
335,70
356,70
78,71
151,71
235,71
298,71
331,71
332,71
333,71
357,71
358,71
78,72
151,72
234,72
298,72
330,72
359,72
78,73
152,73
233,73
299,73
327,73
328,73
329,73
359,73
78,74
152,74
234,74
299,74
326,74
360,74
78,75
152,75
233,75
300,75
323,75
324,75
325,75
360,75
78,76
153,76
231,76
232,76
300,76
321,76
322,76
361,76
77,77
154,77
230,77
301,77
318,77
319,77
320,77
361,77
77,78
155,78
229,78
302,78
315,78
316,78
317,78
361,78
77,79
155,79
229,79
303,79
304,79
305,79
306,79
307,79
313,79
314,79
362,79
77,80
156,80
228,80
308,80
309,80
310,80
311,80
312,80
363,80
78,81
157,81
158,81
227,81
364,81
78,82
159,82
224,82
225,82
226,82
364,82
78,83
160,83
223,83
365,83
78,84
161,84
221,84
222,84
365,84
78,85
162,85
220,85
365,85
77,86
163,86
164,86
165,86
218,86
219,86
365,86
77,87
166,87
167,87
214,87
215,87
216,87
217,87
366,87
77,88
168,88
169,88
170,88
171,88
211,88
212,88
213,88
366,88
77,89
172,89
175,89
208,89
209,89
210,89
367,89
77,90
173,90
174,90
176,90
177,90
178,90
179,90
180,90
181,90
182,90
205,90
206,90
207,90
367,90
77,91
183,91
186,91
187,91
188,91
189,91
190,91
197,91
198,91
199,91
200,91
201,91
202,91
203,91
204,91
367,91
78,92
184,92
185,92
191,92
192,92
193,92
194,92
195,92
196,92
367,92
77,93
368,93
77,94
368,94
77,95
368,95
77,96
368,96
77,97
368,97
77,98
368,98
77,99
369,99
76,100
370,100
76,101
370,101
76,102
370,102
24,103
25,103
26,103
77,103
370,103
18,104
19,104
20,104
21,104
22,104
23,104
27,104
28,104
76,104
369,104
17,105
29,105
30,105
31,105
76,105
370,105
15,106
16,106
32,106
76,106
369,106
14,107
33,107
35,107
75,107
369,107
14,108
34,108
36,108
75,108
369,108
13,109
37,109
75,109
369,109
11,110
12,110
38,110
39,110
74,110
369,110
10,111
40,111
74,111
370,111
10,112
41,112
73,112
370,112
9,113
41,113
73,113
369,113
8,114
42,114
43,114
73,114
369,114
7,115
44,115
45,115
46,115
47,115
72,115
369,115
6,116
48,116
71,116
369,116
6,117
49,117
50,117
70,117
368,117
6,118
51,118
69,118
368,118
6,119
52,119
53,119
68,119
367,119
5,120
54,120
55,120
68,120
367,120
4,121
56,121
57,121
58,121
59,121
60,121
61,121
62,121
65,121
66,121
67,121
367,121
4,122
63,122
64,122
367,122
4,123
366,123
4,124
366,124
3,125
365,125
3,126
365,126
3,127
364,127
3,128
363,128
3,129
363,129
3,130
307,130
308,130
309,130
310,130
362,130
3,131
304,131
305,131
306,131
311,131
362,131
2,132
303,132
312,132
313,132
314,132
315,132
361,132
2,133
302,133
316,133
318,133
319,133
362,133
1,134
301,134
317,134
320,134
321,134
361,134
1,135
299,135
300,135
322,135
323,135
360,135
1,136
298,136
324,136
325,136
360,136
1,137
297,137
326,137
360,137
1,138
296,138
327,138
358,138
359,138
2,139
296,139
328,139
329,139
330,139
331,139
357,139
2,140
296,140
332,140
356,140
2,141
295,141
333,141
356,141
1,142
295,142
334,142
335,142
354,142
355,142
1,143
294,143
336,143
337,143
353,143
1,144
294,144
338,144
339,144
340,144
341,144
342,144
351,144
352,144
0,145
294,145
343,145
350,145
0,146
294,146
344,146
345,146
346,146
347,146
348,146
349,146
0,147
295,147
0,148
295,148
1,149
294,149
1,150
294,150
1,151
294,151
0,152
294,152
0,153
294,153
0,154
294,154
0,155
294,155
0,156
294,156
0,157
294,157
0,158
294,158
0,159
294,159
1,160
294,160
1,161
294,161
1,162
294,162
1,163
294,163
1,164
294,164
1,165
294,165
1,166
293,166
1,167
293,167
1,168
294,168
1,169
294,169
1,170
294,170
2,171
294,171
2,172
294,172
2,173
294,173
2,174
294,174
2,175
294,175
2,176
293,176
2,177
293,177
2,178
293,178
2,179
294,179
3,180
294,180
3,181
293,181
4,182
293,182
4,183
182,183
183,183
184,183
190,183
191,183
294,183
4,184
180,184
181,184
185,184
186,184
187,184
188,184
189,184
192,184
193,184
194,184
195,184
196,184
197,184
294,184
4,185
174,185
175,185
176,185
177,185
178,185
179,185
198,185
199,185
200,185
201,185
202,185
203,185
204,185
294,185
4,186
169,186
171,186
172,186
173,186
205,186
206,186
207,186
208,186
209,186
293,186
4,187
61,187
62,187
63,187
64,187
65,187
168,187
170,187
210,187
212,187
213,187
293,187
5,188
54,188
55,188
56,188
57,188
58,188
59,188
60,188
66,188
167,188
211,188
214,188
215,188
293,188
5,189
51,189
52,189
53,189
67,189
68,189
161,189
162,189
163,189
164,189
165,189
166,189
216,189
293,189
6,190
50,190
69,190
158,190
159,190
160,190
217,190
294,190
7,191
48,191
49,191
70,191
157,191
218,191
294,191
8,192
45,192
46,192
47,192
71,192
155,192
156,192
219,192
220,192
221,192
222,192
294,192
8,193
43,193
44,193
72,193
154,193
223,193
294,193
9,194
41,194
42,194
73,194
153,194
224,194
294,194
10,195
39,195
40,195
73,195
151,195
152,195
224,195
293,195
11,196
38,196
73,196
150,196
225,196
293,196
12,197
37,197
73,197
149,197
225,197
293,197
13,198
36,198
74,198
148,198
225,198
293,198
13,199
34,199
35,199
75,199
148,199
225,199
293,199
14,200
31,200
32,200
33,200
76,200
147,200
226,200
293,200
15,201
16,201
18,201
29,201
30,201
76,201
147,201
226,201
294,201
17,202
19,202
20,202
21,202
28,202
76,202
147,202
226,202
294,202
22,203
23,203
24,203
25,203
26,203
27,203
76,203
146,203
226,203
294,203
76,204
146,204
227,204
293,204
76,205
145,205
228,205
293,205
76,206
145,206
228,206
293,206
76,207
145,207
228,207
293,207
76,208
146,208
228,208
293,208
76,209
146,209
228,209
293,209
76,210
145,210
229,210
293,210
77,211
146,211
229,211
293,211
77,212
146,212
228,212
294,212
78,213
147,213
228,213
294,213
77,214
147,214
228,214
293,214
77,215
147,215
228,215
294,215
77,216
148,216
228,216
294,216
77,217
149,217
227,217
293,217
77,218
150,218
227,218
293,218
77,219
150,219
226,219
293,219
77,220
151,220
225,220
293,220
77,221
151,221
225,221
293,221
78,222
152,222
225,222
294,222
78,223
153,223
224,223
293,223
78,224
153,224
223,224
293,224
78,225
154,225
222,225
293,225
78,226
154,226
222,226
293,226
78,227
155,227
221,227
293,227
78,228
155,228
220,228
293,228
78,229
156,229
219,229
293,229
78,230
157,230
218,230
293,230
78,231
158,231
218,231
293,231
79,232
159,232
217,232
293,232
79,233
160,233
216,233
294,233
79,234
160,234
216,234
294,234
79,235
161,235
215,235
293,235
78,236
161,236
214,236
293,236
78,237
161,237
214,237
293,237
78,238
162,238
214,238
293,238
78,239
163,239
214,239
293,239
78,240
164,240
213,240
293,240
78,241
164,241
213,241
292,241
78,242
164,242
212,242
292,242
79,243
164,243
212,243
292,243
79,244
164,244
211,244
293,244
79,245
165,245
211,245
293,245
79,246
165,246
211,246
293,246
79,247
165,247
211,247
293,247
79,248
165,248
211,248
293,248
79,249
165,249
211,249
293,249
79,250
166,250
211,250
293,250
79,251
166,251
210,251
293,251
79,252
166,252
210,252
293,252
79,253
166,253
210,253
293,253
80,254
166,254
210,254
292,254
80,255
165,255
210,255
293,255
80,256
165,256
210,256
293,256
80,257
165,257
211,257
293,257
79,258
165,258
212,258
213,258
293,258
80,259
164,259
214,259
293,259
80,260
164,260
215,260
216,260
292,260
80,261
163,261
217,261
292,261
80,262
162,262
218,262
219,262
292,262
79,263
159,263
160,263
161,263
220,263
221,263
222,263
259,263
281,263
282,263
283,263
284,263
285,263
292,263
79,264
158,264
223,264
224,264
225,264
227,264
228,264
229,264
237,264
238,264
239,264
248,264
249,264
250,264
251,264
252,264
253,264
254,264
255,264
256,264
257,264
258,264
260,264
261,264
262,264
263,264
264,264
265,264
266,264
267,264
268,264
269,264
270,264
271,264
272,264
273,264
274,264
275,264
276,264
277,264
278,264
279,264
280,264
286,264
287,264
288,264
289,264
290,264
292,264
80,265
155,265
156,265
157,265
226,265
230,265
231,265
232,265
233,265
234,265
235,265
236,265
240,265
241,265
242,265
243,265
244,265
245,265
246,265
247,265
291,265
81,266
86,266
87,266
88,266
97,266
98,266
99,266
100,266
101,266
102,266
106,266
108,266
109,266
110,266
147,266
148,266
149,266
150,266
151,266
152,266
153,266
154,266
82,267
83,267
84,267
85,267
89,267
90,267
91,267
92,267
93,267
94,267
95,267
96,267
103,267
104,267
105,267
107,267
111,267
112,267
113,267
114,267
115,267
118,267
119,267
120,267
121,267
122,267
123,267
124,267
125,267
129,267
130,267
131,267
132,267
133,267
134,267
135,267
136,267
137,267
138,267
139,267
140,267
141,267
142,267
143,267
144,267
145,267
146,267
116,268
117,268
126,268
127,268
128,268