271,0
272,0
273,0
274,0
275,0
276,0
277,0
278,0
279,0
280,0
281,0
282,0
284,0
268,1
269,1
270,1
283,1
285,1
256,2
257,2
258,2
259,2
260,2
261,2
262,2
263,2
264,2
265,2
266,2
267,2
284,2
251,3
252,3
253,3
254,3
255,3
284,3
248,4
249,4
250,4
284,4
238,5
239,5
240,5
241,5
242,5
243,5
244,5
245,5
246,5
247,5
283,5
234,6
235,6
236,6
237,6
283,6
229,7
230,7
231,7
232,7
233,7
283,7
217,8
218,8
219,8
220,8
221,8
222,8
223,8
224,8
225,8
226,8
227,8
228,8
283,8
215,9
216,9
283,9
206,10
207,10
208,10
209,10
210,10
211,10
212,10
213,10
214,10
283,10
199,11
200,11
201,11
202,11
203,11
204,11
205,11
283,11
187,12
188,12
189,12
190,12
191,12
192,12
193,12
194,12
195,12
196,12
197,12
198,12
283,12
182,13
183,13
184,13
185,13
186,13
283,13
181,14
283,14
178,15
179,15
180,15
283,15
175,16
176,16
177,16
283,16
81,17
82,17
95,17
96,17
97,17
98,17
99,17
100,17
173,17
174,17
283,17
66,18
67,18
68,18
78,18
79,18
80,18
83,18
84,18
85,18
86,18
87,18
88,18
89,18
90,18
91,18
92,18
93,18
94,18
101,18
102,18
103,18
104,18
170,18
171,18
172,18
283,18
43,19
44,19
45,19
46,19
47,19
48,19
49,19
50,19
51,19
52,19
53,19
54,19
55,19
60,19
61,19
62,19
63,19
64,19
65,19
69,19
70,19
71,19
72,19
73,19
74,19
75,19
76,19
77,19
105,19
106,19
107,19
169,19
283,19
27,20
28,20
29,20
33,20
34,20
35,20
36,20
37,20
38,20
39,20
40,20
41,20
42,20
56,20
57,20
58,20
59,20
108,20
109,20
110,20
168,20
283,20
12,21
13,21
14,21
15,21
16,21
17,21
18,21
19,21
20,21
21,21
22,21
23,21
24,21
26,21
30,21
31,21
32,21
111,21
113,21
168,21
283,21
10,22
11,22
25,22
112,22
114,22
115,22
167,22
283,22
9,23
116,23
166,23
283,23
8,24
117,24
166,24
283,24
9,25
117,25
165,25
282,25
9,26
118,26
165,26
282,26
9,27
118,27
165,27
282,27
8,28
118,28
165,28
282,28
8,29
118,29
165,29
282,29
8,30
118,30
165,30
281,30
8,31
117,31
165,31
281,31
8,32
117,32
165,32
281,32
7,33
117,33
165,33
281,33
7,34
117,34
165,34
280,34
7,35
116,35
165,35
281,35
7,36
116,36
165,36
281,36
7,37
115,37
166,37
281,37
7,38
115,38
167,38
281,38
6,39
115,39
167,39
281,39
6,40
116,40
168,40
281,40
6,41
115,41
168,41
281,41
6,42
114,42
169,42
280,42
7,43
113,43
169,43
280,43
6,44
112,44
170,44
280,44
6,45
112,45
170,45
280,45
6,46
112,46
171,46
172,46
280,46
6,47
111,47
173,47
279,47
6,48
110,48
173,48
279,48
6,49
109,49
174,49
279,49
6,50
109,50
174,50
279,50
5,51
108,51
174,51
279,51
5,52
108,52
175,52
279,52
5,53
107,53
176,53
280,53
5,54
106,54
177,54
279,54
5,55
105,55
178,55
279,55
5,56
105,56
179,56
279,56
5,57
105,57
179,57
279,57
5,58
104,58
180,58
278,58
5,59
104,59
180,59
278,59
5,60
103,60
181,60
278,60
5,61
102,61
182,61
278,61
5,62
102,62
182,62
278,62
5,63
101,63
182,63
277,63
4,64
100,64
182,64
277,64
4,65
100,65
183,65
277,65
4,66
99,66
183,66
277,66
4,67
99,67
184,67
277,67
4,68
99,68
184,68
277,68
4,69
98,69
183,69
277,69
4,70
98,70
183,70
278,70
4,71
98,71
183,71
277,71
4,72
99,72
184,72
277,72
3,73
100,73
183,73
277,73
3,74
100,74
183,74
277,74
3,75
101,75
182,75
276,75
3,76
101,76
182,76
276,76
3,77
102,77
181,77
276,77
4,78
103,78
180,78
276,78
3,79
103,79
179,79
275,79
3,80
104,80
178,80
275,80
3,81
105,81
177,81
275,81
3,82
106,82
176,82
276,82
3,83
107,83
108,83
175,83
275,83
3,84
109,84
172,84
173,84
174,84
275,84
3,85
110,85
170,85
171,85
274,85
2,86
111,86
168,86
169,86
274,86
2,87
112,87
113,87
167,87
275,87
2,88
114,88
115,88
165,88
166,88
275,88
2,89
116,89
117,89
118,89
119,89
162,89
163,89
164,89
275,89
2,90
120,90
121,90
122,90
158,90
159,90
160,90
161,90
275,90
2,91
123,91
124,91
125,91
156,91
157,91
275,91
1,92
126,92
132,92
150,92
151,92
152,92
153,92
154,92
155,92
275,92
1,93
127,93
128,93
129,93
130,93
131,93
133,93
134,93
135,93
136,93
137,93
138,93
139,93
149,93
275,93
1,94
140,94
141,94
142,94
143,94
144,94
145,94
146,94
147,94
148,94
275,94
2,95
275,95
2,96
275,96
319,96
320,96
321,96
322,96
323,96
324,96
2,97
275,97
313,97
314,97
315,97
316,97
317,97
318,97
325,97
326,97
2,98
275,98
311,98
312,98
327,98
328,98
1,99
275,99
309,99
310,99
329,99
1,100
275,100
307,100
308,100
330,100
1,101
276,101
306,101
330,101
1,102
276,102
304,102
305,102
331,102
1,103
277,103
301,103
302,103
303,103
332,103
333,103
1,104
278,104
300,104
334,104
1,105
278,105
299,105
334,105
1,106
279,106
296,106
297,106
298,106
335,106
1,107
279,107
294,107
295,107
336,107
1,108
280,108
281,108
291,108
292,108
293,108
337,108
1,109
282,109
290,109
337,109
1,110
283,110
284,110
286,110
287,110
289,110
338,110
1,111
285,111
288,111
338,111
2,112
339,112
2,113
339,113
2,114
340,114
2,115
340,115
2,116
340,116
2,117
341,117
2,118
341,118
2,119
341,119
2,120
342,120
2,121
342,121
2,122
49,122
50,122
51,122
342,122
2,123
46,123
47,123
48,123
52,123
53,123
54,123
55,123
56,123
57,123
58,123
59,123
60,123
342,123
2,124
45,124
61,124
343,124
2,125
44,125
62,125
63,125
64,125
343,125
3,126
41,126
42,126
43,126
65,126
66,126
343,126
3,127
39,127
40,127
67,127
68,127
343,127
3,128
37,128
38,128
69,128
343,128
4,129
5,129
36,129
70,129
343,129
6,130
33,130
34,130
35,130
71,130
343,130
7,131
31,131
32,131
72,131
343,131
8,132
9,132
29,132
30,132
72,132
343,132
10,133
28,133
73,133
343,133
10,134
26,134
27,134
74,134
343,134
11,135
12,135
13,135
14,135
22,135
23,135
24,135
25,135
74,135
343,135
15,136
16,136
17,136
18,136
19,136
20,136
21,136
75,136
342,136
76,137
343,137
76,138
343,138
77,139
343,139
77,140
343,140
78,141
342,141
78,142
342,142
79,143
341,143
80,144
341,144
81,145
341,145
81,146
340,146
82,147
340,147
82,148
339,148
82,149
339,149
83,150
339,150
83,151
283,151
284,151
285,151
286,151
290,151
338,151
83,152
282,152
287,152
288,152
289,152
291,152
292,152
293,152
294,152
337,152
83,153
281,153
295,153
336,153
84,154
280,154
296,154
297,154
336,154
84,155
280,155
298,155
299,155
300,155
336,155
84,156
280,156
301,156
302,156
303,156
335,156
84,157
279,157
304,157
335,157
84,158
278,158
305,158
308,158
334,158
85,159
278,159
306,159
307,159
309,159
310,159
333,159
85,160
277,160
311,160
312,160
313,160
332,160
84,161
277,161
314,161
331,161
85,162
276,162
315,162
316,162
330,162
85,163
276,163
317,163
318,163
327,163
328,163
329,163
85,164
276,164
319,164
320,164
321,164
325,164
326,164
85,165
276,165
322,165
323,165
324,165
85,166
276,166
84,167
276,167
84,168
275,168
84,169
275,169
83,170
275,170
83,171
275,171
82,172
274,172
82,173
274,173
82,174
275,174
82,175
275,175
81,176
275,176
81,177
275,177
80,178
275,178
80,179
275,179
14,180
15,180
16,180
17,180
18,180
19,180
20,180
80,180
275,180
13,181
21,181
22,181
23,181
24,181
80,181
275,181
11,182
12,182
25,182
26,182
27,182
79,182
275,182
9,183
10,183
28,183
29,183
30,183
31,183
78,183
275,183
8,184
32,184
78,184
275,184
6,185
7,185
33,185
34,185
77,185
275,185
5,186
35,186
76,186
275,186
5,187
36,187
37,187
38,187
76,187
275,187
4,188
39,188
75,188
275,188
4,189
40,189
41,189
74,189
275,189
3,190
42,190
43,190
73,190
275,190
3,191
44,191
72,191
276,191
2,192
45,192
46,192
47,192
48,192
49,192
70,192
71,192
276,192
2,193
50,193
67,193
68,193
69,193
275,193
2,194
51,194
52,194
66,194
276,194
1,195
53,195
54,195
55,195
56,195
57,195
58,195
66,195
276,195
1,196
59,196
60,196
61,196
62,196
63,196
64,196
65,196
276,196
1,197
276,197
0,198
276,198
1,199
276,199
1,200
276,200
1,201
276,201
1,202
276,202
1,203
276,203
1,204
276,204
1,205
276,205
1,206
276,206
1,207
276,207
1,208
276,208
1,209
277,209
1,210
277,210
1,211
277,211
1,212
277,212
1,213
277,213
1,214
277,214
1,215
277,215
1,216
277,216
2,217
277,217
2,218
277,218
2,219
277,219
2,220
277,220
2,221
277,221
2,222
277,222
2,223
277,223
2,224
277,224
3,225
276,225
3,226
277,226
3,227
278,227
3,228
278,228
3,229
278,229
3,230
278,230
3,231
277,231
3,232
277,232
3,233
278,233
4,234
278,234
4,235
278,235
4,236
278,236
5,237
278,237
5,238
278,238
5,239
278,239
5,240
278,240
5,241
278,241
5,242
278,242
5,243
279,243
5,244
278,244
6,245
278,245
6,246
277,246
6,247
276,247
6,248
268,248
269,248
272,248
273,248
275,248
6,249
258,249
260,249
261,249
262,249
263,249
264,249
265,249
266,249
267,249
270,249
271,249
274,249
7,250
255,250
256,250
257,250
259,250
8,251
241,251
242,251
243,251
244,251
245,251
248,251
249,251
250,251
251,251
252,251
253,251
254,251
9,252
90,252
91,252
92,252
100,252
102,252
103,252
104,252
105,252
120,252
121,252
122,252
234,252
235,252
236,252
237,252
238,252
239,252
240,252
246,252
247,252
10,253
11,253
12,253
13,253
15,253
16,253
17,253
18,253
19,253
20,253
21,253
22,253
23,253
24,253
25,253
26,253
33,253
34,253
35,253
36,253
37,253
38,253
39,253
40,253
41,253
42,253
43,253
50,253
51,253
52,253
53,253
54,253
55,253
67,253
68,253
69,253
70,253
71,253
72,253
73,253
74,253
75,253
76,253
77,253
79,253
80,253
85,253
86,253
87,253
88,253
89,253
93,253
94,253
95,253
96,253
97,253
98,253
99,253
101,253
106,253
107,253
108,253
109,253
110,253
111,253
119,253
123,253
124,253
125,253
126,253
127,253
128,253
129,253
130,253
137,253
138,253
139,253
140,253
141,253
226,253
227,253
228,253
229,253
230,253
231,253
232,253
233,253
14,254
27,254
28,254
29,254
30,254
31,254
32,254
44,254
45,254
46,254
47,254
48,254
49,254
56,254
57,254
58,254
59,254
60,254
61,254
62,254
63,254
64,254
65,254
66,254
78,254
81,254
82,254
83,254
84,254
112,254
113,254
114,254
115,254
116,254
117,254
118,254
131,254
132,254
133,254
134,254
135,254
136,254
142,254
143,254
224,254
225,254
144,255
145,255
146,255
219,255
220,255
221,255
222,255
223,255
147,256
215,256
216,256
217,256
218,256
148,257
213,257
214,257
148,258
211,258
212,258
148,259
209,259
210,259
149,260
208,260
149,261
207,261
150,262
206,262
151,263
152,263
206,263
153,264
206,264
153,265
205,265
153,266
205,266
153,267
205,267
153,268
205,268
153,269
204,269
152,270
204,270
152,271
204,271
152,272
204,272
151,273
204,273
151,274
204,274
151,275
205,275
150,276
205,276
149,277
205,277
149,278
206,278
149,279
206,279
148,280
207,280
148,281
208,281
148,282
209,282
147,283
209,283
147,284
209,284
146,285
209,285
146,286
210,286
145,287
210,287
145,288
211,288
144,289
211,289
144,290
212,290
143,291
212,291
143,292
212,292
142,293
213,293
142,294
213,294
142,295
214,295
141,296
214,296
141,297
215,297
141,298
216,298
141,299
216,299
140,300
216,300
140,301
216,301
140,302
216,302
140,303
217,303
140,304
217,304
140,305
217,305
140,306
216,306
140,307
216,307
140,308
216,308
140,309
216,309
140,310
216,310
141,311
215,311
141,312
215,312
141,313
214,313
142,314
213,314
143,315
214,315
144,316
214,316
145,317
213,317
145,318
212,318
146,319
211,319
147,320
148,320
210,320
149,321
208,321
209,321
150,322
207,322
150,323
207,323
151,324
205,324
206,324
152,325
153,325
204,325
154,326
202,326
203,326
155,327
156,327
199,327
200,327
201,327
157,328
158,328
196,328
197,328
198,328
159,329
160,329
194,329
195,329
161,330
191,330
192,330
193,330
162,331
190,331
163,332
164,332
165,332
190,332
166,333
167,333
168,333
187,333
188,333
189,333
169,334
170,334
171,334
174,334
175,334
176,334
177,334
178,334
179,334
180,334
181,334
182,334
183,334
184,334
185,334
186,334
172,335
173,335