3,0
5,0
6,0
7,0
8,0
9,0
10,0
11,0
12,0
13,0
14,0
2,1
4,1
15,1
16,1
17,1
18,1
19,1
20,1
21,1
22,1
23,1
24,1
25,1
26,1
27,1
28,1
29,1
30,1
31,1
32,1
33,1
38,1
39,1
2,2
34,2
35,2
36,2
37,2
40,2
41,2
42,2
43,2
44,2
45,2
46,2
47,2
48,2
49,2
50,2
51,2
1,3
52,3
53,3
54,3
55,3
56,3
57,3
58,3
59,3
60,3
68,3
69,3
70,3
2,4
61,4
62,4
63,4
64,4
65,4
66,4
67,4
71,4
72,4
73,4
74,4
75,4
76,4
77,4
78,4
79,4
84,4
85,4
86,4
2,5
80,5
81,5
82,5
83,5
87,5
88,5
89,5
90,5
91,5
92,5
93,5
94,5
95,5
96,5
3,6
97,6
99,6
100,6
101,6
102,6
103,6
104,6
105,6
106,6
113,6
114,6
115,6
116,6
4,7
98,7
107,7
108,7
109,7
110,7
111,7
112,7
117,7
118,7
119,7
120,7
121,7
122,7
123,7
124,7
125,7
126,7
127,7
128,7
129,7
130,7
131,7
132,7
133,7
134,7
141,7
142,7
4,8
135,8
136,8
137,8
138,8
139,8
140,8
143,8
4,9
144,9
145,9
146,9
147,9
148,9
149,9
150,9
151,9
152,9
4,10
153,10
154,10
155,10
5,11
156,11
4,12
157,12
158,12
159,12
4,13
160,13
4,14
161,14
230,14
231,14
232,14
233,14
234,14
235,14
236,14
237,14
238,14
239,14
240,14
241,14
242,14
243,14
4,15
161,15
223,15
224,15
225,15
226,15
227,15
228,15
229,15
244,15
4,16
162,16
221,16
222,16
245,16
246,16
247,16
248,16
249,16
250,16
251,16
252,16
253,16
254,16
4,17
163,17
220,17
255,17
256,17
257,17
258,17
259,17
260,17
261,17
262,17
263,17
5,18
163,18
219,18
264,18
265,18
266,18
267,18
268,18
269,18
270,18
271,18
272,18
5,19
164,19
219,19
273,19
274,19
275,19
278,19
279,19
280,19
281,19
5,20
164,20
218,20
276,20
277,20
282,20
283,20
284,20
285,20
286,20
287,20
288,20
289,20
290,20
4,21
163,21
218,21
291,21
292,21
293,21
294,21
295,21
296,21
297,21
298,21
4,22
163,22
217,22
299,22
4,23
163,23
217,23
300,23
301,23
302,23
303,23
304,23
305,23
306,23
307,23
308,23
309,23
4,24
163,24
216,24
310,24
311,24
312,24
313,24
314,24
315,24
316,24
317,24
318,24
4,25
163,25
217,25
319,25
320,25
321,25
5,26
162,26
217,26
322,26
5,27
162,27
217,27
322,27
5,28
162,28
217,28
323,28
5,29
161,29
217,29
322,29
5,30
160,30
218,30
322,30
4,31
160,31
218,31
323,31
4,32
160,32
218,32
323,32
4,33
159,33
217,33
323,33
4,34
159,34
218,34
323,34
5,35
158,35
218,35
323,35
5,36
158,36
219,36
324,36
5,37
158,37
219,37
324,37
6,38
157,38
220,38
324,38
6,39
156,39
220,39
323,39
5,40
155,40
221,40
323,40
5,41
155,41
222,41
323,41
5,42
154,42
221,42
324,42
5,43
154,43
221,43
324,43
5,44
153,44
222,44
324,44
5,45
152,45
222,45
324,45
5,46
152,46
223,46
325,46
5,47
151,47
224,47
325,47
5,48
150,48
224,48
324,48
4,49
149,49
225,49
324,49
5,50
149,50
225,50
324,50
5,51
149,51
225,51
324,51
5,52
148,52
225,52
325,52
5,53
148,53
225,53
325,53
6,54
148,54
226,54
325,54
6,55
148,55
226,55
325,55
6,56
147,56
227,56
326,56
6,57
146,57
228,57
325,57
5,58
146,58
228,58
325,58
5,59
146,59
228,59
325,59
6,60
146,60
229,60
325,60
6,61
147,61
228,61
326,61
6,62
147,62
228,62
326,62
6,63
147,63
228,63
326,63
7,64
148,64
228,64
326,64
7,65
148,65
228,65
326,65
7,66
147,66
228,66
325,66
7,67
148,67
228,67
326,67
6,68
149,68
227,68
326,68
6,69
149,69
227,69
326,69
6,70
150,70
226,70
326,70
6,71
151,71
225,71
326,71
6,72
152,72
225,72
327,72
6,73
153,73
154,73
155,73
223,73
224,73
327,73
7,74
156,74
222,74
327,74
7,75
157,75
221,75
327,75
7,76
158,76
221,76
326,76
6,77
158,77
219,77
220,77
326,77
6,78
159,78
160,78
161,78
162,78
217,78
218,78
327,78
6,79
163,79
164,79
165,79
166,79
215,79
216,79
327,79
6,80
167,80
212,80
213,80
214,80
327,80
7,81
167,81
210,81
211,81
327,81
7,82
168,82
169,82
170,82
208,82
209,82
328,82
7,83
171,83
172,83
173,83
174,83
203,83
204,83
206,83
207,83
328,83
7,84
175,84
176,84
200,84
201,84
202,84
205,84
328,84
7,85
177,85
178,85
179,85
180,85
198,85
199,85
327,85
7,86
181,86
182,86
183,86
184,86
185,86
186,86
187,86
188,86
189,86
190,86
191,86
192,86
193,86
194,86
195,86
196,86
197,86
328,86
7,87
328,87
7,88
329,88
7,89
329,89
7,90
329,90
379,90
383,90
384,90
385,90
386,90
387,90
388,90
7,91
330,91
377,91
378,91
380,91
381,91
382,91
389,91
390,91
391,91
392,91
393,91
394,91
8,92
330,92
374,92
375,92
376,92
395,92
396,92
8,93
331,93
372,93
373,93
397,93
8,94
331,94
369,94
370,94
371,94
398,94
7,95
331,95
367,95
368,95
399,95
7,96
331,96
364,96
365,96
366,96
400,96
7,97
332,97
362,97
363,97
401,97
8,98
333,98
359,98
360,98
361,98
401,98
8,99
61,99
62,99
63,99
64,99
65,99
66,99
67,99
68,99
69,99
334,99
357,99
358,99
402,99
9,100
59,100
60,100
70,100
71,100
72,100
73,100
74,100
335,100
355,100
356,100
403,100
9,101
55,101
57,101
58,101
75,101
336,101
337,101
353,101
354,101
404,101
9,102
52,102
53,102
54,102
56,102
76,102
77,102
78,102
338,102
339,102
340,102
341,102
345,102
346,102
347,102
348,102
349,102
350,102
351,102
352,102
405,102
10,103
50,103
51,103
79,103
342,103
343,103
344,103
405,103
10,104
49,104
80,104
406,104
9,105
45,105
46,105
47,105
48,105
81,105
82,105
406,105
9,106
42,106
43,106
44,106
83,106
406,106
10,107
41,107
83,107
407,107
11,108
38,108
39,108
40,108
84,108
406,108
12,109
35,109
36,109
37,109
83,109
407,109
13,110
14,110
34,110
84,110
407,110
15,111
16,111
17,111
31,111
32,111
33,111
85,111
408,111
18,112
23,112
24,112
25,112
26,112
27,112
29,112
30,112
86,112
408,112
19,113
20,113
21,113
22,113
28,113
87,113
409,113
88,114
409,114
88,115
410,115
89,116
410,116
89,117
409,117
89,118
410,118
90,119
410,119
90,120
410,120
90,121
410,121
91,122
411,122
91,123
411,123
91,124
411,124
92,125
411,125
92,126
410,126
92,127
410,127
92,128
410,128
92,129
410,129
92,130
410,130
93,131
410,131
93,132
410,132
93,133
410,133
93,134
410,134
93,135
409,135
93,136
408,136
92,137
408,137
92,138
407,138
92,139
407,139
92,140
407,140
92,141
406,141
92,142
406,142
92,143
405,143
92,144
335,144
336,144
337,144
338,144
339,144
405,144
91,145
334,145
340,145
341,145
342,145
343,145
344,145
403,145
404,145
90,146
333,146
345,146
346,146
347,146
402,146
89,147
332,147
348,147
402,147
89,148
331,148
349,148
401,148
89,149
328,149
329,149
330,149
350,149
351,149
352,149
353,149
401,149
88,150
327,150
354,150
400,150
88,151
327,151
355,151
356,151
357,151
399,151
88,152
326,152
358,152
399,152
88,153
326,153
358,153
398,153
87,154
326,154
359,154
360,154
397,154
86,155
325,155
361,155
362,155
396,155
15,156
18,156
19,156
20,156
21,156
85,156
324,156
363,156
395,156
13,157
14,157
16,157
17,157
22,157
23,157
24,157
85,157
324,157
364,157
394,157
12,158
25,158
26,158
27,158
28,158
84,158
323,158
365,158
366,158
392,158
393,158
11,159
29,159
30,159
31,159
83,159
322,159
367,159
391,159
10,160
32,160
83,160
322,160
368,160
369,160
390,160
9,161
33,161
82,161
322,161
370,161
371,161
372,161
388,161
389,161
9,162
33,162
82,162
322,162
373,162
374,162
375,162
382,162
383,162
384,162
386,162
387,162
8,163
34,163
35,163
81,163
322,163
376,163
377,163
378,163
379,163
380,163
381,163
385,163
8,164
36,164
37,164
38,164
79,164
80,164
321,164
8,165
39,165
40,165
41,165
78,165
321,165
7,166
42,166
77,166
321,166
7,167
43,167
77,167
321,167
6,168
44,168
45,168
76,168
320,168
5,169
46,169
47,169
75,169
320,169
5,170
48,170
49,170
74,170
319,170
5,171
50,171
70,171
72,171
73,171
319,171
5,172
51,172
68,172
69,172
71,172
319,172
5,173
52,173
53,173
66,173
67,173
319,173
4,174
54,174
55,174
56,174
57,174
58,174
59,174
60,174
64,174
65,174
319,174
4,175
61,175
62,175
63,175
319,175
4,176
319,176
4,177
318,177
3,178
317,178
3,179
317,179
2,180
317,180
2,181
317,181
3,182
317,182
3,183
316,183
3,184
316,184
2,185
316,185
2,186
315,186
1,187
315,187
1,188
315,188
1,189
168,189
169,189
170,189
315,189
1,190
161,190
165,190
166,190
167,190
171,190
172,190
173,190
174,190
175,190
176,190
177,190
178,190
179,190
184,190
185,190
315,190
1,191
159,191
160,191
162,191
163,191
164,191
180,191
181,191
182,191
183,191
186,191
187,191
188,191
189,191
314,191
1,192
158,192
190,192
191,192
192,192
193,192
194,192
195,192
196,192
197,192
198,192
314,192
2,193
151,193
152,193
153,193
154,193
155,193
156,193
157,193
199,193
200,193
201,193
202,193
203,193
204,193
314,193
2,194
149,194
150,194
205,194
206,194
207,194
314,194
2,195
148,195
208,195
209,195
210,195
211,195
313,195
1,196
147,196
212,196
213,196
214,196
215,196
216,196
313,196
1,197
146,197
217,197
313,197
1,198
145,198
218,198
219,198
220,198
313,198
1,199
145,199
221,199
313,199
1,200
144,200
222,200
313,200
2,201
142,201
143,201
223,201
224,201
225,201
312,201
2,202
141,202
226,202
312,202
2,203
141,203
226,203
312,203
2,204
140,204
227,204
228,204
311,204
2,205
139,205
229,205
311,205
1,206
139,206
230,206
311,206
1,207
139,207
231,207
311,207
1,208
138,208
232,208
311,208
1,209
138,209
232,209
311,209
2,210
138,210
233,210
310,210
2,211
138,211
234,211
310,211
2,212
138,212
235,212
310,212
2,213
138,213
235,213
309,213
2,214
138,214
235,214
309,214
1,215
138,215
236,215
309,215
1,216
138,216
236,216
309,216
1,217
139,217
235,217
309,217
1,218
139,218
234,218
308,218
1,219
140,219
235,219
308,219
1,220
140,220
236,220
308,220
1,221
141,221
236,221
308,221
1,222
141,222
237,222
307,222
2,223
141,223
237,223
307,223
1,224
141,224
237,224
307,224
1,225
142,225
237,225
307,225
1,226
143,226
236,226
307,226
1,227
143,227
236,227
306,227
1,228
144,228
234,228
235,228
306,228
1,229
145,229
233,229
306,229
1,230
145,230
232,230
306,230
1,231
146,231
231,231
306,231
1,232
146,232
231,232
305,232
0,233
147,233
230,233
305,233
0,234
147,234
229,234
305,234
0,235
147,235
228,235
305,235
0,236
148,236
226,236
227,236
305,236
0,237
148,237
225,237
304,237
0,238
149,238
223,238
225,238
304,238
1,239
149,239
222,239
224,239
304,239
2,240
3,240
4,240
5,240
149,240
222,240
304,240
6,241
7,241
8,241
9,241
10,241
11,241
150,241
221,241
304,241
12,242
13,242
14,242
15,242
149,242
221,242
303,242
16,243
17,243
18,243
19,243
20,243
149,243
220,243
303,243
21,244
22,244
23,244
24,244
25,244
26,244
27,244
28,244
29,244
149,244
220,244
303,244
30,245
31,245
32,245
33,245
150,245
219,245
303,245
34,246
35,246
36,246
37,246
38,246
150,246
218,246
303,246
39,247
40,247
41,247
42,247
43,247
44,247
45,247
46,247
47,247
150,247
217,247
303,247
48,248
49,248
50,248
150,248
216,248
303,248
51,249
52,249
53,249
54,249
55,249
56,249
150,249
216,249
302,249
57,250
58,250
60,250
61,250
62,250
63,250
64,250
65,250
150,250
215,250
301,250
59,251
66,251
67,251
73,251
74,251
75,251
149,251
215,251
301,251
68,252
69,252
70,252
71,252
72,252
76,252
77,252
78,252
148,252
215,252
301,252
79,253
80,253
81,253
82,253
83,253
84,253
148,253
215,253
301,253
85,254
86,254
87,254
88,254
89,254
90,254
91,254
92,254
93,254
148,254
214,254
301,254
94,255
95,255
96,255
97,255
98,255
99,255
100,255
101,255
102,255
147,255
213,255
301,255
103,256
146,256
213,256
300,256
104,257
105,257
106,257
107,257
108,257
109,257
110,257
111,257
145,257
213,257
300,257
112,258
113,258
114,258
115,258
116,258
117,258
118,258
119,258
143,258
144,258
213,258
300,258
120,259
129,259
130,259
135,259
136,259
137,259
138,259
139,259
140,259
141,259
142,259
213,259
299,259
121,260
122,260
123,260
124,260
125,260
126,260
127,260
128,260
131,260
132,260
133,260
134,260
214,260
299,260
214,261
299,261
215,262
299,262
215,263
299,263
215,264
299,264
216,265
217,265
298,265
218,266
298,266
219,267
220,267
221,267
298,267
222,268
297,268
222,269
297,269
223,270
224,270
225,270
297,270
226,271
227,271
228,271
229,271
230,271
297,271
231,272
232,272
233,272
297,272
234,273
235,273
236,273
237,273
238,273
239,273
240,273
296,273
241,274
242,274
243,274
244,274
245,274
246,274
247,274
248,274
249,274
296,274
250,275
296,275
251,276
252,276
253,276
254,276
255,276
256,276
257,276
258,276
296,276
259,277
260,277
261,277
262,277
263,277
264,277
265,277
295,277
266,278
267,278
295,278
268,279
269,279
270,279
271,279
272,279
273,279
274,279
275,279
276,279
296,279
277,280
278,280
279,280
295,280
280,281
281,281
282,281
283,281
284,281
285,281
294,281
286,282
287,282
288,282
289,282
290,282
291,282
292,282
293,282