63,0
62,1
62,2
62,3
62,4
61,5
61,6
61,7
61,8
60,9
60,10
60,11
60,12
59,13
59,14
59,15
58,16
58,17
58,18
58,19
58,20
58,21
58,22
58,23
57,24
57,25
57,26
57,27
56,28
56,29
56,30
56,31
55,32
55,33
55,34
54,35
55,36
55,37
55,38
54,39
54,40
54,41
54,42
53,43
53,44
53,45
53,46
52,47
52,48
52,49
52,50
51,51
51,52
51,53
51,54
50,55
50,56
50,57
49,58
49,59
49,60
49,61
48,62
49,63
49,64
49,65
48,66
48,67
48,68
48,69
48,70
48,71
48,72
49,73
48,74
48,75
48,76
49,77
49,78
49,79
49,80
50,81
50,82
50,83
90,83
91,83
94,83
95,83
97,83
98,83
99,83
51,84
86,84
87,84
88,84
89,84
92,84
93,84
96,84
100,84
52,85
83,85
84,85
85,85
101,85
102,85
53,86
81,86
82,86
103,86
54,87
55,87
78,87
79,87
80,87
104,87
56,88
57,88
58,88
59,88
70,88
74,88
76,88
77,88
105,88
60,89
62,89
63,89
69,89
71,89
73,89
75,89
106,89
61,90
64,90
66,90
68,90
72,90
107,90
65,91
67,91
108,91
108,92
109,93
110,94
110,95
111,96
112,97
112,98
112,99
113,100
113,101
112,102
112,103
113,104
113,105
112,106
112,107
113,108
113,109
113,110
113,111
113,112
113,113
113,114
113,115
113,116
113,117
112,118
112,119
112,120
111,121
111,122
112,123
112,124
111,125
111,126
112,127
112,128
111,129
111,130
110,131
110,132
109,133
109,134
109,135
109,136
109,137
109,138
109,139
109,140
108,141
108,142
107,143
106,144
105,145
104,146
104,147
103,148
104,149
104,150
104,151
39,152
42,152
43,152
103,152
37,153
38,153
40,153
41,153
44,153
45,153
102,153
35,154
36,154
46,154
102,154
34,155
47,155
101,155
33,156
48,156
49,156
100,156
32,157
50,157
100,157
30,158
31,158
51,158
100,158
29,159
52,159
99,159
29,160
53,160
99,160
29,161
53,161
99,161
28,162
54,162
99,162
27,163
55,163
56,163
57,163
98,163
27,164
58,164
98,164
26,165
59,165
98,165
26,166
59,166
95,166
96,166
97,166
25,167
60,167
94,167
25,168
60,168
93,168
24,169
61,169
92,169
24,170
62,170
90,170
91,170
24,171
63,171
89,171
24,172
64,172
87,172
88,172
23,173
64,173
86,173
23,174
64,174
86,174
23,175
65,175
66,175
67,175
86,175
23,176
68,176
86,176
22,177
68,177
79,177
80,177
81,177
82,177
83,177
84,177
85,177
22,178
69,178
70,178
71,178
74,178
75,178
78,178
22,179
72,179
73,179
76,179
77,179
21,180
21,181
21,182
21,183
20,184
20,185
20,186
20,187
19,188
20,189
20,190
20,191
19,192
18,193
19,194
19,195
18,196
17,197
17,198
16,199
17,200
17,201
17,202
16,203
16,204
16,205
16,206
15,207
15,208
15,209
15,210
14,211
14,212
14,213
14,214
13,215
13,216
13,217
12,218
12,219
12,220
12,221
11,222
11,223
11,224
11,225
10,226
9,227
9,228
9,229
8,230
9,231
9,232
9,233
8,234
8,235
8,236
7,237
6,238
7,239
7,240
6,241
6,242
5,243
5,244
4,245
4,246
4,247
5,248
4,249
4,250
4,251
4,252
3,253
3,254
3,255
2,256
2,257
2,258
2,259
1,260
1,261
1,262
1,263
0,264
1,265
2,266
3,266
4,266
5,267
6,267
7,267
8,267
9,268
10,268
11,268
12,268
13,269
14,269
15,269
16,269
17,269
18,270
19,270
20,270
21,270
22,270
23,270
24,271
25,271
26,271
27,271
28,272
29,272
30,272
31,272
32,273
33,273
34,273
35,273
36,274
37,274
38,274
39,274
40,275
41,275
42,275
45,275
46,275
43,276
44,276
47,276
48,276
49,276
50,276
51,277
52,277
53,277
54,277
55,278
56,278
57,278
58,278
61,278
59,279
60,279
62,279
63,279
64,279
65,279
66,280
67,280
68,280
69,280
70,281
71,281
72,281
73,281
74,282
75,283
76,283
77,283
78,284
79,284
80,285
81,286
82,286
83,287
84,288
85,289
85,290
84,291
84,292
85,293
86,294
85,295
85,296
85,297
84,298
84,299
84,300
83,301
82,302
81,303
81,304
80,305
79,306
78,307
78,308
76,309
77,309
75,310
75,311
73,312
74,312
71,313
72,313
70,314
70,315
68,316
69,316
67,317
66,318
66,319
64,320
65,320
63,321
62,322
61,323
60,324
59,325
58,326
58,327
58,328
57,329
56,330
56,331
57,332
57,333
57,334
57,335
57,336
58,337
58,338
59,339
59,340
60,341
60,342
61,343
62,344
62,345
63,346