21,0
21,1
19,2
20,2
17,3
18,3
16,4
15,5
14,6
14,7
14,8
12,9
13,9
11,10
11,11
10,12
9,13
8,14
8,15
7,16
7,17
6,18
6,19
5,20
5,21
5,22
4,23
4,24
4,25
4,26
3,27
3,28
3,29
3,30
2,31
1,32
1,33
1,34
1,35
1,36
1,37
0,38
0,39
0,40
1,41
0,42
1,43
1,44
1,45
0,46
1,47
1,48
1,49
0,50
1,51
1,52
2,53
1,54
2,55
2,56
3,57
2,58
3,59
3,60
3,61
4,62
5,63
5,64
6,65
6,66
7,67
8,68
9,69
9,70
9,71
47,71
10,72
11,72
12,72
39,72
42,72
43,72
45,72
46,72
48,72
13,73
16,73
31,73
33,73
34,73
35,73
36,73
37,73
38,73
40,73
41,73
44,73
49,73
50,73
14,74
15,74
17,74
27,74
30,74
32,74
51,74
52,74
53,74
54,74
16,75
18,75
19,75
21,75
22,75
23,75
24,75
25,75
26,75
28,75
29,75
55,75
20,76
56,76
57,76
58,77
58,78
58,79
59,80
60,81
60,82
61,83
61,84
60,85
60,86
61,87
61,88
60,89
60,90
60,91
59,92
59,93
59,94
59,95
58,96
58,97
58,98
58,99
57,100
57,101
57,102
57,103
56,104
55,105
55,106
54,107
54,108
54,109
53,110
52,111
52,112
52,113
51,114
51,115
50,116
50,117
50,118
49,119
49,120
49,121
48,122
48,123
48,124
47,125
46,126
46,127
46,128
45,129
45,130
45,131
45,132
44,133
43,134
43,135
42,136
42,137
42,138
42,139
41,140
40,141
40,142
40,143
39,144
39,145
39,146
39,147
38,148
37,149
37,150
36,151
36,152
36,153
35,154
34,155
34,156
34,157
33,158
33,159
33,160
33,161
32,162
31,163
31,164
31,165
30,166
30,167
30,168
30,169
29,170
28,171
28,172
27,173
26,174
26,175
26,176
25,177
25,178
25,179
24,180
23,181
23,182
24,183
23,184
23,185
23,186
23,187
22,188
21,189