21,0
20,1
19,2
19,3
18,4
17,5
16,6
16,7
15,8
15,9
14,10
13,11
13,12
12,13
12,14
11,15
11,16
10,17
10,18
10,19
10,20
9,21
9,22
9,23
8,24
8,25
8,26
7,27
6,28
6,29
6,30
6,31
5,32
5,33
5,34
5,35
5,36
5,37
4,38
4,39
4,40
4,41
4,42
4,43
3,44
3,45
3,46
3,47
3,48
3,49
2,50
2,51
2,52
2,53
2,54
1,55
1,56
1,57
1,58
1,59
1,60
0,61
1,62
1,63
1,64
2,65
2,66
1,67
2,68
2,69
3,70
3,71
3,72
3,73
3,74
4,75
5,76
47,76
6,77
44,77
45,77
46,77
48,77
49,77
50,77
51,77
52,77
53,77
55,77
56,77
7,78
40,78
41,78
42,78
43,78
54,78
57,78
58,78
59,78
7,79
38,79
39,79
60,79
8,80
35,80
36,80
37,80
60,80
9,81
33,81
34,81
61,81
10,82
29,82
31,82
32,82
62,82
11,83
12,83
28,83
30,83
63,83
13,84
26,84
27,84
63,84
14,85
15,85
16,85
17,85
21,85
22,85
23,85
25,85
64,85
18,86
19,86
20,86
24,86
64,86
65,87
65,88
65,89
65,90
65,91
65,92
65,93
65,94
65,95
64,96
64,97
65,98
65,99
65,100
65,101
64,102
64,103
63,104
63,105
63,106
62,107
62,108
62,109
62,110
61,111
61,112
60,113
60,114
60,115
60,116
59,117
59,118
58,119
58,120
58,121
58,122
58,123
57,124
56,125
56,126
56,127
56,128
55,129
54,130
54,131
54,132
53,133
53,134
53,135
52,136
51,137
51,138
51,139
51,140
50,141
49,142
49,143
49,144
49,145
49,146
48,147
47,148
47,149
47,150
47,151
47,152
46,153
45,154
44,155
44,156
44,157
43,158
43,159
43,160
43,161
42,162
42,163
41,164
40,165
40,166
40,167
40,168
39,169
38,170
38,171
38,172
37,173
37,174
36,175
36,176
36,177
35,178
35,179
35,180
34,181
34,182
34,183
33,184
33,185
33,186
32,187
32,188
32,189
32,190
32,191
31,192
30,193
30,194
29,195
29,196
29,197
28,198
28,199
27,200
27,201
27,202
27,203
26,204
26,205
26,206
26,207
25,208
24,209
24,210
23,211
23,212
23,213
23,214
22,215
21,216
21,217
21,218
21,219
21,220