83,0
84,0
85,0
86,0
87,0
92,0
79,1
80,1
81,1
82,1
88,1
89,1
90,1
91,1
93,1
94,1
95,1
96,1
97,1
98,1
99,1
100,1
101,1
102,1
103,1
104,1
105,1
109,1
111,1
112,1
78,2
106,2
107,2
108,2
110,2
113,2
114,2
115,2
118,2
119,2
120,2
121,2
122,2
123,2
124,2
126,2
127,2
78,3
116,3
117,3
125,3
128,3
129,3
130,3
131,3
132,3
133,3
135,3
136,3
137,3
138,3
139,3
140,3
141,3
144,3
145,3
146,3
78,4
134,4
142,4
143,4
147,4
148,4
149,4
150,4
152,4
153,4
154,4
155,4
156,4
157,4
158,4
161,4
162,4
163,4
78,5
151,5
159,5
160,5
164,5
165,5
166,5
167,5
169,5
170,5
171,5
78,6
168,6
172,6
251,6
252,6
256,6
259,6
78,7
173,7
174,7
248,7
249,7
250,7
253,7
254,7
255,7
257,7
258,7
260,7
261,7
262,7
265,7
266,7
78,8
175,8
176,8
242,8
243,8
244,8
245,8
246,8
247,8
263,8
264,8
267,8
268,8
269,8
270,8
79,9
177,9
240,9
241,9
271,9
272,9
273,9
274,9
275,9
276,9
277,9
278,9
280,9
282,9
79,10
178,10
179,10
239,10
279,10
281,10
283,10
284,10
285,10
286,10
291,10
79,11
180,11
238,11
287,11
288,11
289,11
290,11
292,11
293,11
294,11
300,11
79,12
181,12
237,12
295,12
296,12
297,12
298,12
299,12
301,12
302,12
303,12
308,12
79,13
182,13
236,13
304,13
305,13
306,13
307,13
309,13
310,13
311,13
312,13
313,13
79,14
182,14
236,14
314,14
315,14
79,15
182,15
235,15
316,15
79,16
182,16
236,16
316,16
79,17
182,17
237,17
316,17
80,18
182,18
237,18
316,18
80,19
182,19
237,19
316,19
80,20
183,20
237,20
316,20
80,21
182,21
237,21
317,21
80,22
182,22
237,22
316,22
80,23
181,23
237,23
316,23
81,24
181,24
237,24
316,24
81,25
180,25
237,25
316,25
82,26
179,26
238,26
316,26
82,27
179,27
238,27
316,27
82,28
179,28
238,28
316,28
82,29
179,29
239,29
316,29
82,30
179,30
239,30
316,30
82,31
178,31
239,31
316,31
82,32
177,32
240,32
316,32
81,33
176,33
241,33
316,33
81,34
175,34
242,34
316,34
82,35
174,35
242,35
316,35
83,36
173,36
242,36
316,36
82,37
172,37
243,37
316,37
83,38
172,38
244,38
316,38
82,39
171,39
244,39
317,39
82,40
169,40
170,40
245,40
317,40
82,41
168,41
245,41
317,41
82,42
167,42
246,42
317,42
82,43
166,43
247,43
317,43
83,44
165,44
248,44
317,44
83,45
164,45
248,45
317,45
83,46
163,46
249,46
317,46
84,47
162,47
250,47
318,47
84,48
163,48
251,48
318,48
84,49
162,49
251,49
318,49
84,50
161,50
252,50
318,50
84,51
161,51
253,51
318,51
85,52
160,52
254,52
318,52
85,53
160,53
254,53
318,53
85,54
159,54
254,54
318,54
85,55
159,55
255,55
318,55
85,56
160,56
255,56
319,56
85,57
160,57
255,57
319,57
85,58
159,58
255,58
319,58
84,59
160,59
255,59
319,59
84,60
160,60
256,60
319,60
85,61
160,61
256,61
319,61
85,62
161,62
255,62
319,62
85,63
161,63
255,63
319,63
85,64
161,64
254,64
320,64
85,65
162,65
254,65
320,65
84,66
163,66
253,66
320,66
84,67
164,67
252,67
320,67
83,68
165,68
251,68
320,68
84,69
166,69
251,69
320,69
84,70
167,70
251,70
320,70
83,71
168,71
249,71
250,71
320,71
82,72
169,72
248,72
320,72
35,73
36,73
37,73
82,73
170,73
247,73
321,73
27,74
28,74
29,74
30,74
31,74
32,74
33,74
34,74
38,74
39,74
82,74
171,74
245,74
246,74
321,74
24,75
25,75
26,75
40,75
41,75
81,75
172,75
173,75
174,75
244,75
321,75
20,76
21,76
22,76
23,76
42,76
44,76
45,76
46,76
80,76
175,76
176,76
177,76
243,76
321,76
19,77
43,77
47,77
79,77
178,77
240,77
241,77
242,77
321,77
18,78
48,78
80,78
179,78
183,78
237,78
238,78
239,78
321,78
17,79
49,79
50,79
80,79
180,79
181,79
182,79
184,79
185,79
235,79
236,79
321,79
15,80
16,80
51,80
52,80
53,80
79,80
186,80
187,80
188,80
191,80
192,80
233,80
234,80
321,80
14,81
54,81
79,81
189,81
190,81
193,81
194,81
195,81
226,81
227,81
228,81
229,81
230,81
231,81
232,81
321,81
14,82
55,82
56,82
78,82
196,82
197,82
200,82
201,82
209,82
210,82
217,82
218,82
225,82
322,82
12,83
13,83
57,83
77,83
198,83
199,83
202,83
203,83
204,83
205,83
206,83
207,83
208,83
211,83
212,83
213,83
214,83
215,83
216,83
219,83
220,83
221,83
222,83
223,83
224,83
322,83
11,84
58,84
59,84
60,84
62,84
75,84
76,84
322,84
11,85
61,85
63,85
64,85
73,85
74,85
323,85
10,86
65,86
66,86
67,86
71,86
72,86
323,86
10,87
68,87
69,87
70,87
323,87
9,88
323,88
382,88
383,88
8,89
324,89
373,89
374,89
375,89
376,89
377,89
378,89
379,89
380,89
381,89
384,89
7,90
325,90
371,90
372,90
385,90
8,91
325,91
369,91
370,91
386,91
7,92
326,92
366,92
367,92
368,92
387,92
6,93
326,93
365,93
388,93
6,94
326,94
364,94
389,94
5,95
326,95
361,95
362,95
363,95
390,95
391,95
392,95
5,96
327,96
359,96
360,96
393,96
4,97
327,97
358,97
393,97
3,98
328,98
329,98
357,98
393,98
3,99
330,99
331,99
355,99
356,99
394,99
3,100
332,100
354,100
395,100
2,101
333,101
351,101
352,101
353,101
395,101
2,102
334,102
348,102
349,102
350,102
395,102
2,103
335,103
346,103
347,103
396,103
2,104
336,104
337,104
338,104
339,104
340,104
341,104
342,104
343,104
344,104
345,104
397,104
1,105
397,105
1,106
397,106
1,107
398,107
0,108
398,108
1,109
398,109
1,110
398,110
1,111
399,111
0,112
400,112
0,113
400,113
0,114
400,114
0,115
400,115
0,116
400,116
0,117
400,117
1,118
400,118
1,119
400,119
1,120
401,120
1,121
401,121
1,122
401,122
2,123
401,123
2,124
401,124
2,125
401,125
3,126
65,126
66,126
67,126
68,126
73,126
74,126
401,126
3,127
64,127
69,127
70,127
71,127
72,127
75,127
401,127
4,128
61,128
62,128
63,128
76,128
401,128
4,129
60,129
77,129
78,129
402,129
4,130
56,130
57,130
58,130
59,130
79,130
402,130
5,131
55,131
80,131
402,131
5,132
55,132
80,132
402,132
6,133
52,133
53,133
54,133
81,133
402,133
7,134
51,134
81,134
401,134
8,135
48,135
49,135
50,135
81,135
401,135
8,136
47,136
82,136
401,136
9,137
46,137
82,137
402,137
9,138
43,138
44,138
45,138
82,138
402,138
10,139
41,139
42,139
83,139
402,139
10,140
39,140
40,140
83,140
402,140
11,141
13,141
38,141
83,141
401,141
12,142
14,142
15,142
16,142
33,142
34,142
35,142
36,142
37,142
83,142
401,142
17,143
31,143
32,143
83,143
401,143
18,144
19,144
22,144
23,144
24,144
25,144
26,144
27,144
28,144
29,144
30,144
83,144
401,144
20,145
21,145
83,145
401,145
83,146
401,146
84,147
401,147
84,148
401,148
83,149
401,149
83,150
400,150
83,151
400,151
83,152
399,152
83,153
399,153
83,154
399,154
82,155
400,155
83,156
400,156
83,157
399,157
83,158
399,158
83,159
399,159
82,160
398,160
82,161
398,161
82,162
337,162
338,162
339,162
340,162
343,162
344,162
397,162
82,163
335,163
336,163
341,163
342,163
345,163
346,163
347,163
397,163
82,164
334,164
348,164
349,164
350,164
397,164
82,165
334,165
351,165
352,165
353,165
397,165
82,166
333,166
354,166
396,166
82,167
332,167
355,167
356,167
395,167
82,168
331,168
357,168
358,168
395,168
82,169
330,169
359,169
394,169
81,170
329,170
360,170
361,170
393,170
81,171
328,171
362,171
392,171
81,172
189,172
190,172
191,172
192,172
193,172
194,172
195,172
196,172
197,172
198,172
199,172
328,172
363,172
391,172
82,173
188,173
200,173
201,173
202,173
327,173
364,173
365,173
366,173
390,173
82,174
184,174
185,174
186,174
187,174
203,174
204,174
205,174
206,174
207,174
326,174
367,174
389,174
82,175
181,175
182,175
183,175
208,175
326,175
368,175
369,175
370,175
388,175
81,176
180,176
209,176
210,176
326,176
371,176
387,176
81,177
179,177
211,177
212,177
214,177
326,177
372,177
386,177
81,178
177,178
178,178
213,178
215,178
216,178
326,178
373,178
380,178
381,178
382,178
383,178
384,178
385,178
80,179
175,179
176,179
217,179
325,179
374,179
375,179
376,179
379,179
80,180
171,180
172,180
173,180
174,180
218,180
325,180
377,180
378,180
80,181
170,181
219,181
325,181
81,182
170,182
220,182
221,182
324,182
81,183
167,183
168,183
169,183
222,183
223,183
324,183
81,184
166,184
224,184
323,184
80,185
165,185
225,185
324,185
80,186
164,186
226,186
324,186
80,187
163,187
227,187
324,187
80,188
162,188
228,188
323,188
79,189
162,189
229,189
323,189
79,190
161,190
230,190
323,190
80,191
159,191
160,191
231,191
322,191
80,192
158,192
232,192
322,192
79,193
158,193
232,193
322,193
79,194
158,194
232,194
323,194
79,195
158,195
233,195
323,195
79,196
158,196
233,196
323,196
79,197
157,197
233,197
323,197
79,198
157,198
233,198
322,198
78,199
157,199
234,199
322,199
79,200
157,200
233,200
322,200
79,201
157,201
233,201
322,201
79,202
157,202
233,202
322,202
79,203
157,203
232,203
323,203
79,204
158,204
232,204
323,204
78,205
159,205
231,205
323,205
78,206
159,206
231,206
322,206
78,207
160,207
231,207
322,207
79,208
160,208
231,208
322,208
78,209
161,209
230,209
322,209
78,210
161,210
230,210
321,210
78,211
161,211
229,211
322,211
78,212
162,212
229,212
322,212
78,213
163,213
229,213
322,213
77,214
163,214
228,214
322,214
77,215
164,215
227,215
322,215
77,216
165,216
227,216
322,216
78,217
166,217
227,217
321,217
77,218
167,218
227,218
321,218
77,219
166,219
226,219
321,219
77,220
167,220
226,220
322,220
77,221
167,221
225,221
321,221
77,222
168,222
225,222
321,222
77,223
168,223
224,223
321,223
76,224
169,224
224,224
321,224
76,225
169,225
223,225
321,225
77,226
170,226
224,226
321,226
77,227
171,227
223,227
321,227
76,228
171,228
223,228
320,228
76,229
172,229
222,229
321,229
76,230
172,230
222,230
321,230
75,231
172,231
222,231
321,231
75,232
172,232
222,232
321,232
75,233
172,233
222,233
321,233
76,234
172,234
223,234
321,234
76,235
172,235
223,235
321,235
76,236
172,236
224,236
320,236
76,237
171,237
224,237
321,237
75,238
170,238
224,238
227,238
321,238
75,239
166,239
167,239
168,239
169,239
224,239
226,239
228,239
229,239
230,239
231,239
321,239
75,240
165,240
225,240
232,240
235,240
236,240
321,240
75,241
162,241
163,241
164,241
233,241
234,241
237,241
238,241
239,241
240,241
241,241
242,241
243,241
244,241
245,241
246,241
247,241
248,241
249,241
253,241
254,241
255,241
261,241
321,241
75,242
142,242
149,242
150,242
151,242
152,242
153,242
154,242
158,242
159,242
160,242
161,242
250,242
251,242
252,242
256,242
257,242
258,242
259,242
260,242
262,242
263,242
264,242
265,242
266,242
267,242
268,242
270,242
271,242
272,242
273,242
274,242
275,242
279,242
280,242
281,242
287,242
288,242
289,242
296,242
297,242
322,242
76,243
106,243
107,243
108,243
114,243
115,243
116,243
117,243
118,243
119,243
120,243
123,243
124,243
125,243
126,243
127,243
128,243
129,243
132,243
133,243
134,243
135,243
136,243
140,243
141,243
143,243
144,243
145,243
146,243
147,243
148,243
155,243
156,243
157,243
269,243
276,243
277,243
278,243
282,243
283,243
284,243
285,243
286,243
290,243
291,243
292,243
293,243
294,243
295,243
298,243
299,243
300,243
301,243
305,243
306,243
307,243
308,243
309,243
310,243
313,243
314,243
315,243
316,243
317,243
318,243
319,243
321,243
76,244
80,244
81,244
82,244
83,244
88,244
89,244
90,244
91,244
92,244
93,244
97,244
98,244
99,244
100,244
101,244
102,244
103,244
104,244
105,244
109,244
110,244
111,244
112,244
113,244
121,244
122,244
130,244
131,244
137,244
138,244
139,244
302,244
303,244
304,244
311,244
312,244
320,244
77,245
79,245
84,245
85,245
86,245
87,245
94,245
95,245
96,245
78,246