265,0
266,0
267,0
268,0
269,0
270,0
271,0
319,0
320,0
243,1
244,1
245,1
246,1
247,1
248,1
249,1
250,1
251,1
252,1
253,1
254,1
255,1
256,1
257,1
258,1
259,1
260,1
261,1
262,1
263,1
264,1
272,1
273,1
274,1
275,1
276,1
277,1
278,1
279,1
280,1
281,1
290,1
291,1
292,1
293,1
294,1
295,1
296,1
297,1
298,1
299,1
300,1
301,1
302,1
303,1
314,1
318,1
321,1
241,2
242,2
282,2
283,2
284,2
285,2
286,2
287,2
288,2
289,2
304,2
305,2
306,2
307,2
308,2
309,2
310,2
311,2
312,2
313,2
315,2
316,2
317,2
321,2
237,3
238,3
239,3
240,3
321,3
143,4
144,4
145,4
146,4
147,4
148,4
149,4
150,4
151,4
152,4
153,4
154,4
155,4
156,4
234,4
235,4
236,4
321,4
137,5
138,5
139,5
140,5
141,5
142,5
157,5
158,5
159,5
160,5
161,5
162,5
232,5
233,5
321,5
127,6
128,6
129,6
130,6
131,6
132,6
133,6
134,6
135,6
136,6
163,6
164,6
165,6
167,6
231,6
321,6
118,7
119,7
120,7
121,7
122,7
123,7
124,7
125,7
126,7
166,7
168,7
169,7
230,7
321,7
114,8
115,8
116,8
117,8
170,8
229,8
321,8
105,9
106,9
107,9
108,9
109,9
110,9
111,9
112,9
113,9
171,9
229,9
321,9
87,10
88,10
89,10
90,10
91,10
94,10
95,10
96,10
97,10
98,10
99,10
100,10
101,10
102,10
103,10
104,10
171,10
228,10
321,10
86,11
92,11
93,11
171,11
228,11
321,11
85,12
171,12
228,12
321,12
85,13
172,13
228,13
321,13
85,14
172,14
228,14
321,14
85,15
172,15
228,15
321,15
84,16
172,16
229,16
321,16
85,17
172,17
228,17
321,17
85,18
172,18
228,18
321,18
85,19
172,19
229,19
321,19
85,20
172,20
229,20
321,20
84,21
172,21
229,21
321,21
84,22
172,22
229,22
321,22
84,23
171,23
229,23
321,23
84,24
171,24
229,24
321,24
84,25
171,25
230,25
321,25
84,26
170,26
231,26
322,26
83,27
170,27
231,27
322,27
83,28
170,28
232,28
322,28
83,29
170,29
232,29
322,29
83,30
170,30
233,30
322,30
84,31
170,31
233,31
322,31
84,32
169,32
233,32
322,32
83,33
169,33
233,33
322,33
83,34
169,34
234,34
322,34
83,35
168,35
235,35
322,35
83,36
168,36
235,36
322,36
83,37
168,37
235,37
322,37
83,38
167,38
235,38
322,38
83,39
167,39
236,39
321,39
83,40
167,40
237,40
322,40
83,41
166,41
237,41
322,41
83,42
166,42
237,42
321,42
82,43
165,43
237,43
321,43
82,44
165,44
237,44
321,44
82,45
165,45
237,45
321,45
82,46
164,46
238,46
321,46
82,47
164,47
238,47
321,47
82,48
164,48
238,48
321,48
82,49
164,49
238,49
321,49
82,50
164,50
239,50
322,50
81,51
163,51
239,51
322,51
81,52
162,52
240,52
322,52
81,53
163,53
240,53
322,53
81,54
163,54
240,54
322,54
82,55
163,55
240,55
322,55
82,56
163,56
240,56
322,56
82,57
163,57
240,57
322,57
82,58
164,58
239,58
321,58
81,59
164,59
239,59
320,59
81,60
164,60
239,60
321,60
81,61
165,61
239,61
321,61
81,62
165,62
238,62
321,62
81,63
165,63
238,63
320,63
81,64
165,64
237,64
321,64
81,65
166,65
237,65
321,65
81,66
167,66
236,66
321,66
81,67
167,67
235,67
320,67
81,68
168,68
169,68
234,68
319,68
80,69
170,69
233,69
319,69
80,70
170,70
232,70
320,70
80,71
171,71
231,71
320,71
80,72
172,72
173,72
230,72
321,72
80,73
174,73
229,73
321,73
80,74
175,74
227,74
228,74
321,74
80,75
176,75
177,75
225,75
226,75
322,75
80,76
178,76
224,76
322,76
80,77
179,77
180,77
223,77
322,77
80,78
181,78
182,78
183,78
220,78
221,78
222,78
322,78
79,79
184,79
185,79
219,79
321,79
80,80
186,80
187,80
218,80
322,80
80,81
188,81
189,81
190,81
215,81
216,81
217,81
321,81
80,82
191,82
192,82
193,82
212,82
213,82
214,82
321,82
79,83
194,83
195,83
196,83
197,83
198,83
199,83
200,83
209,83
210,83
211,83
321,83
79,84
201,84
202,84
203,84
204,84
205,84
206,84
207,84
208,84
322,84
79,85
322,85
79,86
322,86
79,87
322,87
366,87
367,87
368,87
369,87
370,87
371,87
372,87
373,87
374,87
79,88
322,88
365,88
375,88
376,88
79,89
322,89
362,89
363,89
364,89
377,89
378,89
78,90
323,90
361,90
379,90
78,91
323,91
357,91
358,91
359,91
360,91
380,91
381,91
78,92
323,92
355,92
356,92
382,92
23,93
24,93
25,93
26,93
27,93
78,93
324,93
352,93
353,93
354,93
383,93
22,94
28,94
29,94
30,94
78,94
325,94
350,94
351,94
384,94
20,95
21,95
31,95
32,95
33,95
34,95
78,95
325,95
349,95
385,95
18,96
19,96
35,96
36,96
37,96
77,96
326,96
347,96
348,96
385,96
16,97
17,97
38,97
76,97
327,97
344,97
345,97
346,97
386,97
15,98
39,98
40,98
76,98
327,98
342,98
343,98
387,98
388,98
14,99
41,99
76,99
328,99
329,99
330,99
341,99
389,99
12,100
13,100
42,100
75,100
331,100
332,100
337,100
338,100
339,100
340,100
390,100
11,101
43,101
44,101
75,101
333,101
334,101
335,101
336,101
391,101
10,102
45,102
75,102
391,102
9,103
46,103
47,103
74,103
392,103
8,104
48,104
49,104
74,104
392,104
7,105
50,105
51,105
73,105
392,105
8,106
52,106
53,106
73,106
393,106
7,107
54,107
72,107
393,107
7,108
55,108
71,108
394,108
6,109
56,109
57,109
58,109
71,109
394,109
6,110
59,110
70,110
394,110
5,111
60,111
61,111
67,111
68,111
69,111
394,111
5,112
62,112
63,112
64,112
65,112
66,112
394,112
4,113
395,113
4,114
395,114
3,115
395,115
3,116
395,116
3,117
395,117
3,118
395,118
3,119
395,119
3,120
396,120
2,121
396,121
2,122
397,122
2,123
397,123
1,124
397,124
1,125
396,125
2,126
396,126
2,127
396,127
1,128
397,128
1,129
396,129
2,130
396,130
2,131
396,131
1,132
396,132
1,133
396,133
1,134
395,134
1,135
395,135
1,136
395,136
1,137
395,137
1,138
394,138
1,139
394,139
1,140
394,140
1,141
394,141
1,142
393,142
1,143
393,143
1,144
392,144
0,145
392,145
0,146
391,146
0,147
392,147
0,148
391,148
0,149
391,149
0,150
390,150
1,151
390,151
1,152
390,152
1,153
389,153
2,154
330,154
331,154
332,154
333,154
334,154
335,154
336,154
389,154
3,155
328,155
329,155
337,155
338,155
339,155
340,155
342,155
388,155
3,156
327,156
341,156
343,156
344,156
388,156
2,157
326,157
345,157
387,157
2,158
325,158
346,158
347,158
386,158
2,159
325,159
348,159
349,159
386,159
3,160
324,160
350,160
351,160
385,160
3,161
324,161
352,161
353,161
385,161
3,162
323,162
354,162
355,162
384,162
3,163
323,163
356,163
357,163
383,163
3,164
323,164
358,164
382,164
3,165
323,165
359,165
360,165
361,165
380,165
381,165
3,166
322,166
362,166
378,166
379,166
4,167
322,167
363,167
364,167
365,167
366,167
367,167
368,167
369,167
377,167
4,168
322,168
370,168
371,168
372,168
373,168
374,168
375,168
376,168
4,169
322,169
4,170
322,170
4,171
322,171
5,172
322,172
5,173
61,173
62,173
63,173
64,173
65,173
66,173
67,173
322,173
6,174
58,174
59,174
60,174
68,174
69,174
322,174
6,175
54,175
55,175
56,175
57,175
70,175
71,175
322,175
6,176
52,176
53,176
72,176
73,176
322,176
6,177
51,177
74,177
75,177
323,177
7,178
50,178
76,178
323,178
8,179
48,179
49,179
76,179
323,179
9,180
47,180
76,180
323,180
10,181
47,181
77,181
323,181
11,182
46,182
78,182
323,182
11,183
44,183
45,183
78,183
322,183
12,184
42,184
43,184
78,184
322,184
12,185
41,185
79,185
322,185
13,186
14,186
39,186
40,186
79,186
322,186
15,187
38,187
79,187
322,187
16,188
17,188
37,188
79,188
322,188
18,189
35,189
36,189
79,189
196,189
197,189
198,189
199,189
200,189
201,189
202,189
203,189
204,189
205,189
206,189
207,189
208,189
209,189
210,189
211,189
212,189
322,189
19,190
33,190
34,190
80,190
184,190
185,190
186,190
187,190
188,190
189,190
190,190
191,190
192,190
193,190
194,190
195,190
213,190
214,190
215,190
216,190
217,190
220,190
322,190
20,191
21,191
22,191
31,191
32,191
80,191
179,191
180,191
181,191
182,191
183,191
218,191
219,191
221,191
222,191
223,191
224,191
322,191
23,192
24,192
25,192
26,192
27,192
28,192
29,192
30,192
80,192
174,192
175,192
176,192
177,192
178,192
225,192
226,192
227,192
228,192
322,192
80,193
171,193
172,193
173,193
229,193
322,193
80,194
170,194
230,194
231,194
322,194
80,195
168,195
169,195
232,195
233,195
322,195
80,196
166,196
167,196
234,196
322,196
80,197
164,197
165,197
235,197
236,197
321,197
323,197
80,198
162,198
163,198
237,198
238,198
320,198
322,198
80,199
161,199
239,199
320,199
80,200
161,200
240,200
320,200
80,201
160,201
241,201
321,201
81,202
159,202
242,202
322,202
81,203
159,203
243,203
322,203
81,204
158,204
243,204
322,204
81,205
157,205
244,205
322,205
81,206
157,206
245,206
322,206
82,207
156,207
246,207
322,207
82,208
155,208
246,208
322,208
81,209
154,209
247,209
322,209
80,210
154,210
247,210
322,210
80,211
154,211
248,211
322,211
81,212
154,212
248,212
322,212
81,213
154,213
248,213
321,213
81,214
154,214
248,214
322,214
81,215
154,215
248,215
322,215
81,216
155,216
248,216
322,216
81,217
155,217
248,217
322,217
81,218
155,218
247,218
322,218
81,219
155,219
247,219
322,219
81,220
155,220
246,220
322,220
81,221
156,221
245,221
322,221
81,222
157,222
245,222
323,222
81,223
157,223
245,223
323,223
80,224
157,224
245,224
323,224
80,225
158,225
159,225
160,225
244,225
323,225
80,226
161,226
243,226
323,226
81,227
161,227
242,227
323,227
81,228
162,228
242,228
323,228
81,229
162,229
240,229
241,229
323,229
81,230
163,230
239,230
322,230
81,231
164,231
239,231
322,231
81,232
164,232
238,232
322,232
81,233
164,233
238,233
322,233
81,234
165,234
236,234
237,234
322,234
82,235
166,235
235,235
322,235
82,236
167,236
234,236
322,236
82,237
167,237
234,237
322,237
82,238
168,238
233,238
322,238
81,239
168,239
232,239
322,239
82,240
169,240
231,240
322,240
82,241
169,241
230,241
322,241
82,242
170,242
230,242
322,242
82,243
170,243
229,243
322,243
82,244
171,244
229,244
322,244
82,245
171,245
228,245
322,245
81,246
172,246
228,246
323,246
81,247
172,247
227,247
322,247
81,248
172,248
228,248
322,248
82,249
173,249
228,249
322,249
82,250
174,250
228,250
322,250
83,251
174,251
228,251
322,251
83,252
174,252
228,252
322,252
83,253
174,253
228,253
322,253
83,254
174,254
228,254
322,254
83,255
174,255
228,255
322,255
83,256
174,256
228,256
322,256
83,257
173,257
228,257
322,257
82,258
173,258
228,258
321,258
82,259
173,259
229,259
321,259
82,260
172,260
230,260
321,260
82,261
172,261
231,261
321,261
82,262
172,262
232,262
321,262
82,263
172,263
232,263
321,263
82,264
171,264
233,264
234,264
321,264
82,265
170,265
235,265
321,265
83,266
168,266
169,266
236,266
321,266
83,267
166,267
167,267
237,267
238,267
239,267
321,267
82,268
164,268
165,268
240,268
241,268
320,268
82,269
163,269
242,269
243,269
244,269
245,269
246,269
247,269
248,269
249,269
320,269
82,270
160,270
161,270
162,270
250,270
251,270
252,270
253,270
254,270
320,270
82,271
154,271
155,271
156,271
157,271
158,271
159,271
255,271
256,271
257,271
258,271
259,271
260,271
261,271
320,271
82,272
148,272
149,272
150,272
151,272
152,272
153,272
262,272
263,272
264,272
265,272
266,272
267,272
271,272
272,272
273,272
274,272
320,272
82,273
145,273
146,273
147,273
268,273
269,273
270,273
275,273
276,273
277,273
278,273
279,273
280,273
320,273
82,274
125,274
126,274
127,274
128,274
129,274
130,274
131,274
132,274
133,274
134,274
135,274
136,274
137,274
138,274
139,274
140,274
141,274
142,274
143,274
144,274
281,274
282,274
283,274
284,274
285,274
286,274
321,274
82,275
124,275
287,275
288,275
289,275
290,275
291,275
292,275
293,275
294,275
295,275
296,275
320,275
83,276
103,276
110,276
111,276
112,276
113,276
114,276
115,276
116,276
117,276
118,276
119,276
120,276
121,276
122,276
123,276
297,276
298,276
299,276
300,276
301,276
302,276
319,276
84,277
99,277
100,277
101,277
102,277
104,277
105,277
106,277
107,277
108,277
109,277
303,277
304,277
305,277
306,277
307,277
308,277
309,277
318,277
85,278
86,278
87,278
88,278
89,278
90,278
91,278
92,278
93,278
94,278
95,278
96,278
97,278
98,278
310,278
311,278
312,278
313,278
314,278
315,278
316,278
318,278
317,279