70,0
70,1
70,2
70,3
70,4
70,5
70,6
70,7
70,8
70,9
70,10
70,11
70,12
71,13
71,14
71,15
71,16
71,17
71,18
71,19
71,20
71,21
71,22
71,23
71,24
71,25
71,26
72,27
72,28
73,29
73,30
73,31
73,32
73,33
73,34
73,35
73,36
73,37
73,38
73,39
73,40
73,41
73,42
73,43
73,44
73,45
74,46
74,47
74,48
74,49
74,50
74,51
74,52
74,53
74,54
74,55
74,56
74,57
74,58
74,59
74,60
75,61
74,62
74,63
74,64
74,65
74,66
74,67
74,68
74,69
23,70
74,70
21,71
22,71
24,71
25,71
75,71
16,72
17,72
18,72
19,72
20,72
26,72
27,72
74,72
15,73
28,73
74,73
13,74
14,74
29,74
30,74
74,74
12,75
31,75
74,75
11,76
32,76
33,76
74,76
10,77
34,77
73,77
9,78
35,78
73,78
8,79
36,79
37,79
73,79
7,80
38,80
73,80
6,81
39,81
72,81
5,82
40,82
41,82
71,82
5,83
42,83
71,83
4,84
43,84
70,84
4,85
44,85
45,85
46,85
70,85
4,86
47,86
48,86
69,86
3,87
49,87
50,87
68,87
3,88
51,88
52,88
67,88
3,89
53,89
54,89
55,89
56,89
65,89
66,89
3,90
57,90
58,90
59,90
60,90
61,90
62,90
63,90
64,90
2,91
2,92
1,93
1,94
0,95
1,96
1,97
1,98
1,99
1,100
1,101
1,102
1,103
1,104
0,105
0,106
0,107
0,108
0,109
0,110
0,111
0,112
0,113
0,114
0,115
0,116
0,117
0,118
0,119
0,120
0,121
0,122
0,123
0,124
0,125
0,126
0,127
0,128
0,129
0,130
0,131
0,132
1,133
1,134
1,135
1,136
1,137
1,138
1,139
1,140
2,141
2,142
2,143
2,144
2,145
58,145
59,145
60,145
61,145
62,145
63,145
64,145
65,145
3,146
56,146
57,146
66,146
67,146
3,147
53,147
54,147
55,147
68,147
69,147
3,148
50,148
51,148
52,148
70,148
3,149
48,149
49,149
71,149
4,150
46,150
47,150
72,150
4,151
45,151
73,151
4,152
44,152
73,152
5,153
41,153
42,153
43,153
74,153
5,154
40,154
74,154
6,155
39,155
74,155
7,156
38,156
75,156
7,157
37,157
75,157
8,158
36,158
75,158
9,159
34,159
35,159
75,159
10,160
32,160
33,160
75,160
11,161
12,161
31,161
75,161
13,162
29,162
30,162
75,162
14,163
15,163
27,163
28,163
75,163
16,164
24,164
25,164
26,164
75,164
17,165
18,165
21,165
22,165
23,165
75,165
19,166
20,166
75,166
75,167
75,168
75,169
76,170
76,171
76,172
76,173
75,174
75,175
75,176
75,177
75,178
75,179
75,180
75,181
75,182
75,183
75,184
75,185
75,186
75,187
75,188
75,189
74,190
74,191
74,192
74,193
74,194
74,195
74,196
74,197
74,198
74,199
74,200
74,201
74,202
73,203
73,204
73,205
73,206
73,207
73,208
73,209
73,210
73,211
73,212
73,213
72,214
72,215
72,216
72,217
72,218
72,219
72,220
72,221
71,222
71,223
71,224
71,225
71,226
71,227
71,228
71,229
71,230
71,231
71,232
71,233
70,234
70,235
70,236
70,237
71,238
71,239
70,240
70,241
71,242
71,243
71,244
71,245
71,246
71,247
71,248
70,249
70,250
70,251
70,252
70,253
70,254
70,255
70,256
70,257
70,258
70,259
70,260
70,261
70,262
70,263
70,264
70,265
70,266
70,267
70,268
69,269
69,270
69,271
69,272
69,273
69,274
69,275
69,276
69,277
69,278
69,279
69,280
69,281
69,282