73,0
73,1
73,2
73,3
73,4
73,5
73,6
73,7
73,8
73,9
72,10
73,11
73,12
73,13
73,14
73,15
73,16
73,17
74,18
74,19
73,20
73,21
73,22
74,23
74,24
74,25
74,26
74,27
74,28
74,29
74,30
73,31
74,32
74,33
74,34
74,35
74,36
74,37
75,38
75,39
75,40
74,41
74,42
74,43
74,44
74,45
74,46
75,47
75,48
75,49
75,50
74,51
74,52
74,53
75,54
75,55
75,56
75,57
75,58
75,59
75,60
75,61
75,62
75,63
75,64
75,65
75,66
75,67
76,68
76,69
76,70
76,71
75,72
75,73
75,74
75,75
75,76
76,77
76,78
76,79
76,80
76,81
75,82
75,83
75,84
75,85
75,86
76,87
76,88
76,89
76,90
77,91
76,92
76,93
76,94
76,95
76,96
76,97
77,98
77,99
77,100
77,101
76,102
76,103
76,104
26,105
27,105
28,105
29,105
30,105
76,105
24,106
25,106
31,106
32,106
33,106
34,106
35,106
36,106
76,106
23,107
37,107
76,107
21,108
22,108
37,108
75,108
18,109
19,109
20,109
38,109
75,109
17,110
39,110
75,110
16,111
39,111
75,111
15,112
40,112
74,112
14,113
41,113
73,113
13,114
42,114
43,114
73,114
13,115
44,115
73,115
12,116
45,116
72,116
11,117
46,117
72,117
11,118
47,118
48,118
71,118
9,119
10,119
49,119
70,119
8,120
50,120
70,120
8,121
50,121
69,121
7,122
51,122
52,122
53,122
54,122
55,122
67,122
68,122
7,123
56,123
57,123
58,123
65,123
66,123
7,124
59,124
62,124
63,124
64,124
6,125
60,125
61,125
6,126
6,127
6,128
5,129
4,130
4,131
4,132
4,133
4,134
4,135
4,136
3,137
3,138
2,139
2,140
2,141
2,142
2,143
2,144
2,145
2,146
2,147
2,148
2,149
1,150
1,151
1,152
1,153
1,154
1,155
1,156
1,157
1,158
1,159
0,160
0,161
0,162
1,163
1,164
1,165
1,166
1,167
2,168
2,169
1,170
1,171
1,172
1,173
1,174
1,175
1,176
2,177
2,178
3,179
2,180
2,181
3,182
3,183
4,184
4,185
5,186
53,186
54,186
55,186
56,186
57,186
58,186
59,186
5,187
51,187
52,187
60,187
61,187
6,188
46,188
48,188
49,188
50,188
62,188
63,188
6,189
45,189
47,189
64,189
6,190
44,190
65,190
6,191
41,191
42,191
43,191
66,191
7,192
40,192
67,192
8,193
39,193
67,193
9,194
37,194
38,194
67,194
10,195
34,195
35,195
36,195
68,195
11,196
12,196
33,196
69,196
13,197
14,197
32,197
70,197
15,198
31,198
70,198
16,199
29,199
30,199
70,199
17,200
18,200
19,200
20,200
21,200
22,200
23,200
24,200
25,200
27,200
28,200
71,200
26,201
71,201
72,202
72,203
71,204
72,205
72,206
73,207
73,208
73,209
73,210
73,211
73,212
73,213
73,214
73,215
73,216
73,217
73,218
73,219
73,220
73,221
73,222
73,223
73,224
72,225
73,226
73,227
72,228
72,229
72,230
72,231
73,232
73,233
73,234
72,235
72,236
72,237
73,238
73,239
73,240
73,241
73,242
73,243
73,244
72,245
72,246
72,247
72,248
72,249
72,250
72,251
72,252
72,253
72,254
71,255
72,256
72,257
72,258
72,259
72,260
72,261
72,262
72,263
72,264
71,265
71,266
71,267
71,268
71,269
71,270
71,271
71,272
72,273
72,274
72,275
72,276