231,0
232,0
233,0
234,0
235,0
236,0
237,0
223,1
227,1
228,1
229,1
230,1
238,1
239,1
240,1
241,1
242,1
243,1
244,1
245,1
246,1
247,1
248,1
249,1
250,1
251,1
220,2
221,2
222,2
224,2
225,2
226,2
252,2
253,2
254,2
218,3
219,3
255,3
256,3
257,3
258,3
259,3
260,3
215,4
216,4
217,4
261,4
262,4
263,4
213,5
214,5
264,5
265,5
208,6
209,6
210,6
211,6
212,6
266,6
267,6
206,7
207,7
268,7
269,7
205,8
270,8
271,8
272,8
204,9
273,9
203,10
274,10
275,10
276,10
202,11
277,11
201,12
278,12
200,13
279,13
199,14
279,14
198,15
279,15
198,16
280,16
197,17
281,17
197,18
282,18
197,19
283,19
197,20
283,20
197,21
283,21
197,22
284,22
197,23
284,23
197,24
284,24
196,25
284,25
196,26
284,26
197,27
284,27
197,28
283,28
198,29
283,29
198,30
283,30
198,31
282,31
199,32
282,32
200,33
281,33
200,34
281,34
201,35
280,35
202,36
280,36
203,37
280,37
203,38
279,38
203,39
278,39
204,40
277,40
205,41
277,41
206,42
275,42
276,42
207,43
274,43
207,44
274,44
207,45
274,45
208,46
273,46
209,47
272,47
209,48
272,48
210,49
271,49
211,50
271,50
212,51
271,51
212,52
270,52
213,53
270,53
213,54
270,54
213,55
269,55
213,56
268,56
214,57
268,57
214,58
268,58
214,59
267,59
214,60
267,60
215,61
267,61
215,62
267,62
215,63
267,63
215,64
267,64
216,65
267,65
215,66
268,66
215,67
268,67
214,68
269,68
214,69
269,69
213,70
269,70
213,71
269,71
211,72
212,72
270,72
271,72
210,73
272,73
209,74
273,74
274,74
205,75
206,75
207,75
208,75
275,75
97,76
98,76
99,76
100,76
101,76
102,76
103,76
104,76
105,76
106,76
107,76
108,76
115,76
116,76
117,76
118,76
119,76
120,76
121,76
122,76
203,76
204,76
276,76
96,77
109,77
110,77
111,77
112,77
113,77
114,77
123,77
124,77
125,77
126,77
127,77
128,77
129,77
130,77
131,77
132,77
133,77
134,77
135,77
136,77
139,77
140,77
141,77
142,77
143,77
144,77
145,77
146,77
147,77
148,77
149,77
150,77
157,77
158,77
159,77
160,77
161,77
162,77
192,77
199,77
200,77
201,77
202,77
277,77
278,77
279,77
95,78
137,78
138,78
151,78
152,78
153,78
154,78
155,78
156,78
163,78
164,78
165,78
166,78
167,78
168,78
169,78
170,78
171,78
172,78
173,78
174,78
175,78
176,78
177,78
178,78
181,78
182,78
183,78
184,78
185,78
186,78
187,78
188,78
189,78
190,78
191,78
193,78
194,78
195,78
196,78
197,78
198,78
280,78
281,78
282,78
283,78
284,78
285,78
286,78
94,79
179,79
180,79
287,79
288,79
289,79
290,79
94,80
291,80
292,80
293,80
294,80
295,80
296,80
297,80
298,80
299,80
300,80
301,80
302,80
303,80
304,80
94,81
305,81
306,81
307,81
308,81
309,81
310,81
311,81
312,81
313,81
314,81
315,81
316,81
317,81
318,81
94,82
319,82
320,82
321,82
322,82
323,82
324,82
325,82
326,82
327,82
328,82
329,82
330,82
331,82
332,82
94,83
333,83
334,83
335,83
336,83
337,83
338,83
339,83
340,83
341,83
342,83
343,83
344,83
345,83
346,83
94,84
347,84
348,84
349,84
350,84
351,84
352,84
353,84
354,84
355,84
356,84
357,84
358,84
359,84
360,84
94,85
361,85
362,85
363,85
364,85
365,85
366,85
367,85
368,85
369,85
370,85
371,85
372,85
373,85
374,85
95,86
375,86
376,86
377,86
378,86
379,86
380,86
381,86
382,86
383,86
384,86
385,86
386,86
387,86
388,86
95,87
389,87
390,87
391,87
392,87
393,87
394,87
395,87
396,87
95,88
397,88
398,88
399,88
95,89
400,89
94,90
400,90
93,91
400,91
94,92
400,92
94,93
400,93
94,94
400,94
93,95
400,95
93,96
400,96
93,97
400,97
93,98
400,98
93,99
401,99
94,100
401,100
93,101
401,101
93,102
400,102
93,103
400,103
93,104
400,104
92,105
400,105
92,106
400,106
92,107
401,107
92,108
401,108
92,109
401,109
92,110
401,110
92,111
401,111
92,112
401,112
92,113
401,113
92,114
401,114
92,115
401,115
92,116
400,116
92,117
400,117
92,118
400,118
91,119
400,119
91,120
400,120
91,121
401,121
91,122
401,122
91,123
401,123
91,124
401,124
91,125
401,125
91,126
402,126
91,127
401,127
91,128
402,128
91,129
402,129
91,130
402,130
90,131
401,131
90,132
401,132
89,133
401,133
90,134
401,134
90,135
401,135
89,136
401,136
89,137
401,137
89,138
401,138
89,139
401,139
89,140
401,140
89,141
401,141
90,142
401,142
89,143
401,143
88,144
401,144
88,145
401,145
89,146
400,146
88,147
400,147
88,148
400,148
88,149
400,149
88,150
400,150
87,151
400,151
87,152
400,152
87,153
400,153
87,154
400,154
87,155
352,155
353,155
354,155
355,155
356,155
357,155
358,155
399,155
87,156
348,156
349,156
350,156
351,156
359,156
399,156
87,157
346,157
347,157
359,157
399,157
87,158
344,158
345,158
360,158
361,158
362,158
363,158
364,158
399,158
29,159
30,159
31,159
32,159
33,159
87,159
343,159
365,159
398,159
23,160
24,160
25,160
26,160
27,160
28,160
34,160
87,160
343,160
366,160
367,160
368,160
398,160
19,161
20,161
21,161
22,161
35,161
36,161
37,161
38,161
39,161
40,161
86,161
342,161
369,161
397,161
18,162
41,162
42,162
43,162
44,162
45,162
85,162
341,162
370,162
371,162
372,162
397,162
17,163
46,163
47,163
85,163
341,163
373,163
396,163
16,164
48,164
84,164
340,164
374,164
375,164
376,164
396,164
15,165
49,165
50,165
51,165
52,165
84,165
339,165
377,165
378,165
395,165
14,166
53,166
54,166
83,166
339,166
379,166
394,166
14,167
55,167
56,167
57,167
58,167
83,167
339,167
380,167
381,167
394,167
13,168
59,168
60,168
82,168
338,168
382,168
383,168
384,168
385,168
392,168
393,168
12,169
61,169
62,169
81,169
337,169
386,169
388,169
389,169
390,169
391,169
12,170
63,170
79,170
80,170
336,170
387,170
11,171
64,171
65,171
66,171
67,171
75,171
76,171
77,171
78,171
336,171
387,171
388,171
389,171
390,171
10,172
68,172
69,172
70,172
71,172
72,172
73,172
74,172
336,172
386,172
391,172
9,173
336,173
387,173
388,173
390,173
8,174
335,174
389,174
8,175
335,175
7,176
335,176
6,177
335,177
6,178
335,178
5,179
334,179
5,180
334,180
5,181
334,181
4,182
334,182
4,183
334,183
4,184
333,184
3,185
333,185
3,186
333,186
2,187
333,187
1,188
333,188
1,189
333,189
1,190
333,190
1,191
333,191
1,192
333,192
1,193
333,193
1,194
333,194
0,195
334,195
0,196
334,196
0,197
334,197
1,198
334,198
0,199
334,199
1,200
334,200
0,201
334,201
1,202
335,202
1,203
336,203
1,204
336,204
2,205
336,205
2,206
337,206
3,207
337,207
3,208
337,208
3,209
336,209
4,210
336,210
339,210
4,211
337,211
338,211
340,211
5,212
339,212
341,212
388,212
389,212
5,213
338,213
340,213
382,213
383,213
384,213
386,213
387,213
390,213
6,214
339,214
340,214
379,214
380,214
381,214
385,214
391,214
392,214
6,215
341,215
378,215
393,215
6,216
342,216
377,216
394,216
7,217
343,217
376,217
395,217
7,218
343,218
373,218
374,218
375,218
395,218
8,219
344,219
370,219
372,219
396,219
9,220
345,220
367,220
368,220
369,220
371,220
396,220
10,221
200,221
201,221
207,221
208,221
209,221
210,221
211,221
212,221
213,221
214,221
215,221
346,221
366,221
397,221
10,222
72,222
73,222
74,222
194,222
195,222
196,222
197,222
198,222
199,222
202,222
203,222
204,222
205,222
206,222
216,222
217,222
218,222
219,222
220,222
221,222
222,222
223,222
224,222
225,222
226,222
227,222
347,222
348,222
364,222
365,222
397,222
11,223
66,223
67,223
68,223
69,223
70,223
71,223
75,223
186,223
187,223
192,223
193,223
228,223
229,223
349,223
362,223
363,223
398,223
12,224
59,224
60,224
62,224
63,224
64,224
65,224
76,224
77,224
78,224
79,224
182,224
183,224
184,224
185,224
188,224
189,224
190,224
191,224
230,224
231,224
350,224
361,224
398,224
13,225
58,225
61,225
80,225
180,225
181,225
232,225
233,225
351,225
352,225
353,225
354,225
355,225
359,225
360,225
398,225
14,226
55,226
56,226
57,226
81,226
177,226
178,226
179,226
234,226
235,226
236,226
237,226
356,226
357,226
358,226
398,226
15,227
53,227
54,227
82,227
175,227
176,227
238,227
239,227
240,227
241,227
242,227
243,227
398,227
16,228
51,228
52,228
83,228
174,228
244,228
399,228
16,229
46,229
47,229
48,229
49,229
50,229
84,229
172,229
173,229
244,229
398,229
17,230
18,230
43,230
44,230
45,230
85,230
170,230
171,230
245,230
246,230
398,230
19,231
41,231
42,231
85,231
169,231
247,231
248,231
398,231
20,232
39,232
40,232
85,232
168,232
249,232
398,232
20,233
22,233
23,233
24,233
25,233
36,233
37,233
38,233
86,233
167,233
250,233
251,233
398,233
21,234
26,234
27,234
28,234
29,234
30,234
31,234
32,234
33,234
34,234
35,234
86,234
166,234
252,234
398,234
86,235
165,235
252,235
398,235
86,236
165,236
253,236
254,236
398,236
87,237
165,237
255,237
398,237
87,238
164,238
255,238
398,238
87,239
163,239
255,239
398,239
88,240
163,240
256,240
398,240
88,241
162,241
257,241
399,241
89,242
162,242
257,242
399,242
89,243
162,243
257,243
398,243
89,244
162,244
258,244
398,244
89,245
162,245
258,245
398,245
88,246
162,246
258,246
398,246
88,247
159,247
162,247
259,247
398,247
88,248
158,248
160,248
162,248
259,248
398,248
88,249
159,249
162,249
259,249
398,249
88,250
161,250
259,250
398,250
89,251
160,251
162,251
163,251
258,251
398,251
89,252
161,252
164,252
257,252
398,252
89,253
164,253
256,253
397,253
89,254
165,254
255,254
398,254
89,255
166,255
255,255
398,255
89,256
166,256
254,256
398,256
89,257
167,257
254,257
397,257
89,258
168,258
253,258
397,258
89,259
168,259
252,259
397,259
89,260
169,260
251,260
397,260
90,261
170,261
250,261
397,261
90,262
171,262
249,262
397,262
89,263
171,263
249,263
397,263
89,264
171,264
249,264
397,264
89,265
172,265
248,265
397,265
89,266
172,266
246,266
247,266
397,266
89,267
173,267
245,267
397,267
90,268
173,268
245,268
397,268
90,269
174,269
244,269
397,269
90,270
175,270
243,270
397,270
91,271
176,271
243,271
396,271
91,272
177,272
243,272
396,272
91,273
177,273
242,273
396,273
91,274
177,274
241,274
396,274
91,275
178,275
241,275
396,275
91,276
178,276
240,276
396,276
91,277
177,277
240,277
396,277
91,278
178,278
240,278
396,278
91,279
178,279
239,279
396,279
91,280
179,280
238,280
396,280
92,281
179,281
238,281
396,281
92,282
179,282
238,282
396,282
92,283
179,283
238,283
396,283
92,284
179,284
238,284
396,284
92,285
179,285
238,285
395,285
93,286
178,286
238,286
395,286
93,287
178,287
238,287
395,287
92,288
178,288
239,288
395,288
92,289
178,289
239,289
395,289
93,290
178,290
240,290
395,290
93,291
177,291
241,291
394,291
92,292
176,292
242,292
394,292
92,293
176,293
241,293
394,293
92,294
175,294
241,294
394,294
92,295
174,295
242,295
394,295
93,296
173,296
243,296
244,296
245,296
395,296
93,297
172,297
246,297
396,297
93,298
170,298
171,298
247,298
248,298
249,298
250,298
395,298
93,299
168,299
169,299
251,299
252,299
393,299
394,299
93,300
166,300
167,300
253,300
254,300
392,300
93,301
164,301
165,301
255,301
256,301
257,301
258,301
259,301
260,301
261,301
262,301
263,301
264,301
265,301
266,301
267,301
268,301
278,301
279,301
280,301
281,301
282,301
286,301
287,301
288,301
289,301
290,301
293,301
294,301
295,301
296,301
300,301
301,301
302,301
303,301
304,301
305,301
306,301
307,301
308,301
309,301
310,301
314,301
315,301
316,301
317,301
318,301
319,301
320,301
321,301
322,301
323,301
324,301
330,301
331,301
332,301
333,301
334,301
335,301
336,301
337,301
338,301
339,301
343,301
344,301
345,301
346,301
347,301
348,301
349,301
350,301
351,301
352,301
353,301
363,301
364,301
365,301
366,301
367,301
373,301
374,301
375,301
376,301
377,301
378,301
379,301
380,301
381,301
386,301
387,301
388,301
389,301
390,301
391,301
94,302
95,302
96,302
97,302
98,302
99,302
100,302
111,302
112,302
113,302
114,302
126,302
127,302
128,302
137,302
138,302
141,302
142,302
154,302
155,302
156,302
161,302
162,302
163,302
269,302
270,302
271,302
272,302
273,302
274,302
275,302
276,302
277,302
283,302
284,302
285,302
291,302
292,302
297,302
298,302
299,302
311,302
312,302
313,302
325,302
326,302
327,302
328,302
329,302
340,302
341,302
342,302
354,302
355,302
356,302
357,302
358,302
359,302
360,302
361,302
362,302
368,302
369,302
370,302
371,302
372,302
382,302
383,302
384,302
385,302
101,303
102,303
103,303
104,303
105,303
106,303
107,303
108,303
109,303
110,303
115,303
116,303
117,303
118,303
119,303
120,303
121,303
122,303
123,303
124,303
125,303
129,303
130,303
131,303
132,303
133,303
134,303
135,303
136,303
139,303
140,303
143,303
144,303
145,303
146,303
147,303
148,303
149,303
150,303
151,303
152,303
153,303
157,303
158,303
159,303
160,303