2,0
2,1
2,2
3,3
3,4
3,5
3,6
3,7
3,8
3,9
3,10
3,11
3,12
3,13
3,14
2,15
2,16
2,17
2,18
2,19
2,20
2,21
2,22
2,23
2,24
2,25
2,26
2,27
2,28
2,29
2,30
2,31
1,32
1,33
1,34
1,35
1,36
1,37
1,38
1,39
1,40
1,41
1,42
1,43
2,44
1,45
2,46
2,47
2,48
2,49
1,50
1,51
1,52
1,53
2,54
2,55
2,56
2,57
48,57
49,57
2,58
45,58
46,58
47,58
50,58
51,58
52,58
53,58
54,58
55,58
56,58
2,59
44,59
57,59
58,59
2,60
41,60
42,60
43,60
59,60
60,60
2,61
40,61
61,61
3,62
39,62
62,62
63,62
3,63
37,63
38,63
64,63
3,64
36,64
65,64
4,65
34,65
35,65
66,65
3,66
31,66
32,66
33,66
67,66
4,67
29,67
30,67
67,67
4,68
28,68
67,68
5,69
26,69
27,69
68,69
6,70
25,70
69,70
7,71
22,71
23,71
24,71
70,71
8,72
9,72
19,72
20,72
21,72
70,72
10,73
11,73
12,73
13,73
14,73
15,73
17,73
18,73
71,73
16,74
71,74
71,75
72,76
72,77
73,78
73,79
73,80
74,81
74,82
75,83
75,84
74,85
74,86
75,87
75,88
75,89
76,90
75,91
76,92
76,93
76,94
76,95
76,96
76,97
76,98
76,99
77,100
76,101
75,102
75,103
76,104
76,105
76,106
76,107
76,108
76,109
76,110
76,111
76,112
76,113
76,114
76,115
76,116
76,117
76,118
75,119
75,120
75,121
75,122
75,123
75,124
75,125
75,126
75,127
75,128
74,129
74,130
74,131
74,132
74,133
73,134
72,135
72,136
72,137
72,138
71,139
11,140
12,140
71,140
9,141
10,141
13,141
14,141
70,141
7,142
8,142
15,142
16,142
17,142
18,142
19,142
20,142
21,142
22,142
70,142
6,143
23,143
24,143
25,143
70,143
6,144
26,144
27,144
70,144
5,145
28,145
69,145
5,146
29,146
69,146
4,147
30,147
68,147
4,148
30,148
68,148
3,149
31,149
32,149
67,149
2,150
33,150
66,150
2,151
34,151
66,151
2,152
35,152
36,152
62,152
63,152
64,152
65,152
1,153
37,153
61,153
1,154
38,154
39,154
60,154
1,155
40,155
59,155
1,156
41,156
42,156
43,156
58,156
1,157
44,157
56,157
57,157
1,158
45,158
46,158
54,158
55,158
1,159
47,159
51,159
52,159
53,159
1,160
48,160
49,160
50,160
1,161
1,162
1,163
1,164
1,165
1,166
0,167
0,168
0,169
0,170
0,171
0,172
0,173
1,174
1,175
1,176
1,177
1,178
1,179
1,180
1,181
1,182
1,183
0,184
0,185
1,186
1,187
1,188
1,189
1,190
1,191
1,192
1,193
1,194
1,195
1,196
1,197
1,198
1,199
1,200
0,201
1,202
1,203
1,204
1,205
1,206
1,207
1,208
1,209
1,210
1,211
1,212
1,213
1,214
1,215
2,216
2,217
1,218
1,219
1,220
1,221
1,222
1,223
1,224
1,225
1,226
1,227
1,228
1,229
1,230
1,231
1,232
1,233
0,234
0,235
0,236
0,237
1,238
1,239
1,240
1,241
1,242
1,243
1,244
1,245
1,246
1,247
1,248
1,249
1,250
1,251
1,252
1,253