101,0
47,1
57,1
58,1
59,1
60,1
61,1
62,1
65,1
66,1
67,1
68,1
69,1
70,1
71,1
72,1
73,1
74,1
75,1
76,1
77,1
78,1
79,1
80,1
81,1
82,1
83,1
84,1
85,1
86,1
87,1
88,1
89,1
90,1
91,1
92,1
93,1
94,1
95,1
96,1
97,1
98,1
99,1
100,1
102,1
103,1
104,1
105,1
11,2
12,2
13,2
14,2
15,2
18,2
19,2
20,2
21,2
22,2
23,2
24,2
25,2
26,2
27,2
28,2
29,2
30,2
31,2
32,2
33,2
34,2
35,2
36,2
37,2
38,2
39,2
40,2
41,2
42,2
43,2
44,2
45,2
46,2
48,2
49,2
50,2
51,2
52,2
53,2
54,2
55,2
56,2
63,2
64,2
106,2
107,2
108,2
109,2
110,2
111,2
112,2
193,2
194,2
10,3
16,3
17,3
113,3
114,3
115,3
116,3
189,3
190,3
191,3
192,3
195,3
196,3
197,3
198,3
199,3
200,3
201,3
202,3
203,3
204,3
205,3
206,3
207,3
208,3
209,3
210,3
211,3
212,3
213,3
214,3
215,3
216,3
217,3
218,3
219,3
9,4
117,4
118,4
119,4
187,4
188,4
220,4
221,4
222,4
223,4
9,5
120,5
186,5
224,5
225,5
226,5
227,5
228,5
229,5
230,5
231,5
232,5
233,5
234,5
235,5
236,5
237,5
238,5
239,5
240,5
9,6
121,6
185,6
241,6
242,6
243,6
244,6
245,6
246,6
247,6
248,6
249,6
250,6
9,7
122,7
184,7
251,7
252,7
253,7
254,7
255,7
256,7
257,7
258,7
259,7
260,7
8,8
123,8
124,8
183,8
261,8
262,8
263,8
264,8
265,8
266,8
267,8
268,8
269,8
270,8
271,8
7,9
125,9
182,9
272,9
273,9
274,9
275,9
276,9
277,9
278,9
279,9
280,9
7,10
125,10
182,10
281,10
282,10
283,10
8,11
126,11
182,11
284,11
8,12
127,12
182,12
285,12
286,12
287,12
288,12
289,12
290,12
291,12
292,12
8,13
127,13
182,13
293,13
8,14
128,14
182,14
294,14
8,15
128,15
182,15
294,15
8,16
128,16
182,16
294,16
8,17
128,17
183,17
294,17
8,18
128,18
183,18
294,18
8,19
128,19
183,19
294,19
8,20
128,20
183,20
294,20
7,21
128,21
184,21
294,21
7,22
128,22
184,22
294,22
7,23
128,23
184,23
294,23
7,24
128,24
184,24
295,24
7,25
128,25
184,25
295,25
7,26
128,26
185,26
295,26
7,27
128,27
185,27
295,27
7,28
128,28
186,28
295,28
7,29
128,29
186,29
295,29
7,30
127,30
187,30
295,30
6,31
127,31
188,31
295,31
6,32
127,32
188,32
295,32
6,33
127,33
189,33
295,33
6,34
127,34
190,34
295,34
6,35
126,35
190,35
295,35
6,36
125,36
190,36
295,36
6,37
125,37
191,37
296,37
6,38
125,38
191,38
296,38
6,39
124,39
191,39
296,39
6,40
124,40
192,40
296,40
5,41
124,41
192,41
295,41
5,42
124,42
192,42
295,42
5,43
123,43
193,43
296,43
5,44
123,44
193,44
296,44
5,45
123,45
194,45
296,45
5,46
123,46
194,46
296,46
5,47
122,47
194,47
296,47
5,48
122,48
194,48
296,48
5,49
121,49
194,49
296,49
5,50
121,50
194,50
296,50
5,51
121,51
195,51
296,51
5,52
121,52
195,52
296,52
5,53
120,53
195,53
296,53
4,54
120,54
195,54
296,54
4,55
120,55
195,55
296,55
4,56
120,56
195,56
296,56
4,57
120,57
195,57
296,57
4,58
120,58
195,58
296,58
4,59
121,59
194,59
296,59
4,60
121,60
194,60
296,60
3,61
121,61
194,61
296,61
3,62
121,62
194,62
297,62
3,63
121,63
193,63
297,63
3,64
122,64
193,64
297,64
3,65
122,65
192,65
297,65
2,66
123,66
191,66
297,66
2,67
124,67
191,67
297,67
2,68
124,68
190,68
297,68
2,69
125,69
189,69
297,69
2,70
126,70
187,70
188,70
297,70
2,71
126,71
186,71
297,71
2,72
127,72
185,72
297,72
2,73
128,73
185,73
297,73
1,74
129,74
130,74
182,74
183,74
184,74
297,74
1,75
131,75
180,75
181,75
297,75
1,76
132,76
133,76
179,76
297,76
1,77
134,77
177,77
178,77
297,77
1,78
135,78
136,78
175,78
176,78
297,78
1,79
137,79
138,79
139,79
174,79
297,79
1,80
140,80
141,80
142,80
172,80
173,80
297,80
1,81
143,81
169,81
170,81
171,81
297,81
1,82
144,82
145,82
146,82
147,82
165,82
166,82
167,82
168,82
297,82
1,83
148,83
149,83
150,83
151,83
152,83
153,83
161,83
162,83
163,83
164,83
297,83
1,84
154,84
155,84
156,84
157,84
158,84
159,84
160,84
297,84
1,85
297,85
2,86
297,86
1,87
297,87
1,88
297,88
0,89
297,89
1,90
297,90
1,91
296,91
1,92
47,92
48,92
49,92
50,92
51,92
296,92
1,93
45,93
46,93
52,93
54,93
55,93
56,93
296,93
1,94
43,94
44,94
53,94
57,94
58,94
296,94
1,95
39,95
40,95
41,95
42,95
59,95
295,95
2,96
37,96
38,96
60,96
243,96
244,96
245,96
246,96
247,96
248,96
249,96
295,96
2,97
34,97
35,97
36,97
61,97
62,97
240,97
241,97
242,97
250,97
251,97
252,97
253,97
295,97
3,98
32,98
33,98
63,98
238,98
239,98
254,98
255,98
256,98
295,98
4,99
28,99
29,99
30,99
31,99
64,99
237,99
257,99
258,99
295,99
4,100
26,100
27,100
64,100
236,100
259,100
260,100
294,100
5,101
6,101
23,101
24,101
25,101
65,101
236,101
261,101
294,101
7,102
8,102
9,102
15,102
19,102
20,102
21,102
22,102
66,102
235,102
262,102
263,102
264,102
265,102
294,102
10,103
11,103
12,103
13,103
14,103
16,103
17,103
18,103
66,103
234,103
266,103
267,103
293,103
67,104
234,104
268,104
293,104
67,105
233,105
269,105
270,105
271,105
292,105
67,106
232,106
272,106
273,106
291,106
68,107
232,107
274,107
275,107
276,107
291,107
69,108
231,108
277,108
278,108
289,108
290,108
70,109
231,109
279,109
280,109
281,109
282,109
283,109
287,109
288,109
70,110
230,110
284,110
285,110
286,110
70,111
230,111
70,112
229,112
71,113
229,113
71,114
229,114
72,115
228,115
72,116
228,116
73,117
228,117
73,118
227,118
73,119
227,119
73,120
227,120
73,121
227,121
73,122
226,122
73,123
226,123
73,124
224,124
226,124
74,125
223,125
225,125
75,126
224,126
226,126
75,127
225,127
75,128
225,128
75,129
225,129
76,130
225,130
76,131
225,131
76,132
225,132
76,133
225,133
76,134
224,134
76,135
224,135
76,136
224,136
76,137
224,137
76,138
224,138
76,139
224,139
76,140
224,140
76,141
225,141
75,142
225,142
75,143
225,143
75,144
225,144
74,145
225,145
74,146
225,146
74,147
226,147
74,148
226,148
73,149
226,149
73,150
226,150
72,151
227,151
72,152
227,152
72,153
227,153
71,154
227,154
71,155
227,155
71,156
228,156
71,157
229,157
70,158
229,158
70,159
229,159
10,160
11,160
12,160
13,160
14,160
69,160
229,160
8,161
9,161
15,161
16,161
17,161
18,161
19,161
20,161
68,161
230,161
7,162
21,162
68,162
230,162
7,163
22,163
23,163
24,163
68,163
231,163
6,164
25,164
67,164
231,164
6,165
26,165
27,165
28,165
67,165
231,165
5,166
29,166
30,166
66,166
232,166
5,167
31,167
32,167
66,167
233,167
4,168
33,168
34,168
65,168
233,168
281,168
282,168
283,168
4,169
35,169
36,169
64,169
234,169
276,169
277,169
278,169
279,169
280,169
284,169
285,169
286,169
4,170
37,170
63,170
234,170
275,170
287,170
288,170
289,170
3,171
38,171
39,171
40,171
62,171
235,171
273,171
274,171
290,171
291,171
3,172
41,172
61,172
236,172
269,172
270,172
271,172
272,172
292,172
3,173
42,173
43,173
44,173
61,173
237,173
266,173
267,173
268,173
293,173
3,174
45,174
46,174
53,174
54,174
55,174
56,174
57,174
58,174
59,174
60,174
237,174
265,174
293,174
2,175
47,175
48,175
49,175
50,175
51,175
52,175
238,175
263,175
264,175
294,175
2,176
239,176
260,176
261,176
262,176
294,176
2,177
240,177
258,177
259,177
295,177
1,178
241,178
242,178
243,178
244,178
255,178
256,178
257,178
295,178
0,179
245,179
252,179
253,179
254,179
295,179
0,180
246,180
247,180
248,180
249,180
250,180
251,180
295,180
0,181
294,181
1,182
294,182
1,183
144,183
145,183
146,183
151,183
294,183
1,184
141,184
142,184
143,184
147,184
148,184
149,184
150,184
152,184
153,184
154,184
155,184
295,184
1,185
138,185
139,185
140,185
156,185
157,185
158,185
159,185
295,185
1,186
136,186
137,186
160,186
295,186
1,187
134,187
135,187
161,187
162,187
163,187
295,187
1,188
131,188
132,188
133,188
164,188
165,188
295,188
2,189
129,189
130,189
166,189
167,189
295,189
2,190
128,190
168,190
295,190
2,191
127,191
169,191
295,191
2,192
124,192
125,192
126,192
170,192
171,192
172,192
173,192
295,192
2,193
123,193
174,193
295,193
2,194
122,194
175,194
295,194
2,195
121,195
176,195
295,195
2,196
116,196
120,196
177,196
295,196
2,197
115,197
117,197
119,197
177,197
295,197
2,198
116,198
118,198
178,198
295,198
2,199
116,199
178,199
295,199
2,200
116,200
179,200
295,200
3,201
113,201
115,201
180,201
295,201
3,202
112,202
114,202
179,202
294,202
3,203
113,203
179,203
294,203
3,204
114,204
180,204
294,204
3,205
113,205
180,205
294,205
3,206
113,206
180,206
294,206
3,207
112,207
180,207
294,207
3,208
112,208
180,208
294,208
3,209
111,209
181,209
294,209
3,210
111,210
181,210
294,210
3,211
110,211
181,211
294,211
4,212
110,212
181,212
293,212
4,213
110,213
181,213
293,213
4,214
110,214
180,214
293,214
4,215
110,215
180,215
293,215
4,216
109,216
180,216
293,216
4,217
109,217
179,217
293,217
4,218
109,218
179,218
293,218
4,219
109,219
179,219
293,219
4,220
109,220
179,220
293,220
4,221
110,221
179,221
293,221
4,222
110,222
179,222
292,222
4,223
110,223
179,223
292,223
4,224
110,224
179,224
292,224
4,225
111,225
178,225
292,225
4,226
111,226
178,226
292,226
5,227
112,227
177,227
291,227
5,228
112,228
176,228
291,228
5,229
113,229
176,229
291,229
5,230
113,230
175,230
291,230
5,231
114,231
174,231
291,231
5,232
114,232
173,232
290,232
5,233
115,233
172,233
290,233
5,234
115,234
172,234
290,234
5,235
116,235
172,235
290,235
5,236
116,236
172,236
290,236
5,237
117,237
171,237
290,237
5,238
117,238
170,238
290,238
5,239
117,239
170,239
290,239
5,240
118,240
170,240
290,240
5,241
118,241
169,241
289,241
5,242
119,242
169,242
289,242
5,243
119,243
168,243
289,243
5,244
119,244
167,244
289,244
6,245
120,245
167,245
289,245
6,246
120,246
166,246
289,246
6,247
120,247
166,247
289,247
6,248
120,248
166,248
288,248
6,249
120,249
166,249
288,249
6,250
120,250
165,250
288,250
6,251
120,251
165,251
288,251
6,252
120,252
165,252
288,252
6,253
120,253
164,253
288,253
6,254
120,254
164,254
288,254
6,255
120,255
164,255
286,255
288,255
6,256
119,256
164,256
285,256
287,256
6,257
119,257
164,257
286,257
7,258
119,258
164,258
287,258
7,259
117,259
118,259
165,259
287,259
7,260
116,260
166,260
287,260
7,261
115,261
166,261
287,261
7,262
113,262
114,262
167,262
287,262
7,263
111,263
112,263
168,263
286,263
8,264
108,264
109,264
110,264
168,264
286,264
8,265
101,265
102,265
103,265
105,265
106,265
107,265
169,265
170,265
171,265
286,265
9,266
70,266
71,266
72,266
73,266
74,266
75,266
76,266
77,266
78,266
80,266
81,266
82,266
83,266
84,266
85,266
86,266
87,266
88,266
89,266
90,266
91,266
92,266
93,266
94,266
95,266
96,266
97,266
98,266
99,266
100,266
104,266
172,266
173,266
286,266
10,267
11,267
12,267
13,267
14,267
36,267
37,267
38,267
39,267
40,267
41,267
42,267
43,267
44,267
45,267
46,267
47,267
48,267
49,267
50,267
51,267
52,267
53,267
54,267
55,267
56,267
57,267
58,267
59,267
60,267
61,267
62,267
63,267
64,267
65,267
66,267
67,267
68,267
69,267
79,267
174,267
175,267
176,267
285,267
15,268
16,268
17,268
18,268
19,268
20,268
21,268
22,268
23,268
24,268
25,268
26,268
27,268
28,268
29,268
30,268
31,268
32,268
33,268
34,268
35,268
177,268
178,268
179,268
180,268
181,268
285,268
182,269
183,269
184,269
185,269
186,269
187,269
188,269
193,269
285,269
189,270
190,270
191,270
192,270
194,270
284,270
195,271
196,271
197,271
198,271
199,271
200,271
201,271
202,271
203,271
204,271
205,271
206,271
207,271
208,271
209,271
210,271
211,271
212,271
284,271
213,272
214,272
215,272
216,272
217,272
218,272
219,272
220,272
221,272
222,272
223,272
224,272
225,272
226,272
229,272
230,272
231,272
232,272
233,272
284,272
227,273
228,273
234,273
235,273
236,273
237,273
238,273
239,273
240,273
241,273
242,273
243,273
244,273
245,273
246,273
247,273
248,273
249,273
250,273
251,273
283,273
252,274
253,274
254,274
255,274
256,274
257,274
258,274
259,274
260,274
261,274
262,274
263,274
264,274
265,274
266,274
267,274
268,274
269,274
270,274
271,274
274,274
283,274
272,275
273,275
275,275
276,275
277,275
278,275
279,275
280,275
281,275
282,275