7,0
7,1
7,2
7,3
7,4
7,5
7,6
6,7
6,8
6,9
6,10
6,11
6,12
6,13
6,14
6,15
6,16
7,17
7,18
7,19
7,20
7,21
6,22
6,23
6,24
6,25
6,26
7,27
7,28
7,29
7,30
7,31
7,32
7,33
7,34
7,35
7,36
8,37
7,38
7,39
7,40
7,41
7,42
7,43
7,44
7,45
7,46
7,47
7,48
7,49
7,50
7,51
8,52
7,53
6,54
6,55
6,56
7,57
7,58
7,59
7,60
7,61
7,62
7,63
7,64
7,65
7,66
8,67
8,68
7,69
7,70
7,71
58,71
59,71
60,71
7,72
54,72
55,72
57,72
61,72
8,73
52,73
53,73
56,73
62,73
63,73
64,73
8,74
50,74
51,74
65,74
66,74
9,75
49,75
67,75
9,76
44,76
48,76
68,76
9,77
43,77
45,77
46,77
47,77
69,77
9,78
41,78
42,78
70,78
10,79
39,79
40,79
71,79
10,80
38,80
71,80
11,81
35,81
36,81
37,81
72,81
12,82
34,82
72,82
13,83
29,83
32,83
33,83
73,83
14,84
24,84
25,84
26,84
27,84
28,84
30,84
31,84
74,84
15,85
16,85
17,85
18,85
19,85
20,85
21,85
22,85
23,85
74,85
75,86
75,87
75,88
75,89
76,90
76,91
76,92
76,93
76,94
76,95
76,96
77,97
77,98
77,99
77,100
77,101
76,102
76,103
76,104
76,105
77,106
77,107
77,108
77,109
77,110
77,111
77,112
77,113
77,114
77,115
77,116
77,117
76,118
76,119
76,120
76,121
76,122
76,123
76,124
76,125
75,126
75,127
75,128
75,129
75,130
75,131
75,132
75,133
74,134
74,135
73,136
9,137
10,137
11,137
72,137
6,138
7,138
8,138
12,138
13,138
14,138
15,138
16,138
17,138
18,138
72,138
5,139
19,139
20,139
72,139
5,140
21,140
22,140
23,140
72,140
4,141
24,141
72,141
4,142
25,142
72,142
3,143
26,143
71,143
3,144
27,144
71,144
2,145
28,145
29,145
71,145
2,146
30,146
70,146
1,147
31,147
70,147
1,148
32,148
68,148
69,148
1,149
33,149
67,149
1,150
34,150
67,150
1,151
35,151
36,151
67,151
1,152
37,152
66,152
0,153
38,153
66,153
0,154
39,154
65,154
1,155
40,155
65,155
1,156
41,156
42,156
64,156
1,157
43,157
63,157
1,158
44,158
62,158
1,159
45,159
61,159
1,160
46,160
47,160
48,160
57,160
59,160
60,160
1,161
49,161
50,161
51,161
52,161
53,161
54,161
55,161
56,161
58,161
0,162
0,163
0,164
0,165
1,166
1,167
1,168
1,169
1,170
1,171
1,172
1,173
1,174
1,175
2,176
2,177
1,178
1,179
1,180
1,181
2,182
1,183
2,184
2,185
2,186
2,187
2,188
2,189
2,190
2,191
2,192
3,193
2,194
2,195
2,196
2,197
2,198
2,199
3,200
3,201
3,202
3,203
3,204
3,205
3,206
3,207
3,208
2,209
2,210
2,211
2,212
2,213
3,214
3,215
3,216
3,217
3,218
3,219
4,220
4,221
4,222
4,223
4,224
3,225
3,226
3,227
3,228
3,229
3,230
3,231
3,232
3,233
3,234
3,235
3,236
3,237
3,238
3,239
3,240
3,241
3,242
3,243
3,244
3,245
3,246
3,247
3,248
3,249
3,250
4,251
4,252
4,253
4,254
4,255
3,256
3,257
3,258
3,259
3,260
3,261
4,262
4,263
4,264
4,265
4,266
4,267
4,268
4,269
4,270
5,271
4,272
4,273
4,274
4,275
4,276
4,277
4,278
4,279
4,280
4,281
4,282
4,283
4,284
4,285
4,286
3,287
3,288
4,289
4,290
4,291
4,292
4,293
4,294
5,295
6,296