75,0
75,1
75,2
75,3
73,4
74,4
72,5
72,6
72,7
71,8
70,9
70,10
70,11
69,12
68,13
68,14
67,15
66,16
66,17
66,18
66,19
65,20
64,21
64,22
64,23
64,24
63,25
62,26
62,27
62,28
61,29
60,30
60,31
60,32
59,33
58,34
58,35
58,36
57,37
57,38
56,39
56,40
56,41
55,42
54,43
54,44
54,45
53,46
53,47
52,48
52,49
51,50
51,51
51,52
51,53
50,54
49,55
49,56
49,57
49,58
48,59
48,60
48,61
48,62
47,63
46,64
46,65
46,66
45,67
45,68
45,69
45,70
45,71
44,72
45,73
45,74
45,75
44,76
45,77
45,78
45,79
45,80
45,81
45,82
46,83
46,84
83,84
84,84
85,84
86,84
87,84
88,84
89,84
46,85
80,85
82,85
90,85
91,85
92,85
93,85
94,85
47,86
79,86
81,86
95,86
96,86
48,87
49,87
76,87
77,87
78,87
97,87
98,87
50,88
71,88
73,88
74,88
75,88
99,88
51,89
52,89
53,89
70,89
72,89
100,89
101,89
54,90
55,90
56,90
57,90
60,90
61,90
62,90
65,90
66,90
67,90
68,90
69,90
102,90
58,91
59,91
63,91
64,91
102,91
103,92
103,93
104,94
105,95
104,96
105,97
105,98
106,99
107,100
106,101
106,102
106,103
107,104
106,105
106,106
107,107
107,108
108,109
107,110
107,111
108,112
108,113
107,114
107,115
107,116
107,117
107,118
107,119
107,120
107,121
107,122
106,123
106,124
106,125
106,126
106,127
105,128
105,129
105,130
105,131
104,132
104,133
104,134
104,135
103,136
103,137
103,138
103,139
103,140
102,141
102,142
102,143
101,144
100,145
100,146
99,147
99,148
32,149
33,149
34,149
35,149
36,149
98,149
28,150
29,150
30,150
31,150
37,150
98,150
27,151
38,151
39,151
40,151
41,151
98,151
26,152
42,152
98,152
26,153
43,153
44,153
98,153
24,154
25,154
45,154
46,154
97,154
23,155
47,155
48,155
96,155
23,156
49,156
95,156
22,157
49,157
95,157
21,158
50,158
94,158
20,159
51,159
94,159
20,160
52,160
94,160
20,161
53,161
92,161
93,161
19,162
54,162
91,162
18,163
54,163
91,163
18,164
55,164
91,164
18,165
56,165
57,165
58,165
89,165
90,165
18,166
59,166
88,166
17,167
59,167
88,167
16,168
59,168
84,168
86,168
87,168
16,169
59,169
83,169
85,169
16,170
60,170
82,170
15,171
61,171
82,171
15,172
62,172
79,172
81,172
15,173
63,173
64,173
75,173
76,173
77,173
78,173
80,173
15,174
65,174
66,174
74,174
14,175
67,175
68,175
69,175
70,175
71,175
72,175
73,175
14,176
14,177
14,178
14,179
13,180
13,181
13,182
13,183
12,184
11,185
11,186
11,187
10,188
10,189
10,190
10,191
10,192
9,193
9,194
9,195
9,196
8,197
8,198
8,199
8,200
7,201
7,202
7,203
7,204
7,205
6,206
6,207
6,208
6,209
5,210
5,211
5,212
4,213
3,214
3,215
3,216
3,217
3,218
2,219
2,220
2,221
2,222
1,223
1,224
1,225
1,226
0,227
0,228
0,229
1,230
1,231
2,232
3,232
4,233
5,233
6,234
7,234
8,234
9,234
10,234
11,235
12,236
13,236
14,236
15,237
16,237
17,237
18,238
19,239
20,239
21,239
22,239
23,239
24,240
25,240
26,241
27,241
28,242
29,242
30,242
31,242
32,243
33,243
34,243
35,243
36,244
37,245
38,245
39,245
40,245
41,246
42,246
43,246
44,246
45,247
46,248
47,248
48,248
49,249
50,249
51,249
52,249
53,250
54,251
55,251
56,251
57,251
58,252
59,252
60,252
61,252
62,253
63,253
64,253
65,253
66,254
67,255
68,255
69,255
70,255
71,256
72,256
73,256
74,256
75,257
76,257
77,257
78,257
79,257
80,258
81,259
82,259
83,259
84,260
85,260
86,260
87,261
88,262
89,262
90,262
91,262
92,263
93,264
94,265
95,265
96,265
97,266
98,267
99,267
100,268
101,269
101,270
102,271
102,272
103,273
104,274
103,275
103,276
103,277
103,278
102,279
102,280
102,281
102,282
100,283
101,283
99,284
99,285
99,286
97,287
98,287
96,288
95,289
95,290
92,291
93,291
94,291
91,292
91,293
90,294
88,295
89,295
86,296
87,296
85,297
85,298
82,299
83,299
84,299
81,300
80,301
78,302
79,302
77,303
77,304
76,305
75,306
73,307
74,307
72,308
72,309
71,310
70,311
71,312
71,313
71,314
71,315
70,316
71,317
72,318
72,319
72,320
73,321
74,322
75,323
75,324