84,0
84,1
84,2
83,3
83,4
83,5
83,6
83,7
83,8
83,9
83,10
83,11
83,12
82,13
82,14
82,15
82,16
82,17
82,18
82,19
81,20
81,21
81,22
81,23
81,24
81,25
81,26
81,27
82,28
82,29
82,30
81,31
81,32
81,33
81,34
81,35
81,36
81,37
81,38
81,39
81,40
81,41
81,42
81,43
81,44
81,45
80,46
80,47
80,48
80,49
80,50
80,51
80,52
80,53
80,54
80,55
80,56
80,57
80,58
80,59
80,60
80,61
80,62
80,63
80,64
80,65
80,66
80,67
80,68
80,69
80,70
80,71
79,72
79,73
79,74
79,75
79,76
79,77
78,78
78,79
78,80
20,81
21,81
22,81
23,81
24,81
25,81
26,81
27,81
28,81
29,81
78,81
17,82
18,82
19,82
30,82
31,82
32,82
33,82
34,82
35,82
77,82
79,82
14,83
15,83
16,83
36,83
37,83
78,83
80,83
13,84
38,84
39,84
77,84
79,84
12,85
40,85
41,85
76,85
11,86
42,86
43,86
76,86
10,87
44,87
45,87
77,87
9,88
46,88
47,88
48,88
49,88
50,88
51,88
77,88
9,89
52,89
76,89
8,90
53,90
54,90
74,90
75,90
7,91
55,91
56,91
73,91
6,92
57,92
58,92
73,92
5,93
59,93
60,93
61,93
71,93
72,93
5,94
62,94
63,94
64,94
65,94
69,94
70,94
5,95
66,95
67,95
68,95
4,96
4,97
3,98
3,99
2,100
2,101
1,102
1,103
1,104
1,105
0,106
0,107
0,108
0,109
0,110
0,111
0,112
0,113
0,114
0,115
0,116
1,117
2,118
2,119
2,120
2,121
2,122
3,123
3,124
4,125
4,126
4,127
5,128
5,129
5,130
6,131
6,132
7,133
7,134
8,135
9,136
9,137
10,138
10,139
11,140
11,141
66,141
67,141
68,141
69,141
70,141
12,142
61,142
62,142
63,142
64,142
65,142
71,142
72,142
13,143
55,143
56,143
57,143
58,143
59,143
60,143
73,143
74,143
13,144
54,144
75,144
14,145
52,145
53,145
76,145
15,146
51,146
77,146
16,147
17,147
50,147
78,147
18,148
49,148
79,148
19,149
47,149
48,149
79,149
20,150
21,150
45,150
46,150
79,150
22,151
23,151
44,151
79,151
24,152
25,152
42,152
43,152
80,152
26,153
27,153
39,153
40,153
41,153
80,153
28,154
29,154
30,154
31,154
32,154
33,154
34,154
35,154
36,154
37,154
38,154
80,154
80,155
80,156
80,157
80,158
80,159
80,160
80,161
80,162
80,163
80,164
80,165
80,166
80,167
80,168
80,169
80,170
80,171
80,172
80,173
80,174
80,175
81,176
81,177
81,178
81,179
81,180
81,181
81,182
81,183
81,184
81,185
80,186
80,187
80,188
80,189
80,190
80,191
80,192
80,193
80,194
80,195
80,196
80,197
80,198
80,199
80,200
80,201
79,202
79,203
80,204
81,205
81,206
80,207
80,208
80,209
80,210
80,211
80,212
80,213
80,214
80,215
80,216
80,217
80,218
80,219
80,220
80,221
80,222
80,223
80,224
80,225
80,226
80,227
80,228
80,229
79,230
80,231
80,232
80,233
80,234
81,235
81,236
81,237
81,238
81,239
81,240
81,241
81,242
81,243
81,244
81,245
81,246
80,247
80,248
80,249
80,250
81,251
81,252
81,253
81,254
81,255
81,256
81,257
81,258
81,259
81,260
81,261
81,262
81,263
81,264
82,265
82,266
82,267