4,0
4,1
4,2
4,3
4,4
4,5
4,6
4,7
4,8
4,9
4,10
4,11
4,12
4,13
4,14
4,15
4,16
4,17
4,18
4,19
5,20
6,21
6,22
6,23
6,24
6,25
6,26
6,27
7,28
7,29
7,30
7,31
7,32
7,33
7,34
7,35
7,36
7,37
7,38
7,39
7,40
7,41
7,42
7,43
8,44
8,45
9,46
9,47
9,48
9,49
9,50
9,51
9,52
10,53
10,54
10,55
62,55
10,56
61,56
63,56
64,56
65,56
66,56
10,57
59,57
60,57
67,57
68,57
11,58
56,58
57,58
58,58
69,58
11,59
52,59
53,59
54,59
55,59
70,59
12,60
49,60
50,60
51,60
71,60
72,60
73,60
12,61
44,61
45,61
46,61
47,61
48,61
74,61
12,62
40,62
41,62
42,62
43,62
75,62
13,63
39,63
76,63
13,64
38,64
77,64
78,64
14,65
15,65
37,65
79,65
16,66
17,66
34,66
35,66
36,66
79,66
18,67
19,67
20,67
29,67
30,67
31,67
32,67
33,67
79,67
21,68
22,68
23,68
24,68
25,68
26,68
27,68
28,68
80,68
80,69
81,70
82,70
83,71
83,72
84,73
84,74
85,75
86,76
86,77
86,78
87,79
87,80
87,81
88,82
88,83
88,84
89,85
89,86
90,87
90,88
90,89
90,90
90,91
90,92
90,93
90,94
90,95
90,96
89,97
89,98
89,99
88,100
88,101
88,102
88,103
87,104
87,105
86,106
85,107
85,108
85,109
85,110
85,111
85,112
84,113
84,114
83,115
83,116
82,117
81,118
80,119
80,120
18,121
19,121
20,121
21,121
22,121
79,121
16,122
17,122
23,122
24,122
25,122
26,122
27,122
28,122
78,122
15,123
29,123
30,123
31,123
77,123
13,124
14,124
32,124
33,124
76,124
12,125
34,125
35,125
36,125
75,125
11,126
37,126
38,126
74,126
10,127
39,127
40,127
41,127
42,127
43,127
73,127
10,128
44,128
71,128
72,128
10,129
45,129
46,129
47,129
69,129
70,129
9,130
48,130
49,130
50,130
51,130
67,130
68,130
9,131
52,131
53,131
64,131
65,131
66,131
8,132
54,132
55,132
56,132
63,132
8,133
57,133
58,133
59,133
60,133
61,133
62,133
9,134
8,135
8,136
8,137
8,138
7,139
7,140
7,141
7,142
6,143
6,144
6,145
6,146
6,147
6,148
5,149
5,150
5,151
5,152
5,153
5,154
5,155
4,156
5,157
5,158
5,159
5,160
5,161
5,162
5,163
5,164
4,165
4,166
4,167
4,168
4,169
4,170
4,171
4,172
3,173
3,174
3,175
3,176
3,177
3,178
4,179
4,180
4,181
4,182
3,183
3,184
3,185
3,186
3,187
3,188
2,189
2,190
2,191
2,192
2,193
2,194
2,195
2,196
2,197
1,198
1,199
1,200
1,201
2,202
1,203
0,204
0,205
0,206
1,207
1,208
1,209
2,210