87,0
87,1
87,2
87,3
87,4
87,5
87,6
87,7
87,8
87,9
87,10
87,11
87,12
86,13
86,14
86,15
87,16
87,17
87,18
87,19
87,20
86,21
86,22
86,23
86,24
86,25
85,26
85,27
85,28
85,29
85,30
85,31
85,32
86,33
86,34
86,35
85,36
85,37
85,38
85,39
85,40
84,41
84,42
84,43
84,44
84,45
84,46
84,47
83,48
83,49
84,50
84,51
84,52
25,53
26,53
84,53
19,54
20,54
21,54
22,54
23,54
24,54
27,54
28,54
29,54
84,54
17,55
18,55
30,55
31,55
83,55
15,56
16,56
32,56
84,56
14,57
33,57
34,57
83,57
13,58
35,58
83,58
12,59
36,59
83,59
10,60
11,60
37,60
38,60
82,60
9,61
39,61
82,61
9,62
40,62
82,62
8,63
41,63
42,63
43,63
81,63
8,64
44,64
81,64
7,65
45,65
81,65
7,66
46,66
47,66
81,66
6,67
48,67
49,67
80,67
5,68
50,68
80,68
6,69
51,69
52,69
79,69
5,70
53,70
78,70
5,71
54,71
77,71
4,72
55,72
56,72
76,72
4,73
57,73
58,73
59,73
60,73
61,73
76,73
4,74
62,74
63,74
64,74
74,74
75,74
3,75
65,75
66,75
67,75
68,75
69,75
70,75
71,75
72,75
73,75
3,76
2,77
2,78
2,79
2,80
1,81
1,82
1,83
0,84
0,85
1,86
1,87
1,88
1,89
0,90
0,91
0,92
0,93
0,94
0,95
0,96
0,97
0,98
0,99
0,100
0,101
1,102
1,103
1,104
1,105
1,106
1,107
1,108
2,109
2,110
2,111
2,112
3,113
3,114
3,115
3,116
3,117
62,117
63,117
64,117
65,117
66,117
67,117
68,117
69,117
70,117
4,118
60,118
61,118
71,118
72,118
73,118
5,119
58,119
59,119
74,119
75,119
5,120
55,120
56,120
57,120
76,120
77,120
6,121
54,121
78,121
6,122
51,122
52,122
53,122
78,122
6,123
49,123
50,123
79,123
6,124
47,124
48,124
79,124
7,125
46,125
80,125
7,126
44,126
45,126
80,126
8,127
43,127
80,127
9,128
43,128
81,128
10,129
41,129
42,129
81,129
11,130
40,130
81,130
11,131
38,131
39,131
81,131
12,132
36,132
37,132
81,132
13,133
14,133
34,133
35,133
82,133
15,134
16,134
33,134
83,134
17,135
31,135
32,135
83,135
18,136
19,136
29,136
30,136
83,136
20,137
21,137
22,137
27,137
28,137
83,137
23,138
24,138
25,138
26,138
83,138
83,139
83,140
83,141
83,142
83,143
83,144
83,145
83,146
83,147
83,148
83,149
84,150
84,151
84,152
84,153
84,154
84,155
84,156
84,157
83,158
83,159
83,160
83,161
83,162
83,163
84,164
83,165
83,166
84,167
84,168
84,169
84,170
84,171
84,172
84,173
84,174
84,175
84,176
84,177
84,178
84,179
84,180
84,181
84,182
84,183
85,184
85,185
85,186
85,187
85,188
85,189
85,190
85,191
85,192
85,193
85,194
85,195
85,196
85,197
85,198
85,199
86,200
86,201
85,202
85,203
85,204
85,205
85,206
85,207
85,208
85,209
85,210
85,211
85,212
85,213
85,214
85,215
85,216
85,217
85,218
85,219
86,220
86,221
86,222
85,223
85,224
85,225
85,226
85,227
85,228
85,229
85,230
85,231
85,232
85,233
86,234
86,235
86,236
86,237
86,238
86,239
86,240
86,241
86,242
86,243
86,244
86,245