58,0
57,1
57,2
57,3
57,4
57,5
57,6
56,7
56,8
56,9
56,10
56,11
55,12
54,13
54,14
54,15
54,16
54,17
53,18
53,19
53,20
53,21
53,22
54,23
53,24
52,25
52,26
52,27
52,28
52,29
51,30
51,31
51,32
51,33
51,34
51,35
50,36
49,37
49,38
49,39
49,40
49,41
49,42
48,43
48,44
48,45
48,46
47,47
47,48
47,49
47,50
47,51
47,52
46,53
46,54
45,55
45,56
45,57
45,58
44,59
44,60
44,61
44,62
44,63
43,64
43,65
43,66
43,67
43,68
43,69
42,70
42,71
42,72
42,73
42,74
42,75
41,76
41,77
41,78
41,79
42,80
42,81
41,82
41,83
41,84
41,85
42,86
86,86
43,87
84,87
85,87
87,87
88,87
89,87
90,87
91,87
42,88
82,88
83,88
92,88
93,88
42,89
79,89
80,89
81,89
94,89
95,89
96,89
43,90
74,90
76,90
77,90
78,90
97,90
44,91
73,91
75,91
98,91
45,92
72,92
98,92
45,93
71,93
99,93
100,93
46,94
47,94
67,94
68,94
69,94
70,94
101,94
48,95
49,95
50,95
52,95
53,95
56,95
62,95
64,95
65,95
66,95
101,95
51,96
54,96
55,96
57,96
58,96
59,96
60,96
61,96
63,96
102,96
103,97
103,98
103,99
103,100
104,101
104,102
105,103
105,104
105,105
105,106
106,107
106,108
107,109
107,110
106,111
106,112
107,113
107,114
107,115
106,116
106,117
107,118
107,119
107,120
107,121
106,122
106,123
107,124
107,125
107,126
107,127
106,128
105,129
106,130
106,131
106,132
106,133
105,134
105,135
105,136
105,137
105,138
105,139
104,140
104,141
104,142
104,143
103,144
102,145
102,146
102,147
102,148
102,149
102,150
101,151
101,152
101,153
101,154
37,155
38,155
39,155
101,155
33,156
34,156
35,156
36,156
40,156
101,156
30,157
31,157
32,157
41,157
42,157
100,157
29,158
43,158
99,158
29,159
44,159
99,159
28,160
45,160
99,160
27,161
46,161
47,161
98,161
26,162
48,162
49,162
97,162
25,163
50,163
97,163
24,164
50,164
96,164
24,165
51,165
96,165
24,166
52,166
96,166
24,167
53,167
95,167
23,168
54,168
94,168
22,169
55,169
94,169
22,170
55,170
94,170
21,171
55,171
93,171
21,172
56,172
93,172
20,173
57,173
90,173
92,173
20,174
58,174
89,174
91,174
20,175
59,175
89,175
20,176
60,176
88,176
20,177
60,177
87,177
20,178
61,178
86,178
19,179
62,179
83,179
84,179
85,179
19,180
63,180
82,180
19,181
64,181
65,181
81,181
19,182
66,182
77,182
78,182
79,182
80,182
19,183
66,183
72,183
75,183
76,183
18,184
67,184
68,184
69,184
70,184
71,184
73,184
74,184
17,185
17,186
17,187
17,188
17,189
16,190
16,191
16,192
16,193
16,194
16,195
15,196
15,197
15,198
15,199
15,200
15,201
14,202
14,203
13,204
13,205
13,206
13,207
12,208
12,209
12,210
12,211
12,212
11,213
10,214
10,215
10,216
10,217
11,218
10,219
10,220
10,221
9,222
9,223
9,224
8,225
8,226
8,227
8,228
8,229
8,230
7,231
7,232
7,233
7,234
6,235
5,236
5,237
5,238
5,239
6,240
6,241
5,242
5,243
5,244
5,245
5,246
5,247
4,248
3,249
3,250
3,251
3,252
3,253
2,254
2,255
2,256
2,257
2,258
1,259
1,260
1,261
1,262
1,263
1,264
0,265
1,266
2,267
3,268
4,268
5,268
6,268
7,269
8,269
9,269
10,269
11,269
12,269
13,270
14,271
15,272
16,272
17,272
18,273
19,273
20,274
21,274
22,274
23,274
24,275
25,275
26,275
27,276
28,276
29,277
30,277
31,278
32,278
33,278
34,278
35,279
36,279
37,279
38,280
39,280
40,280
41,281
42,281
43,282
44,282
45,282
46,283
47,284
48,284
49,284
50,284
51,284
52,285
53,286
54,286
55,287
56,287
57,287
58,288
59,288
60,288
61,288
62,289
63,290
64,290
65,290
66,290
67,290
68,291
69,292
70,292
71,292
72,292
73,293
74,293
75,294
76,295
77,296
78,296
79,296
80,297
81,298
82,299
83,300
84,301
85,302
86,303
86,304
87,305
88,306
89,307
88,308
89,309
89,310
89,311
89,312
88,313
88,314
88,315
87,316
87,317
87,318
86,319
85,320
84,321
84,322
83,323
83,324
81,325
82,325
80,326
79,327
79,328
77,329
78,329
76,330
75,331
74,332
73,333
72,334
70,335
71,335
69,336
68,337
67,338