62,0
61,1
61,2
62,3
63,4
63,5
63,6
62,7
63,8
63,9
64,10
64,11
64,12
64,13
64,14
64,15
64,16
64,17
64,18
64,19
64,20
64,21
64,22
65,23
65,24
65,25
64,26
65,27
65,28
65,29
65,30
66,31
66,32
66,33
66,34
66,35
66,36
67,37
67,38
66,39
66,40
67,41
67,42
67,43
67,44
67,45
67,46
67,47
67,48
68,49
68,50
67,51
67,52
68,53
68,54
68,55
68,56
69,57
68,58
68,59
69,60
69,61
69,62
69,63
68,64
68,65
68,66
69,67
69,68
69,69
68,70
68,71
68,72
20,73
21,73
68,73
17,74
18,74
19,74
22,74
68,74
15,75
16,75
23,75
24,75
25,75
26,75
68,75
14,76
27,76
68,76
13,77
28,77
67,77
11,78
12,78
29,78
30,78
31,78
67,78
10,79
32,79
66,79
10,80
33,80
66,80
9,81
34,81
66,81
8,82
35,82
36,82
37,82
66,82
7,83
38,83
65,83
6,84
39,84
64,84
5,85
40,85
41,85
42,85
63,85
5,86
43,86
44,86
63,86
5,87
45,87
62,87
4,88
46,88
62,88
4,89
47,89
48,89
49,89
50,89
58,89
60,89
61,89
3,90
51,90
56,90
57,90
59,90
3,91
52,91
53,91
54,91
55,91
3,92
2,93
2,94
2,95
1,96
1,97
1,98
1,99
1,100
1,101
0,102
0,103
0,104
0,105
0,106
0,107
0,108
0,109
0,110
0,111
1,112
1,113
1,114
0,115
0,116
0,117
1,118
1,119
2,120
1,121
2,122
2,123
3,124
4,125
5,126
5,127
5,128
47,128
48,128
50,128
51,128
52,128
53,128
54,128
5,129
46,129
49,129
55,129
56,129
5,130
42,130
43,130
44,130
45,130
57,130
58,130
6,131
41,131
59,131
7,132
40,132
58,132
8,133
38,133
39,133
59,133
9,134
35,134
37,134
60,134
10,135
32,135
33,135
34,135
36,135
61,135
11,136
29,136
30,136
31,136
61,136
12,137
28,137
62,137
13,138
14,138
27,138
63,138
15,139
16,139
22,139
26,139
62,139
17,140
18,140
19,140
20,140
21,140
23,140
24,140
25,140
62,140
63,141
63,142
63,143
63,144
63,145
63,146
63,147
64,148
64,149
64,150
63,151
63,152
63,153
63,154
63,155
64,156
64,157
63,158
63,159
63,160
63,161
63,162
64,163
63,164
63,165
63,166
63,167
63,168
64,169
63,170
63,171
63,172
63,173
63,174
63,175
62,176
63,177
63,178
63,179
63,180
63,181
62,182
62,183
62,184
63,185
63,186
63,187
63,188
62,189
62,190
62,191
63,192
63,193
63,194
62,195
62,196
62,197
62,198
62,199
62,200
62,201
62,202
62,203
62,204
62,205
62,206
62,207
62,208
62,209
62,210
62,211
62,212
62,213
61,214
61,215
61,216
61,217
61,218
61,219
60,220
61,221
61,222
61,223
61,224
61,225
60,226
60,227
61,228
61,229
61,230
61,231
61,232