95,0
95,1
95,2
94,3
94,4
93,5
93,6
93,7
93,8
93,9
93,10
92,11
92,12
92,13
92,14
92,15
92,16
92,17
91,18
91,19
90,20
90,21
90,22
90,23
90,24
90,25
90,26
90,27
89,28
89,29
89,30
89,31
89,32
89,33
88,34
88,35
87,36
87,37
87,38
87,39
87,40
87,41
87,42
87,43
87,44
87,45
87,46
86,47
86,48
85,49
85,50
85,51
85,52
85,53
84,54
84,55
84,56
84,57
84,58
84,59
83,60
24,61
25,61
83,61
21,62
22,62
23,62
26,62
27,62
28,62
29,62
30,62
31,62
32,62
33,62
34,62
35,62
36,62
82,62
19,63
20,63
37,63
38,63
39,63
81,63
18,64
40,64
41,64
81,64
17,65
42,65
43,65
80,65
16,66
44,66
45,66
46,66
47,66
80,66
15,67
48,67
49,67
80,67
14,68
50,68
51,68
52,68
53,68
79,68
13,69
54,69
79,69
12,70
55,70
56,70
57,70
78,70
11,71
58,71
59,71
60,71
77,71
10,72
61,72
62,72
63,72
76,72
9,73
64,73
65,73
66,73
67,73
68,73
74,73
75,73
9,74
69,74
70,74
71,74
72,74
73,74
7,75
8,75
6,76
6,77
5,78
5,79
5,80
4,81
4,82
4,83
3,84
3,85
3,86
2,87
2,88
1,89
1,90
1,91
0,92
0,93
0,94
0,95
0,96
0,97
0,98
0,99
0,100
1,101
1,102
1,103
0,104
0,105
1,106
1,107
2,108
2,109
3,110
3,111
4,112
4,113
5,114
6,115
7,116
7,117
7,118
7,119
8,120
9,121
9,122
10,123
11,124
64,124
65,124
66,124
68,124
69,124
70,124
71,124
72,124
73,124
74,124
75,124
76,124
77,124
78,124
12,125
60,125
61,125
62,125
63,125
67,125
79,125
13,126
58,126
59,126
80,126
14,127
56,127
57,127
81,127
14,128
55,128
81,128
15,129
16,129
51,129
52,129
53,129
54,129
81,129
17,130
49,130
50,130
81,130
18,131
47,131
48,131
82,131
19,132
45,132
46,132
83,132
20,133
42,133
43,133
44,133
83,133
21,134
22,134
37,134
39,134
40,134
41,134
83,134
23,135
24,135
32,135
33,135
34,135
35,135
36,135
38,135
83,135
25,136
26,136
27,136
28,136
29,136
30,136
31,136
83,136
83,137
83,138
84,139
84,140
84,141
84,142
85,143
85,144
85,145
85,146
85,147
86,148
86,149
85,150
85,151
85,152
85,153
85,154
85,155
86,156
86,157
86,158
86,159
86,160
87,161
87,162
87,163
87,164
86,165
86,166
86,167
87,168
87,169
87,170
87,171
87,172
87,173
88,174
88,175
88,176
88,177
88,178
88,179
88,180
88,181
88,182
88,183
89,184
89,185
89,186
89,187
89,188
90,189
90,190
90,191
90,192
90,193
90,194
90,195
90,196
90,197
90,198
90,199
90,200
90,201
90,202
91,203
92,204