70,0
70,1
70,2
70,3
70,4
70,5
70,6
70,7
70,8
70,9
70,10
70,11
70,12
70,13
70,14
70,15
70,16
71,17
71,18
71,19
71,20
71,21
71,22
71,23
71,24
71,25
71,26
71,27
71,28
72,29
72,30
72,31
72,32
72,33
72,34
72,35
72,36
72,37
72,38
72,39
72,40
72,41
72,42
72,43
72,44
72,45
72,46
72,47
72,48
72,49
73,50
73,51
73,52
73,53
73,54
73,55
73,56
73,57
73,58
73,59
73,60
73,61
73,62
74,63
73,64
73,65
73,66
73,67
73,68
73,69
73,70
73,71
73,72
73,73
73,74
73,75
73,76
73,77
73,78
73,79
73,80
73,81
73,82
73,83
73,84
73,85
74,86
74,87
74,88
74,89
74,90
74,91
74,92
74,93
74,94
74,95
74,96
74,97
74,98
74,99
74,100
74,101
75,102
75,103
75,104
75,105
75,106
75,107
75,108
75,109
75,110
74,111
74,112
75,113
75,114
75,115
75,116
75,117
75,118
75,119
75,120
75,121
75,122
75,123
75,124
75,125
75,126
75,127
75,128
75,129
75,130
19,131
20,131
21,131
22,131
23,131
24,131
25,131
26,131
75,131
17,132
18,132
27,132
28,132
75,132
15,133
16,133
29,133
75,133
14,134
30,134
31,134
74,134
11,135
12,135
13,135
32,135
74,135
10,136
33,136
73,136
9,137
34,137
35,137
73,137
9,138
36,138
73,138
8,139
37,139
73,139
7,140
38,140
73,140
7,141
39,141
40,141
73,141
7,142
41,142
72,142
6,143
42,143
72,143
6,144
43,144
71,144
5,145
44,145
71,145
5,146
45,146
70,146
4,147
46,147
70,147
4,148
47,148
48,148
49,148
69,148
4,149
50,149
68,149
3,150
51,150
52,150
53,150
67,150
3,151
54,151
55,151
64,151
65,151
66,151
3,152
56,152
57,152
58,152
59,152
60,152
61,152
62,152
63,152
2,153
2,154
2,155
2,156
1,157
1,158
1,159
1,160
1,161
0,162
0,163
0,164
0,165
0,166
0,167
0,168
0,169
0,170
0,171
0,172
0,173
0,174
0,175
0,176
0,177
0,178
0,179
0,180
0,181
0,182
0,183
0,184
0,185
0,186
0,187
0,188
0,189
0,190
1,191
1,192
1,193
1,194
2,195
55,195
56,195
57,195
58,195
59,195
60,195
61,195
62,195
2,196
52,196
53,196
54,196
63,196
64,196
65,196
2,197
50,197
51,197
66,197
2,198
48,198
49,198
67,198
2,199
46,199
47,199
68,199
3,200
45,200
69,200
3,201
43,201
44,201
70,201
4,202
42,202
71,202
4,203
41,203
71,203
4,204
40,204
72,204
5,205
38,205
39,205
72,205
5,206
36,206
37,206
73,206
5,207
35,207
72,207
5,208
34,208
73,208
6,209
33,209
73,209
6,210
31,210
32,210
73,210
7,211
30,211
73,211
8,212
28,212
29,212
73,212
9,213
27,213
73,213
10,214
26,214
73,214
11,215
23,215
24,215
25,215
73,215
12,216
22,216
73,216
13,217
14,217
15,217
16,217
17,217
18,217
19,217
20,217
21,217
73,217
73,218
73,219
73,220
73,221
73,222
73,223
73,224
73,225
73,226
73,227
73,228
73,229
73,230
73,231
73,232
73,233
73,234
73,235
73,236
73,237
73,238
73,239
73,240
73,241
73,242
73,243
73,244
73,245
73,246
73,247
73,248
72,249
73,250
72,251
72,252
72,253
72,254
72,255
72,256
72,257
72,258
72,259
72,260
72,261
72,262
72,263
72,264
72,265
72,266
72,267
71,268
71,269
72,270
71,271
71,272
71,273
71,274
71,275
71,276
71,277
71,278
70,279
70,280
69,281
69,282
70,283
69,284
69,285
69,286
69,287
69,288
69,289
69,290
69,291
69,292
69,293
69,294
69,295
69,296
69,297
69,298