75,0
75,1
75,2
75,3
75,4
75,5
75,6
76,7
76,8
76,9
76,10
76,11
76,12
77,13
77,14
77,15
77,16
77,17
77,18
77,19
77,20
77,21
77,22
78,23
78,24
78,25
78,26
79,27
79,28
79,29
79,30
79,31
79,32
79,33
80,34
80,35
80,36
80,37
80,38
80,39
80,40
80,41
80,42
80,43
80,44
80,45
81,46
81,47
81,48
81,49
81,50
81,51
81,52
24,53
25,53
26,53
27,53
28,53
29,53
30,53
31,53
32,53
80,53
21,54
22,54
23,54
33,54
80,54
20,55
34,55
35,55
80,55
19,56
36,56
37,56
38,56
80,56
17,57
18,57
39,57
80,57
16,58
40,58
41,58
80,58
14,59
15,59
42,59
80,59
13,60
43,60
79,60
12,61
44,61
45,61
78,61
11,62
46,62
47,62
78,62
10,63
48,63
77,63
9,64
49,64
77,64
9,65
50,65
51,65
77,65
8,66
52,66
76,66
7,67
53,67
54,67
76,67
7,68
55,68
74,68
75,68
6,69
55,69
72,69
73,69
6,70
56,70
64,70
65,70
66,70
67,70
68,70
69,70
70,70
71,70
5,71
57,71
58,71
63,71
5,72
59,72
60,72
61,72
62,72
5,73
5,74
4,75
4,76
3,77
3,78
2,79
2,80
2,81
2,82
2,83
2,84
1,85
1,86
1,87
1,88
1,89
1,90
1,91
1,92
0,93
0,94
0,95
0,96
0,97
0,98
0,99
0,100
0,101
0,102
0,103
0,104
0,105
0,106
0,107
0,108
0,109
0,110
0,111
1,112
1,113
1,114
1,115
1,116
1,117
2,118
2,119
3,120
2,121
2,122
2,123
2,124
3,125
3,126
3,127
63,127
64,127
65,127
66,127
4,128
60,128
61,128
62,128
67,128
68,128
69,128
4,129
58,129
59,129
70,129
71,129
72,129
73,129
5,130
57,130
74,130
6,131
54,131
55,131
56,131
74,131
6,132
53,132
74,132
7,133
51,133
52,133
75,133
7,134
50,134
76,134
7,135
49,135
77,135
8,136
47,136
48,136
78,136
9,137
46,137
78,137
10,138
45,138
79,138
11,139
43,139
44,139
79,139
12,140
42,140
79,140
12,141
39,141
40,141
41,141
79,141
13,142
38,142
79,142
14,143
37,143
79,143
15,144
16,144
36,144
79,144
17,145
18,145
34,145
35,145
79,145
19,146
33,146
79,146
20,147
21,147
22,147
29,147
30,147
31,147
32,147
79,147
23,148
24,148
25,148
26,148
27,148
28,148
79,148
80,149
80,150
80,151
80,152
79,153
79,154
80,155
80,156
80,157
80,158
80,159
79,160
79,161
79,162
79,163
79,164
79,165
79,166
79,167
79,168
79,169
79,170
79,171
79,172
79,173
79,174
79,175
79,176
79,177
79,178
78,179
78,180
78,181
78,182
78,183
77,184
77,185
77,186
77,187
77,188
77,189
77,190
77,191
77,192
77,193
77,194
77,195
77,196
76,197
76,198
76,199
76,200
76,201
76,202
76,203
75,204
75,205
75,206
75,207
75,208
75,209
75,210
75,211
75,212
75,213
74,214
74,215
74,216
74,217
74,218
74,219
74,220
74,221
74,222
74,223
74,224
74,225
74,226
73,227
74,228
74,229
74,230
74,231
73,232
74,233
73,234
74,235
74,236
74,237
74,238
73,239
74,240
74,241
74,242
74,243