70,0
70,1
70,2
70,3
70,4
71,5
71,6
71,7
71,8
72,9
72,10
72,11
72,12
72,13
73,14
73,15
73,16
73,17
73,18
73,19
73,20
73,21
73,22
73,23
73,24
73,25
73,26
73,27
73,28
73,29
74,30
74,31
74,32
74,33
74,34
74,35
74,36
75,37
75,38
75,39
75,40
75,41
75,42
75,43
75,44
76,45
76,46
75,47
75,48
75,49
75,50
75,51
75,52
75,53
76,54
76,55
76,56
76,57
76,58
76,59
76,60
76,61
76,62
77,63
77,64
22,65
23,65
24,65
25,65
26,65
27,65
28,65
29,65
77,65
18,66
19,66
21,66
30,66
31,66
76,66
17,67
20,67
32,67
76,67
16,68
33,68
76,68
15,69
34,69
76,69
14,70
35,70
36,70
75,70
13,71
37,71
75,71
11,72
12,72
38,72
75,72
10,73
39,73
74,73
9,74
40,74
74,74
8,75
41,75
74,75
8,76
42,76
74,76
8,77
43,77
44,77
74,77
7,78
45,78
73,78
6,79
46,79
71,79
72,79
6,80
47,80
70,80
5,81
48,81
70,81
5,82
49,82
65,82
66,82
67,82
68,82
69,82
5,83
50,83
51,83
52,83
64,83
4,84
53,84
57,84
58,84
59,84
60,84
61,84
62,84
63,84
4,85
54,85
55,85
56,85
4,86
4,87
3,88
3,89
3,90
3,91
3,92
3,93
3,94
2,95
2,96
2,97
1,98
1,99
1,100
1,101
1,102
0,103
0,104
0,105
0,106
1,107
0,108
0,109
0,110
0,111
0,112
1,113
1,114
1,115
1,116
1,117
1,118
1,119
1,120
2,121
2,122
2,123
1,124
1,125
1,126
2,127
2,128
2,129
2,130
2,131
3,132
3,133
3,134
4,135
61,135
62,135
63,135
64,135
65,135
66,135
4,136
57,136
58,136
59,136
60,136
67,136
68,136
5,137
54,137
55,137
56,137
69,137
5,138
52,138
53,138
70,138
5,139
50,139
51,139
71,139
6,140
49,140
71,140
6,141
48,141
71,141
7,142
47,142
72,142
8,143
44,143
45,143
46,143
73,143
8,144
43,144
74,144
9,145
42,145
74,145
10,146
40,146
41,146
75,146
10,147
39,147
75,147
11,148
38,148
75,148
12,149
37,149
76,149
13,150
35,150
36,150
76,150
14,151
34,151
76,151
15,152
16,152
32,152
33,152
76,152
17,153
31,153
76,153
18,154
29,154
30,154
76,154
19,155
20,155
21,155
22,155
23,155
27,155
28,155
76,155
24,156
25,156
26,156
76,156
76,157
76,158
76,159
76,160
76,161
76,162
76,163
76,164
76,165
76,166
76,167
76,168
76,169
76,170
76,171
76,172
75,173
75,174
75,175
75,176
75,177
74,178
74,179
74,180
74,181
74,182
74,183
73,184
73,185
73,186
73,187
73,188
73,189
73,190
73,191
73,192
73,193
73,194
73,195
72,196
72,197
72,198
72,199
72,200
72,201
72,202
72,203
71,204
71,205
71,206
71,207
70,208
70,209
70,210
70,211
70,212
70,213
70,214
70,215
70,216
70,217
70,218
70,219
70,220
69,221
69,222
69,223
69,224
69,225
69,226
68,227
68,228
68,229
66,230
67,230
65,231
66,232
67,233
68,233
69,234