4,0
4,1
3,2
3,3
3,4
3,5
3,6
3,7
3,8
3,9
3,10
3,11
3,12
3,13
3,14
3,15
3,16
3,17
2,18
2,19
2,20
2,21
2,22
2,23
2,24
2,25
2,26
2,27
2,28
2,29
2,30
2,31
2,32
1,33
1,34
2,35
2,36
2,37
2,38
1,39
1,40
1,41
1,42
1,43
1,44
2,45
2,46
2,47
2,48
1,49
1,50
0,51
0,52
0,53
1,54
1,55
1,56
1,57
1,58
1,59
1,60
1,61
1,62
1,63
1,64
0,65
1,66
46,66
47,66
48,66
49,66
50,66
51,66
52,66
53,66
1,67
44,67
45,67
54,67
55,67
56,67
1,68
43,68
57,68
58,68
59,68
1,69
41,69
42,69
60,69
61,69
1,70
40,70
62,70
2,71
37,71
39,71
63,71
2,72
36,72
38,72
64,72
3,73
35,73
65,73
66,73
3,74
34,74
67,74
4,75
33,75
68,75
4,76
32,76
69,76
5,77
29,77
30,77
31,77
69,77
6,78
28,78
69,78
7,79
26,79
27,79
70,79
7,80
19,80
20,80
21,80
22,80
23,80
24,80
25,80
71,80
8,81
9,81
10,81
14,81
15,81
16,81
17,81
18,81
71,81
11,82
12,82
13,82
71,82
71,83
72,84
73,85
73,86
73,87
73,88
74,89
74,90
74,91
74,92
75,93
75,94
75,95
76,96
76,97
75,98
75,99
75,100
75,101
76,102
76,103
76,104
76,105
76,106
76,107
76,108
76,109
77,110
77,111
77,112
77,113
76,114
76,115
76,116
76,117
76,118
76,119
77,120
77,121
77,122
77,123
77,124
77,125
77,126
76,127
76,128
75,129
75,130
75,131
74,132
73,133
73,134
73,135
73,136
73,137
73,138
73,139
74,140
74,141
74,142
73,143
73,144
72,145
71,146
71,147
12,148
13,148
14,148
15,148
16,148
70,148
10,149
11,149
17,149
18,149
19,149
69,149
9,150
20,150
21,150
69,150
8,151
22,151
23,151
24,151
69,151
7,152
25,152
26,152
27,152
69,152
6,153
28,153
29,153
69,153
6,154
30,154
68,154
6,155
31,155
32,155
33,155
67,155
5,156
34,156
66,156
4,157
35,157
64,157
65,157
3,158
36,158
62,158
63,158
2,159
36,159
61,159
2,160
37,160
60,160
2,161
38,161
39,161
58,161
59,161
2,162
40,162
56,162
57,162
2,163
41,163
42,163
43,163
44,163
55,163
1,164
45,164
46,164
47,164
48,164
49,164
50,164
55,164
1,165
51,165
52,165
53,165
54,165
2,166
2,167
2,168
2,169
2,170
2,171
2,172
2,173
1,174
1,175
1,176
1,177
1,178
2,179
2,180
2,181
2,182
1,183
1,184
2,185
2,186
2,187
2,188
1,189
1,190
1,191
1,192
1,193
1,194
1,195
1,196
1,197
1,198
1,199
1,200
2,201
2,202
2,203
2,204
1,205
1,206
1,207
1,208
1,209
2,210
2,211
2,212
2,213
2,214
2,215
2,216
2,217
2,218
2,219
2,220
2,221
2,222
2,223
2,224
2,225
2,226
2,227
2,228
2,229
2,230
2,231
2,232
2,233
2,234
2,235
1,236
1,237
1,238
1,239
1,240
1,241
1,242
1,243
1,244
1,245
1,246
1,247
1,248
1,249
1,250
1,251
1,252
1,253
1,254
1,255
1,256
1,257
1,258
1,259
1,260
1,261
1,262
1,263
1,264
1,265
1,266
0,267
0,268
0,269
1,270
1,271
0,272
0,273
0,274
0,275
1,276
1,277
1,278
1,279
1,280
1,281
1,282
0,283
0,284
0,285
0,286
0,287
0,288
0,289
0,290
0,291
1,292
1,293
1,294
2,295
3,296