51,0
50,1
50,2
50,3
50,4
50,5
50,6
50,7
49,8
49,9
49,10
49,11
49,12
49,13
49,14
48,15
48,16
48,17
48,18
48,19
49,20
49,21
48,22
48,23
48,24
48,25
48,26
48,27
48,28
47,29
47,30
47,31
47,32
47,33
47,34
47,35
46,36
47,37
47,38
47,39
47,40
47,41
47,42
46,43
46,44
46,45
46,46
46,47
46,48
46,49
45,50
45,51
45,52
45,53
45,54
45,55
45,56
45,57
45,58
45,59
45,60
45,61
45,62
45,63
43,64
44,64
42,65
42,66
42,67
43,68
44,69
44,70
43,71
43,72
43,73
43,74
43,75
43,76
43,77
43,78
43,79
43,80
43,81
43,82
43,83
43,84
42,85
42,86
42,87
42,88
42,89
42,90
42,91
41,92
41,93
41,94
42,95
42,96
42,97
42,98
41,99
42,100
42,101
42,102
42,103
42,104
81,104
84,104
85,104
86,104
87,104
42,105
79,105
80,105
82,105
83,105
88,105
42,106
77,106
78,106
89,106
42,107
72,107
73,107
74,107
75,107
76,107
90,107
91,107
92,107
93,107
43,108
70,108
71,108
94,108
43,109
67,109
69,109
95,109
44,110
65,110
66,110
68,110
95,110
45,111
63,111
64,111
96,111
46,112
62,112
96,112
46,113
58,113
59,113
60,113
61,113
97,113
47,114
48,114
49,114
50,114
51,114
52,114
55,114
56,114
57,114
98,114
53,115
54,115
99,115
100,116
99,117
100,118
101,119
101,120
102,121
102,122
102,123
102,124
102,125
102,126
103,127
103,128
103,129
104,130
104,131
104,132
105,133
105,134
105,135
105,136
106,137
106,138
105,139
105,140
105,141
106,142
105,143
105,144
105,145
104,146
103,147
103,148
103,149
102,150
102,151
102,152
101,153
100,154
99,155
40,156
41,156
99,156
38,157
39,157
42,157
98,157
35,158
36,158
37,158
43,158
44,158
98,158
34,159
45,159
46,159
47,159
97,159
33,160
48,160
49,160
96,160
32,161
50,161
95,161
31,162
51,162
95,162
30,163
51,163
94,163
30,164
52,164
53,164
94,164
30,165
54,165
55,165
93,165
30,166
56,166
91,166
92,166
29,167
56,167
90,167
29,168
57,168
58,168
89,168
28,169
59,169
60,169
88,169
27,170
61,170
87,170
27,171
62,171
86,171
27,172
63,172
64,172
65,172
85,172
27,173
66,173
67,173
82,173
83,173
84,173
27,174
68,174
80,174
81,174
26,175
69,175
72,175
73,175
76,175
79,175
25,176
70,176
71,176
74,176
75,176
77,176
78,176
25,177
25,178
25,179
25,180
25,181
24,182
24,183
23,184
23,185
23,186
23,187
23,188
23,189
22,190
21,191
21,192
21,193
20,194
20,195
19,196
19,197
19,198
19,199
19,200
18,201
18,202
17,203
17,204
16,205
16,206
16,207
16,208
16,209
15,210
15,211
15,212
15,213
14,214
14,215
14,216
13,217
13,218
13,219
13,220
12,221
12,222
12,223
11,224
11,225
11,226
11,227
10,228
10,229
10,230
9,231
8,232
8,233
8,234
8,235
8,236
8,237
7,238
6,239
6,240
7,241
6,242
6,243
6,244
5,245
5,246
5,247
5,248
5,249
4,250
4,251
3,252
3,253
3,254
3,255
3,256
3,257
3,258
2,259
1,260
1,261
1,262
1,263
1,264
1,265
0,266
0,267
0,268
1,269
2,270
3,270
4,271
5,272
6,273
7,274
8,275
9,275
10,275
11,275
12,275
13,276
14,276
15,277
16,277
17,277
18,277
19,277
20,278
21,278
22,278
23,279
24,279
25,279
26,279
27,280
28,281
29,281
30,282
31,282
32,282
33,282
34,283
35,283
36,283
37,283
38,283
39,284
40,284
41,285
42,286
43,286
44,286
45,286
46,286
47,286
48,287
49,288
50,288
51,288
52,288
53,288
54,289
55,290
56,290
57,291
58,291
59,291
60,292
61,292
62,293
63,293
64,293
65,294
66,294
67,294
68,294
69,295
70,296
71,296
72,297
73,297
74,298
75,299
76,300
77,301
78,302
79,303
80,304
81,305
81,306
81,307
81,308
81,309
81,310
80,311
80,312
79,313
78,314
77,315
77,316
76,317
76,318
75,319
73,320
74,320
72,321
71,322
71,323
70,324
69,325
68,326
66,327
67,327
65,328
64,329
63,330
62,331
61,332
59,333
60,333
58,334
57,335
57,336
56,337
55,338
54,339
53,340
53,341
52,342
52,343