72,0
72,1
72,2
71,3
71,4
71,5
71,6
70,7
70,8
70,9
70,10
69,11
69,12
68,13
67,14
67,15
67,16
67,17
66,18
66,19
66,20
66,21
65,22
65,23
65,24
65,25
65,26
65,27
65,28
64,29
63,30
63,31
63,32
62,33
62,34
62,35
62,36
61,37
61,38
61,39
60,40
60,41
60,42
60,43
59,44
59,45
58,46
58,47
57,48
57,49
57,50
56,51
56,52
56,53
56,54
55,55
55,56
55,57
54,58
53,59
53,60
54,61
54,62
53,63
53,64
53,65
52,66
52,67
52,68
52,69
51,70
50,71
50,72
50,73
49,74
49,75
49,76
48,77
48,78
48,79
48,80
47,81
47,82
47,83
47,84
46,85
46,86
46,87
46,88
45,89
45,90
45,91
44,92
44,93
44,94
44,95
43,96
43,97
43,98
43,99
42,100
42,101
42,102
41,103
40,104
40,105
41,106
40,107
40,108
39,109
39,110
38,111
38,112
38,113
39,114
38,115
38,116
38,117
37,118
37,119
37,120
38,121
37,122
37,123
37,124
38,125
38,126
38,127
76,127
77,127
39,128
72,128
73,128
74,128
75,128
78,128
79,128
80,128
81,128
39,129
67,129
68,129
69,129
70,129
71,129
82,129
83,129
40,130
63,130
64,130
65,130
66,130
84,130
41,131
42,131
60,131
61,131
62,131
85,131
86,131
43,132
44,132
45,132
46,132
48,132
49,132
55,132
56,132
57,132
58,132
59,132
87,132
47,133
50,133
51,133
52,133
53,133
54,133
88,133
89,134
90,135
91,136
92,137
92,138
93,139
94,139
95,140
94,141
95,142
95,143
96,144
96,145
97,146
97,147
98,148
97,149
98,150
98,151
99,152
98,153
99,154
99,155
99,156
99,157
99,158
100,159
100,160
99,161
99,162
99,163
99,164
99,165
99,166
100,167
100,168
99,169
99,170
99,171
100,172
99,173
99,174
99,175
99,176
98,177
98,178
98,179
24,180
25,180
26,180
27,180
28,180
30,180
31,180
32,180
97,180
23,181
29,181
33,181
34,181
35,181
97,181
21,182
22,182
36,182
37,182
38,182
39,182
97,182
20,183
40,183
41,183
97,183
19,184
42,184
96,184
18,185
43,185
96,185
18,186
44,186
96,186
17,187
45,187
96,187
17,188
46,188
95,188
16,189
47,189
94,189
15,190
48,190
94,190
15,191
49,191
93,191
15,192
50,192
92,192
14,193
51,193
52,193
92,193
15,194
53,194
92,194
15,195
53,195
91,195
14,196
54,196
90,196
14,197
55,197
90,197
14,198
56,198
90,198
14,199
57,199
88,199
89,199
13,200
58,200
59,200
87,200
13,201
60,201
87,201
13,202
61,202
62,202
86,202
13,203
63,203
85,203
12,204
63,204
83,204
84,204
12,205
64,205
65,205
66,205
82,205
12,206
67,206
81,206
12,207
68,207
69,207
80,207
11,208
70,208
74,208
77,208
78,208
79,208
11,209
71,209
72,209
73,209
75,209
76,209
11,210
10,211
10,212
10,213
11,214
10,215
10,216
9,217
10,218
9,219
9,220
9,221
9,222
8,223
8,224
8,225
7,226
7,227
7,228
7,229
6,230
6,231
6,232
6,233
6,234
6,235
6,236
6,237
5,238
5,239
5,240
5,241
4,242
4,243
4,244
3,245
3,246
3,247
3,248
2,249
3,250
3,251
3,252
2,253
1,254
2,255
2,256
1,257
1,258
1,259
0,260
0,261
5,261
6,261
7,261
8,261
9,261
1,262
4,262
10,262
11,262
12,262
13,262
2,263
3,263
14,263
15,263
16,263
17,264
18,265
19,265
20,265
21,266
22,267
23,267
24,267
25,268
26,268
27,268
28,268
29,269
30,270
31,270
32,271
33,271
34,271
35,271
36,272
37,273
38,273
39,273
40,274
41,274
42,275
44,275
45,275
46,275
43,276
47,276
48,277
49,277
50,277
51,278
52,278
53,278
54,279
55,280
56,280
57,280
58,281
59,282
60,282
61,282
62,283
63,283
64,284
65,285
66,285
67,285
68,285
69,286
70,287
71,287
72,288
73,288
74,288
75,288
76,289
77,289
78,290
79,290
80,291
81,292
82,292
83,293
84,293
85,294
86,294
87,295
87,296
88,297
89,298
90,299
90,300
91,301
92,302
91,303
92,304
93,305
93,306
92,307
92,308
92,309
92,310
91,311
91,312
91,313
91,314
90,315
90,316
90,317
89,318
88,319
88,320
88,321
87,322
86,323
86,324
85,325
84,326
84,327
83,328
82,329
81,330
81,331
81,332
80,333
79,334
79,335
77,336
78,336
76,337
76,338
76,339
75,340
74,341
74,342
73,343
73,344
73,345
73,346
72,347
72,348
72,349
71,350
71,351
71,352
71,353
71,354
71,355
71,356
72,357
72,358
72,359