2,0
2,1
2,2
2,3
2,4
2,5
2,6
2,7
3,8
3,9
3,10
3,11
2,12
2,13
2,14
3,15
3,16
3,17
3,18
2,19
2,20
2,21
3,22
3,23
3,24
3,25
3,26
3,27
3,28
3,29
4,30
4,31
4,32
4,33
3,34
3,35
3,36
4,37
4,38
4,39
4,40
4,41
4,42
4,43
5,44
4,45
4,46
4,47
4,48
4,49
4,50
5,51
5,52
5,53
5,54
5,55
5,56
5,57
6,58
6,59
6,60
6,61
6,62
6,63
6,64
6,65
6,66
6,67
6,68
6,69
6,70
6,71
6,72
7,73
7,74
7,75
7,76
7,77
7,78
6,79
7,80
7,81
7,82
7,83
7,84
7,85
7,86
8,87
8,88
8,89
8,90
7,91
7,92
7,93
8,94
8,95
8,96
8,97
8,98
8,99
8,100
8,101
9,102
9,103
9,104
9,105
9,106
65,106
66,106
67,106
9,107
59,107
60,107
61,107
62,107
63,107
64,107
68,107
69,107
70,107
9,108
58,108
71,108
72,108
73,108
10,109
53,109
54,109
55,109
56,109
57,109
74,109
10,110
51,110
52,110
75,110
76,110
10,111
49,111
50,111
77,111
10,112
45,112
46,112
47,112
48,112
77,112
10,113
44,113
78,113
10,114
43,114
79,114
11,115
42,115
80,115
12,116
40,116
41,116
81,116
12,117
37,117
38,117
39,117
81,117
12,118
36,118
82,118
13,119
34,119
35,119
83,119
14,120
31,120
32,120
33,120
83,120
15,121
30,121
84,121
16,122
17,122
29,122
84,122
18,123
19,123
20,123
23,123
24,123
25,123
26,123
27,123
28,123
85,123
21,124
22,124
85,124
86,125
86,126
87,127
87,128
87,129
88,130
88,131
89,132
90,133
90,134
90,135
90,136
90,137
90,138
91,139
91,140
90,141
91,142
91,143
91,144
91,145
90,146
91,147
90,148
90,149
90,150
89,151
89,152
88,153
88,154
88,155
87,156
86,157
85,158
84,159
83,160
83,161
83,162
82,163
81,164
80,165
79,166
78,167
77,168
20,169
21,169
22,169
23,169
24,169
25,169
26,169
27,169
28,169
29,169
30,169
77,169
19,170
31,170
32,170
33,170
34,170
76,170
19,171
35,171
36,171
75,171
17,172
18,172
37,172
38,172
39,172
41,172
73,172
74,172
16,173
40,173
42,173
43,173
71,173
72,173
15,174
44,174
45,174
46,174
48,174
70,174
14,175
47,175
49,175
67,175
68,175
69,175
13,176
50,176
51,176
52,176
55,176
63,176
64,176
65,176
66,176
13,177
53,177
54,177
56,177
57,177
58,177
59,177
60,177
61,177
62,177
12,178
12,179
11,180
11,181
11,182
10,183
10,184
9,185
9,186
8,187
9,188
8,189
8,190
8,191
8,192
7,193
7,194
7,195
7,196
7,197
7,198
7,199
7,200
7,201
7,202
7,203
7,204
7,205
7,206
7,207
6,208
6,209
7,210
7,211
7,212
7,213
6,214
6,215
6,216
6,217
6,218
6,219
5,220
5,221
5,222
5,223
5,224
6,225
6,226
5,227
5,228
5,229
5,230
4,231
5,232
5,233
5,234
5,235
4,236
4,237
4,238
3,239
4,240
4,241
4,242
4,243
3,244
3,245
3,246
4,247
4,248
3,249
3,250
3,251
3,252
3,253
3,254
3,255
3,256
3,257
2,258
2,259
2,260
3,261
3,262
3,263
3,264
2,265
2,266
2,267
2,268
3,269
2,270
2,271
2,272
1,273
1,274
1,275
2,276
2,277
1,278
1,279
1,280
1,281
0,282
1,283
1,284
1,285
1,286
1,287
1,288
1,289