81,0
82,0
83,0
84,0
85,0
86,0
87,0
88,0
89,0
90,0
91,0
92,0
97,0
98,0
99,0
100,0
101,0
102,0
103,0
104,0
105,0
106,0
107,0
108,0
109,0
110,0
111,0
112,0
113,0
114,0
115,0
116,0
117,0
118,0
119,0
120,0
121,0
65,1
66,1
67,1
68,1
69,1
70,1
71,1
72,1
73,1
74,1
75,1
76,1
77,1
78,1
79,1
80,1
93,1
94,1
95,1
96,1
122,1
123,1
124,1
125,1
126,1
9,2
39,2
40,2
41,2
42,2
43,2
44,2
45,2
46,2
47,2
48,2
49,2
50,2
51,2
55,2
56,2
57,2
58,2
59,2
60,2
61,2
62,2
63,2
64,2
127,2
128,2
129,2
8,3
10,3
19,3
20,3
28,3
29,3
30,3
31,3
32,3
33,3
34,3
35,3
36,3
37,3
38,3
52,3
53,3
54,3
130,3
131,3
193,3
194,3
195,3
196,3
197,3
198,3
199,3
200,3
201,3
202,3
203,3
204,3
205,3
206,3
207,3
8,4
11,4
13,4
14,4
15,4
16,4
17,4
18,4
21,4
22,4
23,4
24,4
25,4
26,4
27,4
132,4
133,4
189,4
190,4
191,4
192,4
208,4
209,4
210,4
211,4
212,4
213,4
214,4
215,4
8,5
12,5
134,5
186,5
187,5
188,5
216,5
217,5
8,6
135,6
185,6
218,6
219,6
220,6
221,6
222,6
8,7
136,7
184,7
223,7
224,7
225,7
226,7
227,7
228,7
229,7
230,7
231,7
7,8
137,8
182,8
183,8
232,8
233,8
234,8
235,8
236,8
237,8
238,8
7,9
138,9
181,9
239,9
240,9
241,9
242,9
243,9
244,9
245,9
246,9
7,10
138,10
180,10
247,10
248,10
249,10
250,10
251,10
252,10
7,11
138,11
180,11
253,11
254,11
255,11
256,11
257,11
7,12
138,12
180,12
258,12
7,13
138,13
180,13
259,13
260,13
261,13
262,13
263,13
264,13
265,13
7,14
138,14
180,14
266,14
267,14
268,14
269,14
270,14
271,14
272,14
7,15
138,15
180,15
273,15
274,15
275,15
276,15
277,15
7,16
138,16
180,16
278,16
279,16
280,16
281,16
282,16
283,16
7,17
138,17
180,17
284,17
285,17
286,17
287,17
288,17
7,18
138,18
180,18
289,18
290,18
291,18
292,18
293,18
294,18
295,18
296,18
297,18
7,19
137,19
180,19
298,19
299,19
6,20
136,20
181,20
300,20
6,21
136,21
181,21
300,21
6,22
136,22
181,22
300,22
6,23
135,23
182,23
301,23
6,24
134,24
183,24
301,24
6,25
134,25
184,25
301,25
6,26
133,26
184,26
301,26
6,27
132,27
185,27
301,27
6,28
132,28
185,28
301,28
6,29
132,29
186,29
301,29
6,30
131,30
187,30
301,30
6,31
130,31
187,31
301,31
5,32
130,32
188,32
301,32
5,33
129,33
188,33
301,33
5,34
128,34
189,34
301,34
5,35
128,35
189,35
301,35
5,36
128,36
190,36
301,36
5,37
127,37
190,37
301,37
4,38
127,38
191,38
301,38
4,39
126,39
192,39
301,39
4,40
125,40
192,40
301,40
4,41
124,41
192,41
301,41
4,42
124,42
192,42
300,42
4,43
124,43
192,43
301,43
4,44
123,44
192,44
301,44
4,45
123,45
192,45
301,45
4,46
123,46
192,46
301,46
4,47
123,47
192,47
301,47
4,48
123,48
192,48
302,48
4,49
123,49
192,49
302,49
4,50
124,50
192,50
302,50
4,51
124,51
191,51
302,51
3,52
124,52
190,52
302,52
3,53
125,53
189,53
302,53
3,54
126,54
189,54
302,54
3,55
127,55
188,55
302,55
3,56
127,56
187,56
302,56
3,57
128,57
187,57
303,57
3,58
129,58
130,58
185,58
186,58
303,58
3,59
131,59
184,59
303,59
3,60
132,60
182,60
183,60
303,60
3,61
133,61
181,61
303,61
3,62
133,62
180,62
303,62
3,63
134,63
178,63
179,63
303,63
3,64
135,64
136,64
175,64
177,64
303,64
2,65
137,65
173,65
174,65
176,65
303,65
2,66
138,66
139,66
140,66
141,66
169,66
170,66
171,66
172,66
303,66
2,67
142,67
143,67
144,67
145,67
166,67
167,67
168,67
303,67
2,68
146,68
147,68
148,68
161,68
162,68
163,68
164,68
165,68
304,68
2,69
149,69
150,69
151,69
152,69
153,69
154,69
155,69
156,69
157,69
158,69
159,69
160,69
304,69
2,70
304,70
2,71
304,71
2,72
304,72
2,73
304,73
2,74
304,74
2,75
304,75
2,76
304,76
2,77
304,77
2,78
305,78
2,79
305,79
1,80
305,80
1,81
305,81
0,82
305,82
0,83
305,83
0,84
304,84
0,85
304,85
0,86
304,86
0,87
304,87
0,88
304,88
0,89
305,89
0,90
305,90
0,91
305,91
0,92
305,92
0,93
305,93
0,94
305,94
0,95
305,95
0,96
306,96
0,97
306,97
0,98
306,98
0,99
306,99
0,100
306,100
0,101
306,101
1,102
306,102
1,103
45,103
46,103
47,103
48,103
49,103
50,103
306,103
1,104
43,104
44,104
51,104
52,104
53,104
306,104
1,105
41,105
42,105
54,105
253,105
254,105
255,105
256,105
257,105
306,105
1,106
39,106
40,106
55,106
56,106
252,106
258,106
259,106
306,106
2,107
36,107
37,107
38,107
57,107
250,107
251,107
260,107
261,107
262,107
263,107
306,107
2,108
34,108
35,108
58,108
248,108
249,108
264,108
265,108
306,108
2,109
32,109
33,109
59,109
60,109
247,109
266,109
267,109
306,109
3,110
29,110
30,110
31,110
61,110
246,110
268,110
269,110
270,110
306,110
3,111
27,111
28,111
62,111
245,111
271,111
272,111
306,111
4,112
25,112
26,112
63,112
244,112
273,112
306,112
5,113
21,113
22,113
23,113
24,113
64,113
65,113
244,113
274,113
275,113
306,113
6,114
7,114
8,114
18,114
19,114
20,114
66,114
243,114
276,114
277,114
306,114
9,115
10,115
11,115
12,115
13,115
14,115
15,115
16,115
17,115
66,115
242,115
278,115
279,115
306,115
67,116
242,116
280,116
281,116
282,116
305,116
67,117
241,117
283,117
284,117
305,117
68,118
240,118
285,118
286,118
305,118
68,119
240,119
287,119
304,119
69,120
239,120
288,120
289,120
290,120
303,120
69,121
239,121
291,121
292,121
293,121
302,121
69,122
239,122
294,122
295,122
296,122
297,122
298,122
299,122
301,122
69,123
238,123
300,123
70,124
237,124
70,125
236,125
70,126
236,126
71,127
236,127
71,128
237,128
72,129
236,129
72,130
235,130
72,131
235,131
72,132
235,132
72,133
234,133
73,134
233,134
73,135
233,135
73,136
233,136
73,137
233,137
74,138
232,138
74,139
232,139
74,140
232,140
74,141
232,141
74,142
232,142
74,143
231,143
74,144
231,144
74,145
231,145
74,146
231,146
74,147
231,147
73,148
232,148
73,149
232,149
73,150
232,150
73,151
231,151
73,152
231,152
72,153
232,153
72,154
232,154
72,155
232,155
72,156
232,156
71,157
232,157
71,158
232,158
71,159
232,159
71,160
232,160
71,161
233,161
70,162
233,162
70,163
233,163
69,164
234,164
68,165
234,165
67,166
233,166
67,167
234,167
67,168
234,168
66,169
235,169
66,170
235,170
65,171
235,171
5,172
6,172
7,172
10,172
65,172
235,172
4,173
8,173
9,173
11,173
12,173
13,173
14,173
15,173
16,173
17,173
64,173
236,173
3,174
18,174
19,174
64,174
236,174
3,175
20,175
21,175
22,175
63,175
237,175
2,176
23,176
24,176
25,176
63,176
237,176
1,177
26,177
27,177
63,177
237,177
1,178
28,178
62,178
238,178
1,179
29,179
30,179
61,179
239,179
0,180
31,180
32,180
60,180
240,180
0,181
33,181
34,181
35,181
49,181
52,181
59,181
240,181
0,182
36,182
37,182
48,182
50,182
51,182
53,182
58,182
241,182
285,182
286,182
287,182
288,182
289,182
290,182
291,182
292,182
293,182
294,182
295,182
0,183
38,183
39,183
49,183
52,183
54,183
55,183
56,183
57,183
242,183
282,183
283,183
284,183
296,183
297,183
0,184
40,184
41,184
42,184
43,184
53,184
243,184
278,184
279,184
280,184
281,184
298,184
0,185
44,185
53,185
244,185
273,185
274,185
275,185
276,185
277,185
299,185
0,186
45,186
46,186
47,186
48,186
49,186
52,186
245,186
270,186
271,186
272,186
300,186
0,187
50,187
51,187
246,187
268,187
269,187
300,187
0,188
247,188
248,188
265,188
266,188
267,188
300,188
0,189
249,189
250,189
251,189
262,189
263,189
264,189
301,189
0,190
252,190
253,190
254,190
255,190
256,190
258,190
259,190
260,190
261,190
301,190
0,191
257,191
301,191
0,192
301,192
0,193
301,193
0,194
301,194
0,195
301,195
0,196
301,196
0,197
301,197
0,198
301,198
0,199
301,199
0,200
301,200
0,201
150,201
151,201
152,201
153,201
154,201
155,201
156,201
157,201
158,201
159,201
160,201
161,201
162,201
163,201
301,201
1,202
141,202
142,202
143,202
144,202
145,202
146,202
147,202
148,202
149,202
164,202
165,202
166,202
167,202
168,202
169,202
170,202
171,202
301,202
1,203
131,203
132,203
136,203
137,203
138,203
139,203
140,203
172,203
173,203
301,203
0,204
128,204
129,204
130,204
133,204
134,204
135,204
174,204
175,204
176,204
177,204
300,204
0,205
125,205
126,205
127,205
178,205
179,205
180,205
181,205
300,205
0,206
122,206
123,206
124,206
182,206
183,206
300,206
0,207
120,207
121,207
184,207
185,207
299,207
0,208
118,208
119,208
186,208
187,208
298,208
0,209
117,209
188,209
189,209
298,209
0,210
116,210
190,210
298,210
0,211
115,211
191,211
298,211
0,212
114,212
192,212
193,212
194,212
297,212
1,213
113,213
195,213
297,213
1,214
112,214
196,214
296,214
1,215
111,215
197,215
295,215
1,216
111,216
197,216
295,216
1,217
110,217
198,217
294,217
1,218
109,218
199,218
294,218
1,219
108,219
199,219
294,219
1,220
108,220
200,220
294,220
1,221
107,221
201,221
294,221
1,222
107,222
201,222
293,222
1,223
107,223
201,223
293,223
1,224
106,224
201,224
293,224
1,225
106,225
201,225
293,225
1,226
106,226
201,226
292,226
2,227
106,227
201,227
292,227
2,228
106,228
201,228
292,228
2,229
107,229
201,229
292,229
2,230
107,230
201,230
291,230
2,231
108,231
200,231
291,231
2,232
108,232
200,232
290,232
2,233
109,233
199,233
290,233
3,234
109,234
198,234
289,234
3,235
110,235
198,235
289,235
3,236
111,236
197,236
289,236
3,237
111,237
196,237
289,237
3,238
112,238
195,238
288,238
3,239
113,239
195,239
288,239
3,240
114,240
194,240
288,240
3,241
115,241
193,241
287,241
3,242
115,242
192,242
287,242
3,243
116,243
192,243
286,243
3,244
116,244
191,244
286,244
3,245
117,245
190,245
286,245
2,246
118,246
190,246
286,246
2,247
117,247
189,247
286,247
3,248
118,248
188,248
285,248
3,249
119,249
187,249
284,249
3,250
120,250
186,250
284,250
3,251
120,251
186,251
284,251
3,252
121,252
186,252
283,252
3,253
122,253
185,253
283,253
3,254
123,254
185,254
282,254
3,255
123,255
184,255
282,255
4,256
123,256
184,256
282,256
4,257
124,257
184,257
282,257
4,258
124,258
184,258
281,258
4,259
124,259
184,259
281,259
4,260
125,260
183,260
281,260
4,261
125,261
183,261
281,261
4,262
125,262
183,262
281,262
4,263
126,263
183,263
280,263
4,264
126,264
183,264
280,264
4,265
126,265
183,265
279,265
4,266
126,266
183,266
279,266
4,267
126,267
183,267
279,267
4,268
126,268
183,268
279,268
5,269
126,269
183,269
278,269
5,270
126,270
183,270
278,270
5,271
126,271
183,271
278,271
5,272
125,272
184,272
277,272
5,273
124,273
185,273
277,273
5,274
123,274
185,274
277,274
5,275
122,275
186,275
277,275
5,276
121,276
187,276
188,276
277,276
5,277
119,277
120,277
189,277
190,277
276,277
5,278
117,278
118,278
191,278
192,278
276,278
5,279
115,279
116,279
193,279
194,279
276,279
5,280
111,280
112,280
113,280
114,280
195,280
196,280
197,280
276,280
6,281
80,281
89,281
104,281
105,281
106,281
107,281
108,281
109,281
110,281
198,281
199,281
200,281
201,281
202,281
203,281
204,281
205,281
206,281
207,281
277,281
6,282
69,282
70,282
71,282
72,282
73,282
74,282
75,282
76,282
77,282
78,282
79,282
81,282
82,282
83,282
84,282
85,282
86,282
87,282
88,282
90,282
91,282
92,282
93,282
94,282
95,282
96,282
97,282
98,282
99,282
100,282
101,282
102,282
103,282
208,282
209,282
210,282
211,282
212,282
213,282
214,282
216,282
217,282
218,282
276,282
6,283
47,283
58,283
59,283
60,283
61,283
62,283
63,283
64,283
65,283
66,283
67,283
68,283
215,283
219,283
220,283
221,283
222,283
223,283
224,283
225,283
226,283
227,283
228,283
229,283
230,283
231,283
232,283
233,283
234,283
235,283
236,283
237,283
238,283
239,283
240,283
241,283
242,283
243,283
244,283
245,283
246,283
247,283
248,283
249,283
250,283
251,283
252,283
253,283
254,283
255,283
275,283
6,284
35,284
36,284
37,284
38,284
39,284
40,284
41,284
42,284
43,284
44,284
45,284
46,284
48,284
49,284
50,284
51,284
52,284
53,284
54,284
55,284
56,284
57,284
256,284
257,284
258,284
259,284
268,284
274,284
6,285
11,285
19,285
20,285
21,285
22,285
23,285
24,285
25,285
26,285
27,285
28,285
29,285
30,285
31,285
32,285
33,285
34,285
260,285
261,285
262,285
263,285
264,285
265,285
266,285
267,285
269,285
270,285
271,285
272,285
273,285
7,286
9,286
10,286
12,286
13,286
14,286
15,286
16,286
17,286
18,286
8,287