67,0
67,1
67,2
67,3
68,4
68,5
68,6
68,7
68,8
67,9
67,10
68,11
68,12
68,13
68,14
68,15
68,16
68,17
68,18
69,19
69,20
68,21
68,22
69,23
69,24
69,25
69,26
69,27
69,28
70,29
70,30
70,31
70,32
69,33
69,34
69,35
70,36
70,37
70,38
70,39
70,40
70,41
70,42
71,43
71,44
71,45
70,46
70,47
71,48
71,49
71,50
71,51
71,52
71,53
71,54
71,55
71,56
72,57
71,58
71,59
71,60
71,61
71,62
71,63
72,64
72,65
72,66
72,67
71,68
71,69
70,70
70,71
20,72
21,72
22,72
23,72
24,72
25,72
71,72
19,73
26,73
27,73
28,73
70,73
16,74
17,74
18,74
29,74
30,74
70,74
15,75
31,75
32,75
70,75
13,76
14,76
33,76
34,76
70,76
12,77
35,77
36,77
70,77
11,78
37,78
69,78
11,79
38,79
69,79
10,80
39,80
40,80
68,80
9,81
41,81
68,81
8,82
42,82
43,82
67,82
7,83
44,83
66,83
7,84
45,84
46,84
47,84
65,84
6,85
48,85
49,85
64,85
5,86
50,86
58,86
59,86
60,86
61,86
63,86
5,87
51,87
52,87
53,87
54,87
57,87
62,87
5,88
55,88
56,88
5,89
4,90
3,91
2,92
2,93
2,94
2,95
2,96
2,97
1,98
1,99
1,100
1,101
1,102
1,103
0,104
0,105
0,106
0,107
0,108
0,109
0,110
0,111
1,112
1,113
1,114
1,115
2,116
1,117
1,118
2,119
2,120
3,121
4,122
4,123
5,124
5,125
53,125
6,126
51,126
52,126
54,126
55,126
6,127
46,127
47,127
48,127
49,127
50,127
56,127
57,127
58,127
7,128
44,128
45,128
59,128
60,128
7,129
43,129
61,129
8,130
40,130
41,130
42,130
62,130
9,131
38,131
39,131
63,131
10,132
35,132
37,132
63,132
11,133
33,133
34,133
36,133
63,133
11,134
32,134
64,134
12,135
13,135
31,135
64,135
14,136
15,136
29,136
30,136
64,136
16,137
27,137
28,137
65,137
17,138
18,138
19,138
20,138
21,138
22,138
26,138
65,138
23,139
24,139
25,139
65,139
65,140
66,141
66,142
66,143
65,144
66,145
66,146
66,147
66,148
66,149
66,150
66,151
66,152
66,153
66,154
66,155
65,156
66,157
66,158
66,159
66,160
66,161
66,162
66,163
66,164
66,165
66,166
66,167
66,168
65,169
66,170
66,171
66,172
66,173
66,174
66,175
67,176
67,177
66,178
66,179
66,180
65,181
65,182
65,183
65,184
66,185
66,186
66,187
66,188
66,189
66,190
66,191
67,192
66,193
66,194
66,195
66,196
66,197
66,198
66,199
66,200
67,201
67,202
67,203
67,204
67,205
66,206