89,0
89,1
88,2
88,3
88,4
88,5
87,6
86,7
86,8
86,9
85,10
85,11
85,12
84,13
83,14
83,15
83,16
83,17
82,18
82,19
82,20
82,21
81,22
80,23
80,24
80,25
79,26
79,27
79,28
79,29
78,30
77,31
77,32
77,33
76,34
76,35
75,36
75,37
74,38
74,39
74,40
74,41
73,42
72,43
72,44
71,45
71,46
71,47
71,48
70,49
69,50
69,51
69,52
68,53
68,54
68,55
68,56
67,57
66,58
66,59
66,60
65,61
65,62
65,63
65,64
64,65
64,66
63,67
63,68
62,69
62,70
62,71
62,72
61,73
61,74
60,75
60,76
59,77
59,78
59,79
59,80
58,81
58,82
58,83
58,84
57,85
57,86
57,87
56,88
55,89
56,90
56,91
56,92
55,93
55,94
55,95
56,96
55,97
55,98
56,99
56,100
55,101
95,101
98,101
99,101
56,102
94,102
96,102
97,102
100,102
101,102
102,102
103,102
57,103
90,103
91,103
92,103
93,103
104,103
105,103
106,103
57,104
87,104
88,104
89,104
107,104
57,105
86,105
108,105
58,106
84,106
85,106
109,106
110,106
59,107
80,107
81,107
82,107
83,107
111,107
60,108
61,108
62,108
77,108
78,108
79,108
111,108
63,109
64,109
65,109
66,109
70,109
73,109
74,109
75,109
76,109
112,109
67,110
68,110
69,110
71,110
72,110
112,110
113,111
114,112
114,113
115,114
115,115
116,116
116,117
116,118
117,119
118,120
117,121
118,122
118,123
118,124
118,125
118,126
118,127
118,128
118,129
118,130
118,131
118,132
118,133
118,134
118,135
118,136
117,137
117,138
118,139
118,140
117,141
117,142
117,143
117,144
116,145
116,146
116,147
116,148
115,149
115,150
115,151
115,152
114,153
114,154
114,155
114,156
113,157
42,158
43,158
44,158
45,158
46,158
47,158
112,158
39,159
40,159
41,159
48,159
112,159
38,160
49,160
50,160
112,160
37,161
51,161
111,161
36,162
52,162
111,162
36,163
53,163
54,163
111,163
34,164
35,164
55,164
110,164
33,165
55,165
109,165
33,166
56,166
109,166
33,167
57,167
108,167
31,168
32,168
58,168
108,168
30,169
58,169
107,169
30,170
59,170
107,170
30,171
59,171
107,171
29,172
60,172
106,172
28,173
61,173
105,173
28,174
62,174
105,174
27,175
62,175
105,175
27,176
62,176
104,176
27,177
63,177
103,177
27,178
64,178
102,178
26,179
65,179
102,179
25,180
65,180
101,180
25,181
65,181
100,181
25,182
66,182
99,182
24,183
67,183
98,183
24,184
68,184
97,184
24,185
68,185
96,185
24,186
68,186
92,186
93,186
95,186
23,187
69,187
70,187
91,187
94,187
23,188
71,188
91,188
23,189
72,189
89,189
90,189
23,190
73,190
76,190
77,190
88,190
22,191
74,191
75,191
78,191
79,191
80,191
83,191
84,191
85,191
86,191
87,191
21,192
81,192
82,192
21,193
21,194
20,195
20,196
20,197
20,198
19,199
19,200
19,201
19,202
18,203
17,204
17,205
18,206
17,207
16,208
16,209
16,210
15,211
15,212
15,213
15,214
14,215
14,216
14,217
14,218
13,219
12,220
12,221
12,222
11,223
11,224
11,225
11,226
10,227
10,228
10,229
10,230
9,231
9,232
9,233
9,234
8,235
8,236
7,237
6,238
6,239
6,240
6,241
5,242
5,243
5,244
5,245
4,246
4,247
4,248
3,249
2,250
2,251
2,252
2,253
1,254
1,255
1,256
1,257
0,258
1,259
2,259
5,259
6,259
3,260
4,260
7,260
8,260
9,260
10,260
11,261
12,261
13,261
14,261
15,262
16,262
17,262
18,262
19,263
20,263
21,263
22,263
24,263
25,263
26,263
23,264
27,264
28,264
29,264
30,264
31,265
32,265
33,265
34,265
35,266
36,266
37,266
38,266
40,266
41,266
42,266
39,267
43,267
44,267
45,267
46,267
47,268
48,268
49,268
50,268
53,268
54,268
51,269
52,269
55,269
56,269
57,269
58,269
59,270
60,270
61,270
62,270
63,271
64,271
65,271
66,271
69,271
70,271
67,272
68,272
71,272
72,272
73,272
74,272
75,273
76,273
77,273
78,273
79,274
80,274
81,274
82,274
83,275
84,275
85,275
86,275
87,276
88,276
89,276
90,276
91,277
92,277
93,277
94,277
95,278
96,278
97,278
98,278
99,279
100,280
101,280
102,280
103,281
104,281
105,282
106,282
107,283
108,284
109,284
110,285
110,286
111,287
112,287
113,288
114,289
114,290
115,291
116,292
116,293
117,294
118,295
118,296
117,297
118,298
118,299
118,300
117,301
117,302
117,303
117,304
116,305
115,306
114,307
114,308
113,309
112,310
112,311
111,312
110,313
109,314
108,315
105,316
106,316
107,316
104,317
104,318
103,319
101,320
102,320
100,321
97,322
99,322
96,323
98,323
95,324
94,325
92,326
93,326
90,327
91,327
89,328
88,329
87,330
86,331
85,332
85,333
84,334
84,335
84,336
84,337
83,338
83,339
83,340
83,341
82,342
83,343
83,344
83,345
83,346
83,347
84,348
85,349
86,350
86,351
86,352
87,353
88,354
89,355