13,0
13,1
13,2
13,3
12,4
12,5
12,6
12,7
11,8
11,9
12,10
12,11
11,12
11,13
11,14
11,15
11,16
11,17
11,18
10,19
10,20
10,21
10,22
9,23
10,24
10,25
10,26
10,27
9,28
9,29
9,30
8,31
8,32
8,33
8,34
8,35
7,36
7,37
8,38
7,39
7,40
7,41
7,42
7,43
6,44
6,45
6,46
6,47
6,48
5,49
5,50
5,51
6,52
6,53
6,54
5,55
5,56
5,57
5,58
5,59
5,60
5,61
5,62
5,63
5,64
52,64
53,64
54,64
4,65
49,65
50,65
51,65
55,65
5,66
45,66
46,66
47,66
48,66
56,66
58,66
59,66
60,66
5,67
42,67
43,67
44,67
57,67
61,67
5,68
41,68
62,68
5,69
39,69
40,69
63,69
6,70
37,70
38,70
64,70
6,71
36,71
65,71
7,72
35,72
66,72
7,73
33,73
34,73
67,73
68,73
7,74
31,74
32,74
69,74
7,75
29,75
30,75
69,75
8,76
9,76
10,76
27,76
28,76
69,76
11,77
12,77
23,77
24,77
25,77
26,77
69,77
13,78
21,78
22,78
70,78
14,79
15,79
16,79
17,79
18,79
19,79
20,79
71,79
72,80
72,81
72,82
73,83
74,84
74,85
74,86
74,87
74,88
74,89
74,90
75,91
76,92
77,93
77,94
76,95
76,96
76,97
76,98
76,99
77,100
77,101
76,102
76,103
76,104
76,105
77,106
77,107
77,108
76,109
76,110
76,111
76,112
76,113
76,114
76,115
76,116
76,117
76,118
75,119
76,120
76,121
76,122
76,123
76,124
75,125
75,126
75,127
74,128
74,129
74,130
74,131
74,132
74,133
75,134
74,135
74,136
73,137
72,138
72,139
72,140
72,141
72,142
71,143
11,144
12,144
13,144
14,144
71,144
9,145
10,145
15,145
16,145
17,145
18,145
70,145
6,146
7,146
8,146
19,146
20,146
70,146
5,147
21,147
22,147
69,147
4,148
23,148
24,148
25,148
70,148
3,149
26,149
27,149
28,149
68,149
69,149
3,150
29,150
67,150
3,151
30,151
67,151
2,152
31,152
67,152
2,153
32,153
67,153
2,154
33,154
66,154
2,155
34,155
65,155
2,156
35,156
65,156
1,157
36,157
37,157
63,157
64,157
1,158
38,158
62,158
1,159
38,159
60,159
61,159
0,160
39,160
40,160
41,160
58,160
59,160
0,161
42,161
56,161
57,161
0,162
43,162
55,162
0,163
44,163
45,163
46,163
47,163
48,163
49,163
54,163
1,164
50,164
51,164
52,164
53,164
1,165
1,166
1,167
1,168
1,169
1,170
1,171
1,172
1,173
1,174
1,175
1,176
1,177
2,178
2,179
2,180
2,181
2,182
2,183
2,184
2,185
2,186
2,187
2,188
2,189
2,190
3,191
4,192
4,193
4,194
4,195
4,196
4,197
4,198
4,199
4,200
4,201
4,202
4,203
4,204
4,205
5,206
5,207
5,208
5,209
5,210
5,211
5,212
5,213
5,214
5,215
5,216
5,217
5,218
5,219
6,220
6,221
6,222
6,223
6,224
6,225
6,226
6,227
6,228
6,229
6,230
6,231
6,232
6,233
7,234
7,235
7,236
7,237
7,238
7,239
7,240
7,241
8,242
7,243
7,244
7,245
7,246
8,247
9,248
9,249
9,250
9,251
9,252
9,253
9,254
9,255
9,256
9,257
9,258
9,259
9,260
9,261
10,262
10,263
10,264
10,265
10,266
10,267
10,268
10,269
10,270
10,271
10,272
10,273
10,274
10,275
11,276
11,277
11,278
11,279
11,280
11,281
11,282
11,283
11,284
11,285
11,286
11,287
11,288
12,289