92,0
93,0
94,0
95,0
96,0
97,0
98,0
106,0
107,0
108,0
109,0
110,0
111,0
112,0
91,1
99,1
100,1
101,1
102,1
103,1
104,1
105,1
113,1
114,1
115,1
116,1
117,1
118,1
119,1
120,1
121,1
90,2
122,2
123,2
124,2
125,2
126,2
127,2
128,2
129,2
130,2
131,2
132,2
133,2
134,2
135,2
136,2
137,2
138,2
141,2
89,3
139,3
140,3
142,3
143,3
144,3
145,3
146,3
147,3
148,3
149,3
88,4
150,4
151,4
152,4
153,4
154,4
155,4
156,4
157,4
158,4
159,4
160,4
161,4
162,4
165,4
166,4
167,4
168,4
169,4
89,5
90,5
91,5
163,5
164,5
170,5
171,5
172,5
173,5
92,6
174,6
175,6
176,6
177,6
92,7
178,7
239,7
240,7
241,7
242,7
243,7
244,7
245,7
246,7
247,7
248,7
249,7
250,7
251,7
252,7
253,7
92,8
179,8
236,8
237,8
238,8
254,8
255,8
256,8
257,8
258,8
259,8
260,8
261,8
262,8
263,8
264,8
265,8
92,9
180,9
234,9
235,9
266,9
267,9
268,9
269,9
270,9
271,9
272,9
273,9
274,9
275,9
281,9
282,9
285,9
286,9
287,9
288,9
92,10
181,10
233,10
276,10
277,10
278,10
279,10
280,10
283,10
284,10
289,10
290,10
291,10
292,10
293,10
294,10
295,10
296,10
297,10
92,11
181,11
232,11
298,11
299,11
300,11
301,11
302,11
303,11
304,11
305,11
92,12
181,12
231,12
306,12
307,12
308,12
309,12
310,12
311,12
91,13
181,13
231,13
312,13
313,13
314,13
315,13
316,13
317,13
318,13
319,13
320,13
321,13
322,13
323,13
324,13
91,14
181,14
230,14
325,14
326,14
327,14
328,14
329,14
91,15
181,15
230,15
330,15
331,15
332,15
333,15
334,15
335,15
336,15
337,15
344,15
345,15
346,15
347,15
348,15
349,15
350,15
91,16
181,16
230,16
338,16
339,16
340,16
341,16
342,16
343,16
351,16
352,16
353,16
354,16
355,16
356,16
91,17
180,17
230,17
357,17
358,17
359,17
360,17
361,17
362,17
363,17
364,17
365,17
91,18
180,18
231,18
366,18
367,18
368,18
369,18
370,18
371,18
372,18
373,18
374,18
375,18
376,18
91,19
180,19
231,19
377,19
378,19
91,20
179,20
231,20
379,20
91,21
179,21
232,21
380,21
91,22
179,22
232,22
379,22
90,23
178,23
232,23
378,23
90,24
177,24
232,24
378,24
90,25
177,25
232,25
378,25
90,26
176,26
233,26
377,26
90,27
176,27
234,27
377,27
90,28
176,28
234,28
377,28
90,29
176,29
234,29
377,29
90,30
176,30
234,30
377,30
90,31
175,31
235,31
377,31
90,32
174,32
235,32
377,32
89,33
173,33
236,33
377,33
89,34
173,34
236,34
377,34
89,35
172,35
237,35
377,35
89,36
172,36
237,36
377,36
89,37
171,37
238,37
377,37
89,38
171,38
238,38
377,38
89,39
170,39
239,39
377,39
89,40
169,40
239,40
377,40
89,41
169,41
240,41
377,41
89,42
169,42
240,42
377,42
89,43
168,43
241,43
377,43
89,44
168,44
241,44
377,44
89,45
168,45
241,45
377,45
89,46
167,46
242,46
377,46
89,47
167,47
242,47
377,47
88,48
167,48
242,48
376,48
88,49
167,49
243,49
377,49
88,50
167,50
243,50
377,50
88,51
167,51
243,51
377,51
88,52
167,52
243,52
377,52
88,53
168,53
243,53
376,53
88,54
168,54
242,54
376,54
88,55
169,55
242,55
376,55
88,56
170,56
241,56
376,56
88,57
170,57
240,57
376,57
88,58
171,58
239,58
376,58
88,59
172,59
239,59
376,59
88,60
172,60
239,60
376,60
87,61
173,61
238,61
376,61
87,62
174,62
236,62
237,62
377,62
87,63
175,63
235,63
377,63
87,64
176,64
177,64
178,64
234,64
377,64
88,65
179,65
180,65
233,65
377,65
88,66
181,66
231,66
232,66
377,66
87,67
182,67
183,67
229,67
230,67
377,67
88,68
184,68
228,68
377,68
87,69
185,69
186,69
187,69
226,69
227,69
377,69
87,70
188,70
189,70
225,70
377,70
87,71
190,71
191,71
224,71
377,71
87,72
192,72
221,72
222,72
223,72
377,72
87,73
193,73
194,73
195,73
196,73
219,73
220,73
377,73
87,74
197,74
198,74
215,74
216,74
217,74
218,74
377,74
87,75
199,75
200,75
201,75
212,75
213,75
214,75
377,75
87,76
202,76
203,76
204,76
205,76
206,76
207,76
208,76
209,76
210,76
211,76
377,76
87,77
377,77
87,78
377,78
87,79
377,79
86,80
377,80
86,81
377,81
86,82
377,82
86,83
376,83
85,84
376,84
27,85
28,85
29,85
30,85
31,85
85,85
376,85
22,86
23,86
24,86
25,86
26,86
32,86
33,86
34,86
35,86
36,86
85,86
376,86
21,87
37,87
38,87
39,87
40,87
84,87
376,87
20,88
41,88
84,88
376,88
18,89
19,89
42,89
43,89
84,89
321,89
322,89
323,89
324,89
376,89
17,90
44,90
45,90
47,90
84,90
315,90
316,90
317,90
318,90
319,90
320,90
325,90
326,90
327,90
375,90
15,91
16,91
46,91
48,91
49,91
50,91
83,91
313,91
314,91
328,91
329,91
330,91
375,91
14,92
51,92
52,92
53,92
82,92
311,92
312,92
331,92
332,92
375,92
13,93
54,93
82,93
310,93
333,93
334,93
335,93
375,93
13,94
55,94
81,94
309,94
336,94
337,94
374,94
12,95
56,95
57,95
58,95
59,95
80,95
308,95
338,95
339,95
373,95
11,96
60,96
79,96
307,96
340,96
345,96
373,96
10,97
61,97
62,97
63,97
64,97
65,97
76,97
77,97
78,97
306,97
341,97
342,97
343,97
344,97
346,97
347,97
372,97
9,98
66,98
67,98
68,98
71,98
72,98
73,98
74,98
75,98
305,98
348,98
349,98
350,98
372,98
9,99
69,99
70,99
304,99
351,99
352,99
371,99
8,100
303,100
353,100
354,100
370,100
7,101
302,101
355,101
356,101
357,101
369,101
7,102
301,102
358,102
359,102
360,102
361,102
362,102
363,102
364,102
365,102
366,102
367,102
368,102
6,103
301,103
6,104
300,104
5,105
299,105
4,106
299,106
4,107
298,107
4,108
298,108
3,109
297,109
2,110
297,110
2,111
296,111
2,112
295,112
2,113
295,113
2,114
294,114
1,115
294,115
1,116
293,116
1,117
293,117
1,118
293,118
1,119
293,119
0,120
293,120
0,121
292,121
0,122
291,122
0,123
292,123
1,124
292,124
2,125
292,125
2,126
292,126
2,127
292,127
2,128
292,128
2,129
292,129
3,130
292,130
3,131
292,131
3,132
292,132
3,133
293,133
4,134
293,134
4,135
293,135
4,136
293,136
5,137
294,137
5,138
294,138
5,139
294,139
6,140
295,140
6,141
296,141
7,142
296,142
7,143
296,143
8,144
297,144
8,145
297,145
9,146
298,146
10,147
62,147
63,147
64,147
65,147
66,147
67,147
68,147
298,147
10,148
57,148
58,148
59,148
60,148
61,148
69,148
70,148
71,148
72,148
298,148
11,149
55,149
56,149
73,149
74,149
299,149
12,150
53,150
54,150
75,150
300,150
12,151
50,151
51,151
52,151
75,151
300,151
13,152
48,152
49,152
76,152
77,152
301,152
14,153
47,153
78,153
302,153
15,154
16,154
43,154
44,154
45,154
46,154
78,154
303,154
354,154
355,154
356,154
357,154
358,154
359,154
360,154
361,154
362,154
363,154
17,155
41,155
42,155
79,155
303,155
350,155
351,155
352,155
353,155
364,155
365,155
366,155
18,156
19,156
38,156
39,156
40,156
79,156
304,156
347,156
348,156
349,156
367,156
20,157
21,157
22,157
23,157
34,157
35,157
36,157
37,157
80,157
305,157
346,157
368,157
24,158
25,158
26,158
27,158
28,158
29,158
30,158
31,158
32,158
33,158
80,158
306,158
345,158
369,158
80,159
307,159
342,159
343,159
344,159
370,159
80,160
308,160
340,160
341,160
370,160
80,161
309,161
338,161
339,161
371,161
79,162
310,162
311,162
334,162
335,162
336,162
337,162
371,162
80,163
81,163
312,163
330,163
331,163
332,163
333,163
372,163
82,164
313,164
314,164
315,164
316,164
326,164
327,164
328,164
329,164
372,164
82,165
317,165
318,165
319,165
320,165
321,165
322,165
323,165
324,165
325,165
372,165
82,166
373,166
82,167
373,167
82,168
373,168
82,169
373,169
82,170
373,170
82,171
373,171
82,172
373,172
83,173
373,173
83,174
373,174
83,175
373,175
83,176
373,176
83,177
373,177
83,178
373,178
84,179
373,179
84,180
373,180
84,181
373,181
84,182
374,182
84,183
374,183
85,184
374,184
85,185
374,185
85,186
374,186
85,187
374,187
85,188
374,188
86,189
374,189
86,190
374,190
86,191
374,191
86,192
374,192
86,193
374,193
86,194
374,194
86,195
374,195
86,196
374,196
86,197
374,197
86,198
374,198
86,199
374,199
86,200
374,200
87,201
374,201
87,202
374,202
87,203
374,203
87,204
374,204
87,205
374,205
87,206
374,206
88,207
374,207
88,208
374,208
88,209
374,209
88,210
374,210
88,211
374,211
88,212
374,212
88,213
374,213
88,214
374,214
88,215
374,215
88,216
374,216
88,217
373,217
88,218
373,218
88,219
374,219
87,220
374,220
87,221
374,221
87,222
374,222
87,223
110,223
111,223
112,223
113,223
114,223
115,223
116,223
117,223
118,223
167,223
168,223
169,223
170,223
175,223
176,223
374,223
88,224
89,224
107,224
108,224
109,224
119,224
120,224
121,224
122,224
123,224
124,224
125,224
126,224
127,224
128,224
129,224
130,224
131,224
132,224
133,224
134,224
135,224
136,224
137,224
138,224
139,224
140,224
141,224
142,224
143,224
144,224
145,224
146,224
147,224
148,224
149,224
150,224
151,224
152,224
153,224
154,224
155,224
156,224
157,224
158,224
159,224
160,224
161,224
162,224
163,224
164,224
165,224
166,224
171,224
172,224
173,224
174,224
177,224
178,224
179,224
180,224
181,224
182,224
183,224
184,224
185,224
186,224
187,224
188,224
189,224
190,224
191,224
192,224
193,224
374,224
90,225
91,225
92,225
93,225
94,225
95,225
96,225
97,225
98,225
99,225
100,225
101,225
102,225
103,225
104,225
105,225
106,225
194,225
195,225
196,225
197,225
198,225
199,225
289,225
290,225
374,225
200,226
201,226
281,226
282,226
283,226
284,226
287,226
288,226
291,226
292,226
293,226
294,226
295,226
296,226
297,226
298,226
299,226
300,226
301,226
302,226
303,226
305,226
306,226
307,226
374,226
202,227
203,227
278,227
279,227
280,227
285,227
286,227
304,227
308,227
309,227
310,227
311,227
312,227
313,227
314,227
315,227
373,227
204,228
205,228
275,228
276,228
277,228
316,228
317,228
318,228
319,228
320,228
321,228
322,228
323,228
324,228
325,228
326,228
327,228
373,228
206,229
273,229
274,229
328,229
329,229
330,229
331,229
332,229
373,229
207,230
272,230
333,230
334,230
335,230
336,230
337,230
338,230
339,230
340,230
341,230
342,230
343,230
344,230
346,230
347,230
348,230
349,230
350,230
351,230
352,230
353,230
354,230
355,230
356,230
357,230
358,230
359,230
373,230
208,231
271,231
345,231
360,231
361,231
362,231
363,231
372,231
209,232
270,232
364,232
365,232
366,232
367,232
368,232
369,232
370,232
371,232
210,233
269,233
210,234
268,234
210,235
267,235
210,236
267,236
210,237
266,237
211,238
266,238
211,239
266,239
211,240
266,240
211,241
266,241
211,242
266,242
212,243
267,243
212,244
267,244
211,245
268,245
211,246
268,246
211,247
268,247
210,248
269,248
210,249
269,249
209,250
269,250
209,251
270,251
209,252
270,252
208,253
271,253
207,254
271,254
207,255
271,255
206,256
272,256
204,257
205,257
273,257
203,258
274,258
202,259
274,259
201,260
275,260
201,261
276,261
200,262
277,262
199,263
278,263
199,264
278,264
198,265
279,265
197,266
280,266
197,267
280,267
196,268
281,268
195,269
282,269
194,270
283,270
194,271
284,271
193,272
284,272
193,273
284,273
192,274
285,274
192,275
285,275
192,276
286,276
192,277
286,277
192,278
286,278
192,279
286,279
192,280
286,280
192,281
285,281
192,282
285,282
193,283
285,283
193,284
285,284
194,285
284,285
195,286
283,286
196,287
283,287
196,288
282,288
197,289
281,289
198,290
280,290
199,291
279,291
200,292
278,292
201,293
202,293
276,293
277,293
203,294
275,294
204,295
205,295
273,295
274,295
206,296
207,296
270,296
271,296
272,296
208,297
209,297
210,297
211,297
265,297
266,297
267,297
268,297
269,297
212,298
213,298
260,298
261,298
262,298
263,298
264,298
214,299
215,299
216,299
217,299
218,299
253,299
254,299
255,299
256,299
257,299
258,299
259,299
219,300
220,300
221,300
222,300
223,300
224,300
225,300
226,300
228,300
229,300
230,300
231,300
232,300
233,300
234,300
235,300
236,300
237,300
238,300
239,300
240,300
241,300
242,300
243,300
244,300
245,300
246,300
247,300
248,300
249,300
250,300
251,300
252,300
227,301