79,0
79,1
79,2
79,3
79,4
79,5
79,6
79,7
79,8
79,9
79,10
79,11
78,12
78,13
78,14
78,15
78,16
79,17
79,18
79,19
79,20
79,21
79,22
79,23
79,24
79,25
79,26
79,27
79,28
79,29
79,30
79,31
79,32
79,33
79,34
79,35
78,36
79,37
79,38
79,39
79,40
79,41
79,42
79,43
78,44
78,45
78,46
78,47
78,48
78,49
78,50
78,51
78,52
78,53
78,54
78,55
78,56
78,57
78,58
78,59
78,60
78,61
78,62
78,63
78,64
78,65
78,66
77,67
77,68
77,69
77,70
77,71
77,72
24,73
25,73
26,73
27,73
28,73
76,73
20,74
21,74
22,74
23,74
29,74
30,74
76,74
19,75
31,75
32,75
33,75
76,75
17,76
18,76
34,76
35,76
36,76
76,76
16,77
37,77
75,77
15,78
38,78
39,78
75,78
14,79
40,79
41,79
75,79
13,80
42,80
43,80
75,80
12,81
44,81
45,81
74,81
11,82
46,82
47,82
73,82
11,83
48,83
49,83
72,83
10,84
50,84
51,84
71,84
10,85
52,85
71,85
9,86
53,86
54,86
68,86
69,86
70,86
8,87
55,87
56,87
57,87
58,87
64,87
65,87
66,87
67,87
8,88
59,88
60,88
61,88
62,88
63,88
7,89
7,90
7,91
6,92
6,93
6,94
5,95
4,96
4,97
4,98
4,99
4,100
3,101
3,102
3,103
2,104
2,105
2,106
1,107
1,108
1,109
1,110
1,111
0,112
0,113
0,114
1,115
0,116
0,117
0,118
0,119
1,120
1,121
1,122
2,123
2,124
2,125
2,126
2,127
3,128
3,129
3,130
3,131
3,132
4,133
4,134
4,135
5,136
5,137
6,138
6,139
7,140
58,140
59,140
60,140
61,140
62,140
63,140
64,140
7,141
54,141
55,141
56,141
57,141
65,141
66,141
67,141
8,142
53,142
68,142
9,143
51,143
52,143
68,143
9,144
49,144
50,144
69,144
10,145
47,145
48,145
70,145
11,146
45,146
46,146
71,146
11,147
42,147
43,147
44,147
71,147
11,148
40,148
41,148
72,148
12,149
38,149
39,149
73,149
13,150
37,150
73,150
14,151
36,151
74,151
15,152
33,152
34,152
35,152
74,152
16,153
17,153
29,153
30,153
31,153
32,153
74,153
18,154
27,154
28,154
74,154
19,155
21,155
22,155
23,155
24,155
25,155
26,155
74,155
18,156
20,156
74,156
19,157
75,157
75,158
75,159
75,160
75,161
75,162
75,163
76,164
76,165
75,166
76,167
76,168
76,169
76,170
76,171
76,172
76,173
76,174
76,175
76,176
76,177
76,178
76,179
76,180
76,181
75,182
75,183
75,184
75,185
75,186
75,187
76,188
76,189
76,190
76,191
71,192
72,192
76,192
70,193
73,193
76,193
70,194
74,194
75,194
70,195
70,196
74,196
71,197
73,197
75,197
72,198
75,198
75,199
75,200
75,201
76,202
76,203
76,204
76,205
76,206
76,207
76,208
76,209
76,210
75,211
75,212
76,213
76,214
75,215
75,216
75,217
75,218
75,219
75,220
76,221
75,222
75,223
75,224
75,225
76,226
75,227
75,228
76,229
76,230
76,231
76,232
75,233
75,234
75,235
75,236
76,237
76,238
76,239
76,240
76,241
76,242
76,243
76,244
76,245
76,246
76,247
76,248
76,249
76,250
76,251
76,252
76,253
76,254
76,255
76,256
76,257
76,258
76,259
76,260
76,261
76,262
76,263
76,264
76,265
76,266
76,267
76,268
76,269
76,270
76,271
76,272
76,273
76,274
76,275
76,276
76,277
76,278
76,279
76,280
76,281
76,282
76,283
76,284
76,285
76,286
76,287
76,288
76,289
77,290
77,291
78,292
78,293