252,0
253,0
254,0
255,0
256,0
242,1
243,1
244,1
245,1
246,1
247,1
248,1
249,1
250,1
251,1
257,1
258,1
259,1
260,1
261,1
262,1
234,2
235,2
236,2
237,2
238,2
239,2
240,2
241,2
263,2
264,2
265,2
266,2
231,3
232,3
233,3
267,3
268,3
269,3
270,3
230,4
271,4
274,4
275,4
226,5
227,5
228,5
229,5
272,5
273,5
276,5
277,5
225,6
278,6
279,6
280,6
222,7
223,7
224,7
281,7
219,8
220,8
221,8
282,8
218,9
283,9
284,9
217,10
285,10
215,11
216,11
286,11
287,11
214,12
288,12
213,13
288,13
213,14
289,14
211,15
212,15
290,15
210,16
290,16
210,17
291,17
209,18
291,18
209,19
292,19
209,20
293,20
209,21
293,21
209,22
293,22
208,23
293,23
208,24
293,24
209,25
293,25
209,26
294,26
210,27
294,27
211,28
293,28
211,29
292,29
212,30
292,30
212,31
292,31
213,32
291,32
214,33
290,33
214,34
289,34
214,35
288,35
215,36
288,36
216,37
287,37
216,38
287,38
217,39
285,39
286,39
218,40
284,40
218,41
284,41
219,42
283,42
219,43
282,43
220,44
281,44
221,45
281,45
222,46
280,46
222,47
279,47
223,48
279,48
224,49
278,49
225,50
278,50
225,51
277,51
226,52
277,52
227,53
276,53
227,54
276,54
227,55
275,55
227,56
275,56
227,57
275,57
227,58
274,58
228,59
274,59
228,60
274,60
229,61
274,61
229,62
274,62
229,63
273,63
229,64
273,64
229,65
273,65
228,66
274,66
228,67
274,67
227,68
275,68
227,69
275,69
227,70
276,70
226,71
277,71
278,71
226,72
279,72
224,73
225,73
279,73
222,74
223,74
280,74
281,74
218,75
219,75
220,75
221,75
282,75
283,75
217,76
284,76
285,76
212,77
213,77
214,77
215,77
216,77
286,77
287,77
288,77
193,78
210,78
211,78
289,78
290,78
291,78
188,79
189,79
190,79
191,79
192,79
194,79
195,79
196,79
197,79
198,79
199,79
200,79
201,79
202,79
203,79
204,79
205,79
206,79
207,79
208,79
209,79
292,79
293,79
294,79
295,79
298,79
299,79
300,79
301,79
302,79
179,80
180,80
181,80
182,80
183,80
184,80
185,80
186,80
187,80
296,80
297,80
303,80
304,80
305,80
306,80
307,80
308,80
309,80
318,80
327,80
328,80
172,81
173,81
174,81
175,81
176,81
177,81
178,81
310,81
311,81
312,81
313,81
314,81
315,81
316,81
317,81
319,81
320,81
321,81
322,81
323,81
324,81
325,81
326,81
329,81
330,81
152,82
153,82
154,82
155,82
156,82
157,82
158,82
166,82
167,82
168,82
169,82
170,82
171,82
331,82
332,82
333,82
334,82
335,82
336,82
337,82
342,82
343,82
344,82
345,82
346,82
347,82
144,83
145,83
146,83
147,83
148,83
149,83
150,83
151,83
159,83
160,83
161,83
162,83
163,83
164,83
165,83
338,83
339,83
340,83
341,83
348,83
349,83
350,83
351,83
352,83
353,83
354,83
355,83
356,83
357,83
364,83
365,83
128,84
129,84
130,84
131,84
132,84
133,84
134,84
135,84
136,84
137,84
138,84
139,84
140,84
141,84
142,84
143,84
358,84
359,84
360,84
361,84
362,84
363,84
366,84
367,84
368,84
369,84
370,84
371,84
372,84
373,84
374,84
122,85
123,85
124,85
125,85
126,85
127,85
375,85
376,85
92,86
93,86
94,86
95,86
96,86
100,86
101,86
102,86
103,86
104,86
105,86
106,86
107,86
108,86
109,86
110,86
111,86
112,86
113,86
114,86
115,86
116,86
117,86
118,86
119,86
120,86
121,86
377,86
85,87
86,87
87,87
88,87
89,87
90,87
91,87
97,87
98,87
99,87
377,87
84,88
377,88
84,89
377,89
84,90
378,90
84,91
378,91
84,92
378,92
84,93
378,93
84,94
378,94
84,95
378,95
84,96
378,96
85,97
378,97
84,98
377,98
84,99
377,99
84,100
377,100
84,101
376,101
83,102
376,102
83,103
376,103
83,104
376,104
83,105
375,105
83,106
375,106
83,107
375,107
83,108
375,108
82,109
375,109
82,110
375,110
82,111
374,111
82,112
375,112
82,113
375,113
82,114
374,114
82,115
374,115
82,116
374,116
82,117
374,117
82,118
374,118
83,119
374,119
83,120
374,120
83,121
374,121
83,122
373,122
82,123
373,123
82,124
372,124
82,125
371,125
82,126
371,126
82,127
371,127
82,128
371,128
82,129
371,129
82,130
371,130
82,131
370,131
81,132
370,132
81,133
370,133
80,134
370,134
80,135
371,135
80,136
371,136
80,137
370,137
80,138
370,138
80,139
370,139
80,140
370,140
81,141
369,141
81,142
369,142
80,143
369,143
80,144
368,144
80,145
368,145
80,146
368,146
80,147
368,147
80,148
368,148
80,149
368,149
79,150
368,150
79,151
367,151
79,152
367,152
79,153
367,153
78,154
367,154
78,155
367,155
20,156
21,156
22,156
23,156
24,156
25,156
26,156
27,156
28,156
78,156
367,156
17,157
18,157
19,157
29,157
30,157
77,157
367,157
16,158
31,158
32,158
77,158
367,158
14,159
15,159
33,159
35,159
77,159
367,159
13,160
34,160
36,160
37,160
38,160
76,160
366,160
13,161
39,161
76,161
366,161
12,162
40,162
41,162
75,162
366,162
11,163
42,163
75,163
365,163
10,164
43,164
44,164
75,164
366,164
9,165
45,165
46,165
74,165
366,165
9,166
47,166
74,166
366,166
8,167
48,167
49,167
72,167
73,167
366,167
8,168
50,168
51,168
52,168
71,168
365,168
8,169
53,169
71,169
365,169
7,170
54,170
55,170
56,170
58,170
59,170
67,170
68,170
69,170
70,170
365,170
6,171
57,171
60,171
61,171
62,171
63,171
65,171
66,171
365,171
6,172
64,172
365,172
5,173
364,173
5,174
364,174
4,175
364,175
4,176
364,176
3,177
363,177
3,178
363,178
3,179
364,179
3,180
363,180
2,181
363,181
2,182
363,182
2,183
363,183
1,184
363,184
1,185
363,185
1,186
363,186
2,187
363,187
2,188
362,188
2,189
362,189
1,190
362,190
1,191
362,191
1,192
362,192
1,193
362,193
1,194
362,194
1,195
362,195
1,196
362,196
1,197
362,197
414,197
415,197
416,197
417,197
418,197
419,197
420,197
421,197
422,197
423,197
424,197
425,197
0,198
363,198
411,198
412,198
413,198
426,198
427,198
0,199
363,199
410,199
428,199
429,199
430,199
431,199
432,199
433,199
0,200
363,200
408,200
409,200
434,200
0,201
364,201
406,201
407,201
435,201
0,202
364,202
404,202
405,202
436,202
0,203
365,203
366,203
367,203
402,203
403,203
437,203
0,204
368,204
400,204
401,204
438,204
0,205
369,205
398,205
399,205
438,205
0,206
370,206
395,206
396,206
397,206
439,206
0,207
370,207
394,207
439,207
0,208
371,208
372,208
374,208
391,208
392,208
393,208
439,208
1,209
373,209
375,209
390,209
440,209
1,210
376,210
389,210
440,210
1,211
377,211
378,211
386,211
387,211
388,211
441,211
1,212
379,212
380,212
381,212
382,212
383,212
384,212
385,212
442,212
1,213
442,213
1,214
442,214
1,215
443,215
1,216
444,216
2,217
444,217
2,218
444,218
2,219
444,219
2,220
444,220
2,221
445,221
2,222
446,222
2,223
446,223
2,224
447,224
2,225
447,225
2,226
447,226
2,227
447,227
2,228
447,228
3,229
447,229
4,230
447,230
5,231
447,231
5,232
447,232
5,233
447,233
5,234
63,234
447,234
6,235
59,235
60,235
61,235
62,235
64,235
65,235
66,235
67,235
68,235
447,235
6,236
58,236
69,236
228,236
229,236
230,236
231,236
232,236
233,236
234,236
236,236
237,236
238,236
446,236
6,237
54,237
55,237
56,237
57,237
70,237
223,237
224,237
225,237
226,237
227,237
235,237
239,237
240,237
241,237
242,237
243,237
244,237
245,237
251,237
252,237
253,237
446,237
7,238
51,238
52,238
53,238
71,238
214,238
215,238
216,238
217,238
218,238
219,238
220,238
221,238
222,238
246,238
247,238
248,238
249,238
250,238
254,238
255,238
446,238
8,239
48,239
49,239
50,239
72,239
73,239
213,239
256,239
257,239
258,239
259,239
260,239
261,239
262,239
263,239
264,239
445,239
8,240
45,240
46,240
47,240
74,240
210,240
211,240
212,240
265,240
445,240
9,241
44,241
75,241
202,241
203,241
206,241
207,241
208,241
209,241
266,241
267,241
445,241
9,242
42,242
43,242
75,242
200,242
201,242
204,242
205,242
268,242
444,242
10,243
41,243
76,243
199,243
269,243
445,243
10,244
39,244
40,244
76,244
198,244
269,244
444,244
11,245
12,245
37,245
38,245
77,245
197,245
270,245
271,245
444,245
13,246
36,246
77,246
196,246
272,246
443,246
14,247
15,247
34,247
35,247
78,247
194,247
195,247
273,247
274,247
443,247
16,248
32,248
33,248
78,248
193,248
275,248
276,248
442,248
17,249
18,249
31,249
78,249
192,249
277,249
442,249
19,250
20,250
21,250
22,250
23,250
24,250
25,250
26,250
27,250
28,250
29,250
30,250
79,250
191,250
278,250
441,250
80,251
191,251
279,251
441,251
80,252
190,252
279,252
440,252
80,253
189,253
279,253
376,253
377,253
378,253
379,253
439,253
81,254
188,254
279,254
373,254
374,254
375,254
380,254
381,254
382,254
383,254
384,254
385,254
438,254
81,255
188,255
280,255
372,255
386,255
438,255
81,256
188,256
281,256
371,256
387,256
437,256
81,257
187,257
281,257
370,257
387,257
436,257
81,258
186,258
281,258
368,258
369,258
388,258
389,258
435,258
81,259
186,259
281,259
367,259
390,259
435,259
81,260
186,260
281,260
367,260
391,260
394,260
434,260
81,261
186,261
281,261
367,261
392,261
393,261
395,261
396,261
397,261
398,261
399,261
433,261
81,262
186,262
281,262
366,262
400,262
432,262
81,263
186,263
281,263
365,263
401,263
430,263
431,263
81,264
186,264
281,264
365,264
402,264
403,264
404,264
429,264
81,265
187,265
281,265
365,265
405,265
406,265
428,265
81,266
187,266
281,266
364,266
407,266
426,266
427,266
81,267
188,267
281,267
365,267
408,267
409,267
423,267
424,267
425,267
81,268
188,268
281,268
364,268
410,268
411,268
413,268
414,268
415,268
416,268
417,268
418,268
419,268
420,268
421,268
422,268
81,269
189,269
281,269
364,269
412,269
81,270
189,270
280,270
364,270
81,271
190,271
191,271
280,271
363,271
82,272
192,272
279,272
363,272
83,273
193,273
278,273
363,273
83,274
194,274
277,274
363,274
83,275
194,275
277,275
363,275
83,276
194,276
276,276
362,276
83,277
195,277
275,277
362,277
83,278
196,278
274,278
362,278
83,279
196,279
273,279
361,279
83,280
197,280
273,280
361,280
83,281
197,281
272,281
361,281
83,282
198,282
271,282
361,282
83,283
199,283
270,283
361,283
83,284
199,284
269,284
361,284
83,285
200,285
268,285
361,285
83,286
200,286
267,286
360,286
83,287
200,287
266,287
360,287
83,288
201,288
266,288
360,288
83,289
201,289
266,289
361,289
83,290
201,290
265,290
361,290
84,291
201,291
266,291
361,291
84,292
202,292
265,292
361,292
84,293
203,293
265,293
360,293
84,294
203,294
265,294
360,294
85,295
203,295
264,295
359,295
85,296
204,296
263,296
359,296
85,297
204,297
263,297
359,297
85,298
204,298
263,298
359,298
85,299
204,299
262,299
359,299
85,300
204,300
262,300
359,300
85,301
204,301
262,301
359,301
85,302
204,302
262,302
359,302
85,303
204,303
263,303
359,303
85,304
204,304
264,304
358,304
85,305
204,305
264,305
358,305
85,306
204,306
265,306
358,306
85,307
203,307
265,307
358,307
85,308
201,308
202,308
266,308
267,308
358,308
85,309
200,309
268,309
269,309
358,309
85,310
199,310
270,310
271,310
358,310
84,311
198,311
272,311
273,311
359,311
84,312
196,312
197,312
274,312
275,312
276,312
277,312
358,312
84,313
193,313
194,313
195,313
278,313
281,313
358,313
84,314
192,314
279,314
280,314
282,314
283,314
284,314
285,314
286,314
287,314
303,314
304,314
305,314
306,314
307,314
309,314
358,314
85,315
86,315
87,315
88,315
89,315
90,315
127,315
128,315
129,315
130,315
131,315
132,315
137,315
138,315
149,315
150,315
151,315
152,315
153,315
154,315
156,315
157,315
158,315
159,315
171,315
172,315
186,315
187,315
188,315
189,315
190,315
191,315
288,315
289,315
290,315
291,315
292,315
293,315
294,315
295,315
296,315
297,315
301,315
302,315
308,315
310,315
311,315
312,315
313,315
332,315
333,315
334,315
357,315
91,316
92,316
93,316
94,316
95,316
96,316
97,316
98,316
99,316
100,316
101,316
102,316
105,316
106,316
107,316
108,316
109,316
110,316
111,316
112,316
113,316
114,316
115,316
116,316
117,316
118,316
119,316
120,316
121,316
122,316
123,316
124,316
125,316
126,316
133,316
134,316
135,316
136,316
139,316
140,316
141,316
142,316
143,316
144,316
145,316
146,316
147,316
148,316
155,316
160,316
161,316
162,316
163,316
164,316
165,316
166,316
167,316
168,316
169,316
170,316
173,316
174,316
175,316
176,316
177,316
178,316
179,316
180,316
181,316
182,316
183,316
184,316
185,316
298,316
299,316
300,316
314,316
315,316
316,316
326,316
327,316
328,316
329,316
330,316
331,316
335,316
336,316
337,316
338,316
339,316
340,316
341,316
342,316
343,316
344,316
345,316
346,316
348,316
349,316
350,316
351,316
352,316
353,316
354,316
355,316
356,316
103,317
104,317
317,317
318,317
319,317
320,317
321,317
322,317
323,317
324,317
325,317
347,317