77,0
77,1
77,2
77,3
77,4
78,5
78,6
78,7
78,8
78,9
78,10
78,11
78,12
78,13
78,14
78,15
78,16
77,17
77,18
77,19
77,20
77,21
77,22
77,23
78,24
78,25
78,26
78,27
78,28
78,29
78,30
78,31
78,32
78,33
78,34
78,35
78,36
78,37
78,38
78,39
78,40
79,41
79,42
79,43
79,44
79,45
79,46
79,47
79,48
79,49
79,50
79,51
79,52
79,53
79,54
79,55
79,56
79,57
79,58
79,59
79,60
79,61
79,62
79,63
78,64
78,65
79,66
79,67
79,68
79,69
79,70
79,71
79,72
78,73
78,74
78,75
78,76
78,77
27,78
28,78
29,78
77,78
23,79
24,79
25,79
26,79
30,79
77,79
21,80
22,80
31,80
32,80
33,80
34,80
35,80
76,80
19,81
20,81
36,81
37,81
76,81
18,82
38,82
39,82
40,82
41,82
75,82
17,83
42,83
43,83
44,83
72,83
73,83
74,83
15,84
16,84
45,84
46,84
47,84
70,84
71,84
14,85
48,85
49,85
50,85
69,85
13,86
51,86
52,86
53,86
68,86
12,87
54,87
55,87
68,87
12,88
56,88
57,88
58,88
59,88
61,88
67,88
11,89
60,89
62,89
63,89
64,89
65,89
66,89
10,90
9,91
9,92
8,93
8,94
7,95
6,96
6,97
6,98
5,99
5,100
4,101
4,102
4,103
3,104
3,105
2,106
2,107
2,108
1,109
0,110
0,111
0,112
0,113
0,114
0,115
0,116
0,117
0,118
0,119
1,120
1,121
1,122
1,123
2,124
2,125
3,126
3,127
4,128
4,129
4,130
5,131
5,132
6,133
6,134
7,135
7,136
8,137
9,138
9,139
10,140
64,140
65,140
66,140
67,140
68,140
11,141
61,141
62,141
63,141
69,141
70,141
71,141
11,142
57,142
58,142
59,142
60,142
72,142
73,142
12,143
55,143
56,143
74,143
13,144
52,144
53,144
54,144
75,144
14,145
50,145
51,145
76,145
15,146
48,146
49,146
76,146
16,147
45,147
46,147
47,147
77,147
17,148
18,148
43,148
44,148
77,148
19,149
40,149
41,149
42,149
78,149
20,150
21,150
22,150
37,150
38,150
39,150
78,150
23,151
24,151
25,151
26,151
27,151
28,151
29,151
33,151
34,151
35,151
36,151
78,151
30,152
31,152
32,152
78,152
79,153
79,154
80,155
80,156
80,157
79,158
79,159
79,160
79,161
80,162
80,163
80,164
80,165
80,166
80,167
80,168
79,169
79,170
79,171
79,172
80,173
80,174
79,175
79,176
79,177
79,178
79,179
79,180
79,181
79,182
79,183
79,184
79,185
79,186
79,187
79,188
79,189
79,190
79,191
79,192
79,193
79,194
79,195
79,196
79,197
79,198
79,199
79,200
79,201
79,202
79,203
78,204
77,205
77,206
77,207
77,208
77,209
77,210
77,211
77,212
77,213
77,214
77,215
77,216
77,217
77,218
77,219
77,220
77,221
77,222
77,223
77,224
77,225
77,226
77,227
77,228
77,229
77,230
77,231
77,232
77,233
77,234
77,235
77,236
77,237
77,238
76,239
76,240
76,241
77,242
77,243
77,244
77,245
77,246
76,247
76,248
76,249
76,250
75,251
75,252
75,253
75,254
75,255
75,256
76,257