87,0
88,0
89,0
90,0
91,0
92,0
93,0
94,0
95,0
96,0
97,0
98,0
99,0
100,0
101,0
102,0
103,0
86,1
104,1
105,1
106,1
107,1
108,1
109,1
110,1
111,1
112,1
85,2
113,2
114,2
115,2
116,2
117,2
118,2
84,3
119,3
120,3
121,3
122,3
83,4
123,4
124,4
125,4
126,4
127,4
128,4
129,4
130,4
131,4
132,4
133,4
134,4
135,4
136,4
137,4
138,4
139,4
140,4
141,4
142,4
82,5
143,5
144,5
145,5
146,5
147,5
148,5
82,6
149,6
150,6
151,6
152,6
153,6
154,6
155,6
156,6
157,6
158,6
159,6
160,6
161,6
162,6
163,6
82,7
164,7
165,7
247,7
250,7
251,7
252,7
253,7
254,7
255,7
256,7
257,7
258,7
259,7
260,7
261,7
262,7
264,7
265,7
266,7
267,7
268,7
269,7
270,7
272,7
82,8
166,8
167,8
168,8
237,8
238,8
239,8
240,8
241,8
242,8
243,8
244,8
245,8
246,8
248,8
249,8
263,8
271,8
273,8
287,8
290,8
292,8
82,9
169,9
170,9
232,9
233,9
234,9
235,9
236,9
274,9
275,9
276,9
277,9
278,9
279,9
280,9
281,9
282,9
283,9
284,9
285,9
286,9
288,9
289,9
291,9
293,9
294,9
295,9
296,9
297,9
298,9
299,9
300,9
301,9
302,9
303,9
304,9
305,9
306,9
307,9
308,9
309,9
310,9
311,9
312,9
313,9
314,9
315,9
316,9
317,9
318,9
319,9
320,9
321,9
322,9
323,9
324,9
325,9
326,9
327,9
328,9
329,9
330,9
331,9
332,9
333,9
334,9
335,9
336,9
337,9
338,9
339,9
340,9
341,9
342,9
343,9
344,9
345,9
346,9
347,9
348,9
349,9
350,9
351,9
82,10
171,10
172,10
229,10
230,10
231,10
352,10
353,10
354,10
355,10
356,10
357,10
358,10
359,10
360,10
82,11
173,11
174,11
228,11
361,11
362,11
363,11
364,11
365,11
366,11
367,11
368,11
369,11
370,11
371,11
372,11
373,11
374,11
375,11
376,11
82,12
175,12
227,12
377,12
82,13
176,13
226,13
377,13
82,14
177,14
225,14
377,14
82,15
178,15
225,15
377,15
82,16
179,16
224,16
377,16
82,17
179,17
223,17
377,17
82,18
179,18
223,18
377,18
82,19
179,19
223,19
377,19
82,20
179,20
223,20
378,20
81,21
179,21
222,21
378,21
81,22
179,22
223,22
377,22
81,23
178,23
222,23
377,23
81,24
179,24
222,24
377,24
81,25
178,25
222,25
377,25
81,26
178,26
223,26
377,26
81,27
177,27
223,27
377,27
81,28
177,28
223,28
377,28
81,29
176,29
223,29
377,29
81,30
175,30
223,30
377,30
81,31
175,31
224,31
377,31
81,32
174,32
224,32
378,32
81,33
174,33
225,33
378,33
81,34
173,34
225,34
378,34
81,35
172,35
226,35
378,35
81,36
171,36
226,36
377,36
81,37
170,37
227,37
377,37
81,38
170,38
228,38
377,38
81,39
169,39
229,39
377,39
81,40
168,40
230,40
377,40
81,41
167,41
230,41
377,41
81,42
166,42
231,42
377,42
81,43
165,43
231,43
377,43
81,44
164,44
232,44
377,44
81,45
163,45
233,45
377,45
81,46
162,46
234,46
377,46
81,47
161,47
235,47
377,47
81,48
161,48
236,48
377,48
81,49
160,49
237,49
377,49
80,50
159,50
238,50
377,50
28,51
80,51
159,51
238,51
377,51
22,52
23,52
24,52
25,52
26,52
27,52
29,52
30,52
31,52
32,52
33,52
80,52
158,52
238,52
377,52
17,53
18,53
19,53
20,53
21,53
34,53
35,53
36,53
37,53
38,53
80,53
158,53
239,53
377,53
15,54
16,54
39,54
40,54
80,54
158,54
240,54
377,54
14,55
41,55
79,55
157,55
240,55
377,55
13,56
42,56
79,56
156,56
241,56
377,56
12,57
43,57
44,57
45,57
79,57
156,57
242,57
377,57
11,58
46,58
47,58
78,58
156,58
242,58
377,58
10,59
48,59
49,59
78,59
156,59
242,59
377,59
10,60
50,60
51,60
78,60
156,60
242,60
377,60
9,61
52,61
53,61
77,61
156,61
243,61
377,61
8,62
54,62
55,62
56,62
77,62
156,62
243,62
377,62
8,63
57,63
58,63
76,63
156,63
243,63
377,63
7,64
59,64
60,64
75,64
157,64
243,64
377,64
6,65
61,65
62,65
63,65
64,65
74,65
158,65
242,65
377,65
6,66
65,66
66,66
67,66
68,66
69,66
70,66
71,66
72,66
73,66
158,66
242,66
377,66
5,67
159,67
242,67
377,67
5,68
160,68
241,68
377,68
4,69
161,69
241,69
377,69
4,70
162,70
240,70
377,70
4,71
163,71
240,71
377,71
4,72
164,72
165,72
239,72
377,72
3,73
166,73
239,73
377,73
2,74
167,74
237,74
238,74
377,74
2,75
168,75
169,75
235,75
236,75
377,75
2,76
170,76
171,76
172,76
173,76
234,76
378,76
2,77
174,77
175,77
176,77
232,77
233,77
378,77
1,78
177,78
178,78
179,78
180,78
181,78
229,78
230,78
231,78
378,78
1,79
182,79
183,79
184,79
226,79
227,79
228,79
378,79
427,79
428,79
430,79
431,79
432,79
433,79
434,79
435,79
436,79
1,80
185,80
186,80
187,80
188,80
189,80
190,80
195,80
222,80
223,80
224,80
225,80
378,80
426,80
429,80
437,80
438,80
439,80
440,80
0,81
191,81
192,81
193,81
194,81
196,81
197,81
198,81
199,81
217,81
218,81
219,81
220,81
221,81
378,81
423,81
424,81
425,81
441,81
0,82
200,82
201,82
204,82
205,82
206,82
207,82
208,82
209,82
210,82
211,82
212,82
213,82
214,82
215,82
216,82
378,82
422,82
442,82
0,83
202,83
203,83
377,83
420,83
421,83
443,83
0,84
377,84
417,84
418,84
419,84
443,84
0,85
378,85
415,85
416,85
444,85
0,86
379,86
414,86
445,86
0,87
379,87
412,87
413,87
445,87
0,88
379,88
410,88
411,88
446,88
0,89
379,89
408,89
409,89
447,89
0,90
380,90
407,90
447,90
1,91
381,91
406,91
447,91
1,92
381,92
405,92
448,92
1,93
381,93
403,93
404,93
449,93
1,94
382,94
402,94
450,94
2,95
383,95
399,95
400,95
401,95
450,95
2,96
384,96
385,96
386,96
398,96
450,96
2,97
387,97
396,97
397,97
451,97
2,98
388,98
389,98
390,98
391,98
392,98
393,98
394,98
395,98
451,98
3,99
451,99
4,100
452,100
4,101
452,101
5,102
452,102
5,103
452,103
6,104
453,104
6,105
453,105
7,106
454,106
8,107
454,107
8,108
454,108
8,109
455,109
9,110
455,110
10,111
455,111
11,112
455,112
12,113
455,113
12,114
67,114
68,114
69,114
455,114
13,115
61,115
62,115
63,115
64,115
65,115
66,115
70,115
71,115
72,115
455,115
14,116
60,116
73,116
74,116
455,116
15,117
16,117
56,117
57,117
58,117
59,117
75,117
455,117
17,118
53,118
54,118
55,118
76,118
455,118
18,119
19,119
52,119
76,119
455,119
20,120
51,120
77,120
455,120
21,121
22,121
48,121
49,121
50,121
78,121
455,121
23,122
24,122
47,122
79,122
455,122
25,123
26,123
44,123
45,123
46,123
79,123
455,123
27,124
28,124
29,124
30,124
34,124
35,124
36,124
37,124
38,124
39,124
40,124
41,124
42,124
43,124
79,124
455,124
31,125
32,125
33,125
80,125
455,125
80,126
455,126
80,127
455,127
80,128
455,128
80,129
455,129
81,130
454,130
81,131
454,131
81,132
454,132
81,133
453,133
81,134
453,134
81,135
453,135
82,136
453,136
82,137
452,137
82,138
452,138
82,139
452,139
82,140
452,140
82,141
387,141
388,141
389,141
390,141
391,141
392,141
451,141
82,142
385,142
386,142
393,142
451,142
82,143
384,143
394,143
395,143
396,143
451,143
82,144
383,144
397,144
398,144
450,144
82,145
382,145
399,145
450,145
82,146
381,146
400,146
401,146
449,146
82,147
381,147
402,147
449,147
82,148
380,148
403,148
449,148
82,149
380,149
404,149
405,149
448,149
82,150
379,150
406,150
448,150
82,151
379,151
407,151
408,151
447,151
82,152
378,152
409,152
446,152
82,153
378,153
410,153
445,153
82,154
378,154
411,154
412,154
445,154
82,155
377,155
413,155
444,155
82,156
377,156
414,156
415,156
443,156
82,157
377,157
416,157
417,157
443,157
82,158
376,158
418,158
419,158
441,158
442,158
81,159
376,159
420,159
421,159
422,159
423,159
424,159
440,159
81,160
376,160
425,160
426,160
437,160
438,160
439,160
81,161
375,161
427,161
433,161
434,161
435,161
436,161
81,162
375,162
428,162
429,162
430,162
431,162
432,162
81,163
375,163
81,164
375,164
81,165
375,165
81,166
375,166
81,167
375,167
81,168
375,168
81,169
375,169
81,170
194,170
195,170
200,170
201,170
375,170
81,171
191,171
192,171
193,171
196,171
197,171
198,171
199,171
202,171
203,171
204,171
205,171
206,171
207,171
374,171
81,172
186,172
187,172
188,172
189,172
190,172
208,172
209,172
210,172
211,172
212,172
213,172
374,172
81,173
183,173
184,173
185,173
214,173
215,173
216,173
374,173
81,174
181,174
182,174
217,174
218,174
374,174
81,175
178,175
179,175
180,175
219,175
220,175
374,175
81,176
174,176
175,176
176,176
177,176
221,176
222,176
374,176
81,177
173,177
223,177
224,177
374,177
81,178
172,178
225,178
226,178
374,178
81,179
169,179
170,179
171,179
227,179
228,179
375,179
81,180
168,180
229,180
230,180
375,180
81,181
167,181
231,181
375,181
81,182
167,182
232,182
375,182
81,183
166,183
233,183
374,183
81,184
165,184
233,184
374,184
81,185
164,185
234,185
374,185
81,186
163,186
234,186
374,186
81,187
162,187
234,187
374,187
81,188
161,188
235,188
375,188
81,189
161,189
235,189
374,189
81,190
160,190
235,190
374,190
81,191
160,191
235,191
375,191
81,192
159,192
235,192
375,192
81,193
158,193
236,193
375,193
81,194
157,194
235,194
375,194
81,195
157,195
235,195
374,195
81,196
157,196
235,196
374,196
81,197
157,197
235,197
375,197
81,198
157,198
235,198
375,198
81,199
157,199
234,199
374,199
81,200
157,200
234,200
374,200
81,201
157,201
233,201
374,201
81,202
157,202
233,202
374,202
81,203
157,203
233,203
374,203
81,204
158,204
232,204
374,204
81,205
158,205
232,205
374,205
81,206
158,206
231,206
375,206
81,207
158,207
231,207
375,207
81,208
158,208
230,208
375,208
81,209
159,209
230,209
374,209
81,210
160,210
230,210
374,210
81,211
161,211
229,211
374,211
81,212
161,212
228,212
374,212
81,213
162,213
228,213
374,213
81,214
163,214
227,214
375,214
81,215
163,215
226,215
375,215
81,216
164,216
226,216
375,216
81,217
164,217
225,217
375,217
81,218
165,218
224,218
375,218
81,219
166,219
224,219
375,219
81,220
167,220
223,220
374,220
81,221
167,221
223,221
374,221
81,222
167,222
222,222
374,222
81,223
168,223
221,223
374,223
81,224
169,224
221,224
375,224
81,225
169,225
221,225
375,225
81,226
170,226
220,226
375,226
82,227
170,227
220,227
375,227
82,228
170,228
220,228
375,228
82,229
171,229
219,229
375,229
83,230
171,230
219,230
375,230
82,231
171,231
218,231
375,231
81,232
171,232
219,232
375,232
80,233
82,233
171,233
218,233
375,233
81,234
171,234
219,234
375,234
82,235
83,235
84,235
171,235
218,235
375,235
85,236
86,236
87,236
88,236
89,236
90,236
91,236
171,236
218,236
375,236
92,237
93,237
94,237
95,237
96,237
97,237
98,237
99,237
100,237
170,237
217,237
375,237
101,238
102,238
103,238
104,238
170,238
218,238
374,238
105,239
106,239
107,239
108,239
109,239
110,239
111,239
112,239
113,239
114,239
115,239
116,239
117,239
169,239
218,239
374,239
118,240
119,240
120,240
121,240
169,240
219,240
374,240
122,241
123,241
124,241
125,241
126,241
127,241
128,241
129,241
130,241
131,241
132,241
166,241
167,241
168,241
220,241
374,241
133,242
134,242
135,242
136,242
137,242
138,242
139,242
140,242
164,242
165,242
221,242
374,242
141,243
142,243
143,243
144,243
145,243
146,243
147,243
148,243
149,243
150,243
151,243
152,243
153,243
154,243
155,243
156,243
157,243
158,243
159,243
160,243
161,243
162,243
163,243
222,243
373,243
223,244
373,244
224,245
225,245
226,245
374,245
227,246
228,246
229,246
230,246
374,246
231,247
232,247
233,247
234,247
235,247
236,247
237,247
248,247
249,247
373,247
238,248
239,248
240,248
241,248
242,248
243,248
244,248
245,248
246,248
247,248
250,248
251,248
252,248
253,248
254,248
255,248
256,248
257,248
258,248
259,248
260,248
261,248
262,248
263,248
264,248
265,248
266,248
267,248
268,248
269,248
270,248
271,248
272,248
373,248
273,249
278,249
279,249
280,249
281,249
286,249
287,249
288,249
289,249
290,249
291,249
374,249
274,250
275,250
276,250
277,250
282,250
283,250
284,250
285,250
292,250
293,250
294,250
295,250
296,250
297,250
298,250
299,250
300,250
301,250
302,250
303,250
304,250
305,250
306,250
307,250
308,250
309,250
310,250
311,250
312,250
313,250
314,250
315,250
316,250
317,250
318,250
319,250
320,250
321,250
322,250
323,250
324,250
325,250
326,250
327,250
328,250
329,250
330,250
331,250
332,250
333,250
334,250
335,250
336,250
337,250
338,250
339,250
340,250
341,250
342,250
343,250
344,250
345,250
346,250
347,250
348,250
349,250
373,250
350,251
351,251
352,251
353,251
354,251
355,251
356,251
357,251
358,251
359,251
360,251
361,251
362,251
363,251
364,251
365,251
366,251
367,251
368,251
369,251
370,251
371,251
372,251