205,0
206,0
207,0
209,0
210,0
211,0
212,0
213,0
214,0
215,0
216,0
217,0
218,0
221,0
222,0
223,0
224,0
200,1
201,1
202,1
203,1
204,1
208,1
219,1
220,1
225,1
226,1
227,1
228,1
229,1
234,1
195,2
197,2
198,2
199,2
230,2
231,2
232,2
233,2
235,2
194,3
196,3
236,3
237,3
238,3
239,3
240,3
192,4
193,4
241,4
242,4
243,4
244,4
245,4
246,4
191,5
247,5
248,5
249,5
250,5
251,5
190,6
252,6
189,7
253,7
254,7
255,7
256,7
257,7
187,8
188,8
258,8
259,8
186,9
260,9
261,9
186,10
262,10
185,11
263,11
264,11
265,11
184,12
266,12
183,13
267,13
182,14
268,14
181,15
269,15
181,16
270,16
181,17
271,17
181,18
272,18
180,19
272,19
180,20
273,20
181,21
274,21
181,22
274,22
182,23
275,23
182,24
276,24
182,25
277,25
183,26
277,26
183,27
277,27
183,28
276,28
184,29
276,29
185,30
276,30
185,31
276,31
185,32
275,32
186,33
274,33
187,34
274,34
188,35
273,35
188,36
273,36
188,37
272,37
189,38
271,38
190,39
270,39
190,40
269,40
191,41
269,41
190,42
268,42
191,43
267,43
192,44
266,44
192,45
266,45
193,46
264,46
265,46
193,47
263,47
193,48
262,48
193,49
261,49
193,50
261,50
193,51
260,51
193,52
260,52
194,53
258,53
259,53
193,54
257,54
194,55
256,55
194,56
256,56
194,57
256,57
194,58
256,58
193,59
255,59
193,60
254,60
193,61
254,61
193,62
254,62
193,63
254,63
192,64
254,64
190,65
191,65
253,65
107,66
108,66
109,66
110,66
111,66
114,66
115,66
116,66
117,66
189,66
253,66
106,67
112,67
113,67
118,67
119,67
120,67
121,67
122,67
125,67
126,67
127,67
128,67
130,67
131,67
132,67
133,67
136,67
137,67
138,67
139,67
188,67
253,67
105,68
123,68
124,68
129,68
134,68
135,68
140,68
141,68
142,68
143,68
144,68
150,68
187,68
254,68
105,69
145,69
146,69
147,69
148,69
149,69
151,69
152,69
153,69
154,69
155,69
156,69
161,69
184,69
185,69
186,69
255,69
105,70
157,70
158,70
159,70
160,70
162,70
163,70
164,70
165,70
166,70
167,70
172,70
175,70
176,70
177,70
178,70
180,70
181,70
182,70
183,70
255,70
105,71
168,71
169,71
170,71
171,71
173,71
174,71
179,71
255,71
105,72
255,72
105,73
255,73
104,74
255,74
104,75
256,75
104,76
256,76
104,77
257,77
104,78
258,78
259,78
103,79
260,79
261,79
103,80
262,80
263,80
103,81
264,81
265,81
266,81
267,81
103,82
268,82
103,83
269,83
270,83
271,83
272,83
103,84
273,84
274,84
275,84
276,84
277,84
278,84
102,85
279,85
280,85
281,85
282,85
283,85
102,86
284,86
285,86
286,86
287,86
288,86
289,86
292,86
293,86
294,86
102,87
290,87
291,87
295,87
296,87
297,87
298,87
299,87
300,87
102,88
301,88
302,88
303,88
304,88
305,88
306,88
102,89
307,89
308,89
309,89
310,89
311,89
101,90
312,90
313,90
314,90
315,90
316,90
317,90
101,91
318,91
319,91
320,91
321,91
322,91
101,92
323,92
324,92
325,92
326,92
327,92
328,92
101,93
329,93
330,93
331,93
332,93
333,93
101,94
334,94
335,94
336,94
337,94
338,94
339,94
101,95
340,95
341,95
342,95
343,95
344,95
100,96
345,96
346,96
347,96
348,96
349,96
100,97
350,97
100,98
351,98
100,99
351,99
100,100
352,100
100,101
352,101
99,102
351,102
99,103
351,103
99,104
351,104
99,105
352,105
99,106
352,106
98,107
351,107
98,108
351,108
98,109
351,109
97,110
352,110
97,111
352,111
96,112
352,112
96,113
351,113
96,114
351,114
96,115
351,115
96,116
351,116
96,117
351,117
95,118
351,118
95,119
350,119
95,120
350,120
95,121
351,121
95,122
351,122
95,123
351,123
94,124
350,124
94,125
351,125
94,126
351,126
94,127
351,127
94,128
351,128
93,129
351,129
93,130
350,130
93,131
351,131
93,132
351,132
93,133
351,133
93,134
351,134
92,135
350,135
92,136
350,136
92,137
350,137
92,138
350,138
92,139
351,139
91,140
351,140
90,141
350,141
90,142
350,142
90,143
350,143
90,144
350,144
90,145
350,145
89,146
351,146
89,147
350,147
28,148
29,148
30,148
31,148
89,148
350,148
23,149
24,149
25,149
26,149
27,149
32,149
33,149
34,149
35,149
36,149
88,149
350,149
19,150
21,150
22,150
37,150
88,150
350,150
18,151
20,151
38,151
39,151
40,151
41,151
42,151
87,151
350,151
17,152
43,152
87,152
349,152
16,153
44,153
45,153
86,153
349,153
15,154
46,154
47,154
86,154
350,154
14,155
48,155
49,155
86,155
350,155
13,156
50,156
51,156
52,156
85,156
350,156
12,157
53,157
84,157
350,157
11,158
54,158
55,158
56,158
84,158
350,158
11,159
57,159
83,159
350,159
10,160
58,160
83,160
350,160
9,161
59,161
60,161
61,161
62,161
82,161
350,161
8,162
63,162
79,162
80,162
81,162
350,162
7,163
64,163
65,163
77,163
78,163
350,163
7,164
66,164
67,164
68,164
69,164
71,164
72,164
73,164
74,164
75,164
76,164
350,164
7,165
70,165
350,165
6,166
350,166
5,167
350,167
5,168
350,168
4,169
349,169
4,170
349,170
3,171
350,171
2,172
350,172
2,173
351,173
2,174
351,174
2,175
350,175
1,176
351,176
0,177
351,177
0,178
351,178
0,179
352,179
1,180
351,180
392,180
393,180
1,181
352,181
387,181
390,181
391,181
394,181
395,181
396,181
397,181
398,181
0,182
353,182
386,182
388,182
389,182
399,182
400,182
401,182
402,182
403,182
0,183
353,183
381,183
383,183
384,183
385,183
404,183
0,184
354,184
380,184
382,184
404,184
0,185
354,185
379,185
404,185
1,186
354,186
375,186
377,186
378,186
405,186
1,187
354,187
374,187
376,187
406,187
407,187
0,188
355,188
356,188
357,188
369,188
370,188
371,188
372,188
373,188
408,188
0,189
358,189
368,189
409,189
1,190
358,190
364,190
366,190
367,190
409,190
1,191
359,191
360,191
361,191
362,191
363,191
365,191
409,191
2,192
410,192
2,193
411,193
2,194
411,194
2,195
412,195
3,196
413,196
3,197
412,197
3,198
413,198
4,199
413,199
4,200
414,200
4,201
414,201
5,202
415,202
5,203
414,203
6,204
415,204
5,205
415,205
6,206
415,206
7,207
416,207
8,208
416,208
9,209
415,209
9,210
416,210
9,211
416,211
10,212
416,212
11,213
58,213
61,213
62,213
63,213
64,213
416,213
12,214
13,214
53,214
55,214
56,214
57,214
59,214
60,214
65,214
415,214
14,215
52,215
54,215
65,215
415,215
15,216
47,216
50,216
51,216
66,216
67,216
68,216
416,216
16,217
45,217
46,217
48,217
49,217
69,217
416,217
17,218
18,218
41,218
43,218
44,218
70,218
71,218
72,218
415,218
19,219
38,219
39,219
40,219
42,219
73,219
74,219
75,219
416,219
20,220
21,220
22,220
23,220
24,220
29,220
30,220
33,220
34,220
35,220
36,220
37,220
76,220
415,220
25,221
26,221
27,221
28,221
31,221
32,221
76,221
414,221
77,222
414,222
77,223
414,223
77,224
414,224
77,225
413,225
77,226
413,226
77,227
413,227
77,228
413,228
76,229
412,229
76,230
358,230
359,230
360,230
412,230
76,231
354,231
356,231
357,231
361,231
362,231
363,231
411,231
76,232
353,232
355,232
364,232
365,232
411,232
76,233
352,233
366,233
367,233
411,233
75,234
351,234
368,234
369,234
410,234
75,235
350,235
370,235
371,235
409,235
75,236
349,236
372,236
408,236
75,237
349,237
372,237
408,237
75,238
348,238
373,238
374,238
375,238
407,238
75,239
347,239
376,239
406,239
74,240
347,240
377,240
406,240
73,241
346,241
378,241
379,241
404,241
405,241
73,242
345,242
380,242
381,242
403,242
73,243
345,243
382,243
403,243
73,244
345,244
382,244
402,244
72,245
345,245
383,245
384,245
400,245
401,245
72,246
344,246
385,246
386,246
387,246
398,246
399,246
72,247
343,247
388,247
389,247
397,247
71,248
343,248
390,248
391,248
392,248
394,248
395,248
396,248
71,249
343,249
393,249
71,250
343,250
70,251
343,251
70,252
343,252
70,253
342,253
70,254
342,254
70,255
341,255
69,256
341,256
68,257
341,257
68,258
340,258
68,259
340,259
68,260
340,260
67,261
340,261
67,262
340,262
66,263
340,263
66,264
339,264
66,265
339,265
66,266
339,266
65,267
339,267
65,268
339,268
65,269
338,269
65,270
337,270
64,271
337,271
63,272
337,272
63,273
337,273
63,274
336,274
63,275
337,275
63,276
337,276
63,277
336,277
62,278
336,278
61,279
336,279
61,280
335,280
61,281
335,281
61,282
335,282
60,283
335,283
59,284
335,284
59,285
335,285
58,286
334,286
58,287
334,287
58,288
333,288
57,289
333,289
56,290
333,290
57,291
332,291
58,292
59,292
60,292
61,292
62,292
63,292
332,292
64,293
66,293
67,293
68,293
332,293
65,294
69,294
70,294
71,294
72,294
73,294
74,294
332,294
75,295
76,295
77,295
78,295
79,295
332,295
80,296
81,296
82,296
83,296
84,296
85,296
332,296
86,297
87,297
88,297
89,297
90,297
331,297
91,298
92,298
93,298
94,298
95,298
96,298
331,298
97,299
98,299
99,299
100,299
101,299
331,299
102,300
103,300
104,300
105,300
106,300
107,300
331,300
108,301
109,301
330,301
110,302
111,302
112,302
329,302
113,303
329,303
114,304
115,304
329,304
116,305
117,305
118,305
329,305
119,306
329,306
119,307
328,307
120,308
328,308
121,309
328,309
122,310
179,310
182,310
183,310
184,310
185,310
186,310
187,310
188,310
189,310
190,310
191,310
192,310
193,310
194,310
195,310
196,310
197,310
198,310
199,310
200,310
201,310
205,310
206,310
207,310
208,310
209,310
210,310
211,310
212,310
213,310
215,310
216,310
217,310
218,310
224,310
328,310
121,311
177,311
178,311
180,311
181,311
202,311
203,311
204,311
214,311
219,311
220,311
221,311
222,311
223,311
225,311
226,311
227,311
228,311
229,311
231,311
232,311
233,311
234,311
235,311
238,311
239,311
240,311
245,311
246,311
250,311
251,311
252,311
256,311
257,311
263,311
328,311
122,312
175,312
176,312
230,312
236,312
237,312
241,312
242,312
243,312
244,312
247,312
248,312
249,312
253,312
254,312
255,312
258,312
259,312
260,312
261,312
262,312
264,312
265,312
266,312
267,312
268,312
273,312
274,312
277,312
278,312
279,312
280,312
291,312
328,312
122,313
174,313
269,313
270,313
271,313
272,313
275,313
276,313
281,313
282,313
283,313
284,313
285,313
286,313
287,313
288,313
289,313
290,313
292,313
293,313
294,313
295,313
296,313
327,313
123,314
173,314
297,314
298,314
299,314
300,314
301,314
302,314
304,314
305,314
306,314
307,314
308,314
310,314
311,314
312,314
313,314
327,314
123,315
171,315
172,315
303,315
309,315
314,315
315,315
316,315
317,315
318,315
319,315
321,315
322,315
323,315
324,315
327,315
123,316
170,316
320,316
325,316
326,316
122,317
169,317
121,318
168,318
121,319
168,319
120,320
168,320
120,321
168,321
119,322
167,322
118,323
167,323
118,324
167,324
117,325
168,325
116,326
168,326
116,327
167,327
114,328
115,328
168,328
113,329
168,329
113,330
168,330
112,331
169,331
112,332
169,332
111,333
169,333
110,334
169,334
109,335
170,335
108,336
171,336
108,337
171,337
107,338
170,338
106,339
171,339
105,340
171,340
105,341
172,341
105,342
172,342
104,343
173,343
103,344
173,344
102,345
174,345
102,346
174,346
102,347
175,347
102,348
176,348
101,349
176,349
101,350
175,350
100,351
175,351
100,352
176,352
100,353
176,353
99,354
176,354
99,355
175,355
99,356
175,356
99,357
175,357
99,358
175,358
99,359
175,359
98,360
175,360
99,361
174,361
99,362
174,362
100,363
174,363
101,364
173,364
102,365
172,365
101,366
171,366
102,367
171,367
103,368
171,368
104,369
105,369
170,369
106,370
170,370
107,371
167,371
168,371
169,371
107,372
166,372
108,373
109,373
165,373
110,374
111,374
164,374
112,375
113,375
114,375
162,375
163,375
115,376
116,376
160,376
161,376
117,377
156,377
157,377
158,377
159,377
118,378
154,378
155,378
119,379
120,379
121,379
122,379
152,379
153,379
123,380
124,380
125,380
126,380
127,380
128,380
147,380
148,380
149,380
150,380
151,380
129,381
131,381
132,381
133,381
138,381
139,381
142,381
143,381
144,381
145,381
146,381
130,382
134,382
135,382
136,382
137,382
140,382
141,382