238,0
239,0
265,0
266,0
366,0
134,1
135,1
136,1
228,1
229,1
230,1
231,1
232,1
233,1
234,1
235,1
236,1
237,1
240,1
241,1
242,1
243,1
244,1
245,1
246,1
247,1
248,1
249,1
250,1
251,1
252,1
253,1
254,1
255,1
256,1
257,1
258,1
259,1
260,1
261,1
262,1
263,1
264,1
267,1
268,1
269,1
270,1
271,1
272,1
273,1
274,1
275,1
276,1
277,1
278,1
279,1
280,1
281,1
282,1
283,1
284,1
285,1
286,1
287,1
288,1
289,1
290,1
291,1
292,1
293,1
294,1
295,1
296,1
297,1
298,1
299,1
300,1
301,1
302,1
303,1
304,1
305,1
306,1
313,1
314,1
315,1
316,1
317,1
318,1
319,1
320,1
321,1
322,1
323,1
324,1
325,1
326,1
327,1
328,1
329,1
330,1
331,1
332,1
346,1
347,1
348,1
349,1
360,1
361,1
362,1
363,1
364,1
365,1
367,1
368,1
369,1
90,2
91,2
94,2
95,2
96,2
97,2
98,2
99,2
100,2
101,2
102,2
103,2
104,2
105,2
106,2
122,2
123,2
124,2
125,2
126,2
127,2
128,2
129,2
130,2
131,2
132,2
133,2
137,2
138,2
139,2
140,2
141,2
142,2
143,2
144,2
145,2
146,2
147,2
148,2
149,2
150,2
151,2
152,2
224,2
225,2
226,2
227,2
307,2
308,2
309,2
310,2
311,2
312,2
333,2
334,2
335,2
336,2
337,2
338,2
339,2
340,2
341,2
342,2
343,2
344,2
345,2
350,2
351,2
352,2
353,2
354,2
355,2
356,2
357,2
358,2
359,2
370,2
84,3
85,3
86,3
87,3
88,3
89,3
92,3
93,3
107,3
108,3
109,3
110,3
111,3
112,3
113,3
114,3
115,3
116,3
117,3
118,3
119,3
120,3
121,3
153,3
154,3
155,3
156,3
157,3
222,3
223,3
370,3
82,4
83,4
158,4
159,4
221,4
370,4
81,5
160,5
161,5
220,5
371,5
81,6
162,6
219,6
371,6
81,7
163,7
164,7
218,7
371,7
82,8
165,8
218,8
371,8
82,9
166,9
217,9
371,9
82,10
167,10
217,10
371,10
82,11
167,11
217,11
371,11
81,12
167,12
217,12
371,12
81,13
167,13
216,13
372,13
81,14
167,14
215,14
372,14
81,15
167,15
216,15
372,15
81,16
167,16
216,16
372,16
81,17
167,17
217,17
372,17
81,18
166,18
217,18
372,18
81,19
166,19
218,19
373,19
81,20
166,20
218,20
373,20
81,21
166,21
218,21
373,21
81,22
166,22
218,22
372,22
81,23
165,23
219,23
372,23
81,24
165,24
219,24
372,24
81,25
164,25
220,25
372,25
81,26
165,26
220,26
372,26
81,27
165,27
221,27
372,27
81,28
163,28
164,28
221,28
372,28
81,29
162,29
222,29
373,29
81,30
161,30
222,30
373,30
81,31
162,31
223,31
373,31
81,32
162,32
224,32
373,32
81,33
160,33
161,33
225,33
373,33
81,34
159,34
226,34
373,34
81,35
158,35
227,35
373,35
81,36
157,36
227,36
373,36
81,37
157,37
227,37
373,37
81,38
157,38
228,38
374,38
81,39
156,39
228,39
374,39
81,40
156,40
229,40
374,40
81,41
155,41
229,41
374,41
81,42
153,42
154,42
230,42
374,42
81,43
152,43
231,43
374,43
81,44
152,44
231,44
374,44
81,45
151,45
232,45
374,45
81,46
150,46
232,46
374,46
81,47
150,47
233,47
374,47
81,48
151,48
233,48
374,48
81,49
151,49
234,49
375,49
81,50
150,50
234,50
375,50
81,51
150,51
234,51
375,51
81,52
150,52
234,52
375,52
81,53
150,53
234,53
376,53
81,54
150,54
235,54
376,54
81,55
150,55
235,55
376,55
82,56
150,56
235,56
376,56
82,57
84,57
151,57
234,57
376,57
83,58
85,58
152,58
153,58
234,58
376,58
82,59
84,59
154,59
233,59
376,59
82,60
155,60
156,60
157,60
233,60
377,60
82,61
158,61
232,61
377,61
82,62
159,62
163,62
231,62
377,62
82,63
160,63
161,63
162,63
164,63
230,63
377,63
82,64
165,64
229,64
377,64
82,65
161,65
164,65
228,65
377,65
82,66
156,66
157,66
158,66
159,66
160,66
162,66
163,66
227,66
377,66
82,67
155,67
225,67
226,67
377,67
82,68
155,68
224,68
377,68
82,69
156,69
157,69
158,69
160,69
222,69
223,69
377,69
82,70
159,70
161,70
162,70
219,70
220,70
221,70
377,70
82,71
163,71
164,71
165,71
166,71
218,71
377,71
82,72
167,72
168,72
170,72
171,72
172,72
173,72
174,72
209,72
211,72
213,72
214,72
215,72
216,72
217,72
377,72
82,73
169,73
175,73
208,73
210,73
212,73
377,73
82,74
176,74
177,74
178,74
179,74
180,74
204,74
205,74
206,74
207,74
211,74
377,74
82,75
181,75
182,75
183,75
184,75
185,75
196,75
197,75
198,75
199,75
200,75
201,75
202,75
203,75
377,75
82,76
186,76
187,76
188,76
189,76
190,76
191,76
192,76
193,76
194,76
195,76
331,76
332,76
333,76
334,76
377,76
82,77
329,77
330,77
335,77
377,77
82,78
324,78
325,78
326,78
327,78
328,78
336,78
377,78
82,79
319,79
320,79
321,79
322,79
323,79
337,79
338,79
376,79
82,80
318,80
339,80
340,80
341,80
376,80
82,81
314,81
315,81
316,81
317,81
342,81
376,81
82,82
313,82
343,82
376,82
82,83
312,83
344,83
376,83
82,84
311,84
345,84
346,84
347,84
375,84
82,85
311,85
348,85
375,85
82,86
310,86
349,86
375,86
82,87
309,87
350,87
351,87
374,87
82,88
309,88
352,88
353,88
354,88
373,88
82,89
309,89
355,89
372,89
82,90
309,90
356,90
357,90
372,90
82,91
308,91
358,91
359,91
360,91
361,91
369,91
370,91
371,91
82,92
308,92
362,92
363,92
364,92
365,92
366,92
367,92
368,92
82,93
308,93
82,94
308,94
82,95
308,95
82,96
307,96
82,97
307,97
82,98
306,98
82,99
306,99
82,100
305,100
82,101
306,101
82,102
305,102
82,103
304,103
82,104
304,104
82,105
304,105
82,106
304,106
82,107
303,107
82,108
303,108
82,109
302,109
24,110
27,110
28,110
29,110
30,110
31,110
32,110
33,110
82,110
302,110
22,111
23,111
25,111
26,111
34,111
35,111
82,111
302,111
20,112
21,112
36,112
82,112
303,112
18,113
19,113
37,113
38,113
81,113
303,113
16,114
17,114
39,114
81,114
303,114
15,115
40,115
81,115
303,115
13,116
14,116
41,116
80,116
302,116
12,117
42,117
80,117
302,117
11,118
43,118
80,118
302,118
11,119
44,119
45,119
79,119
302,119
10,120
46,120
79,120
302,120
9,121
47,121
78,121
303,121
8,122
48,122
78,122
302,122
8,123
49,123
50,123
78,123
302,123
7,124
51,124
77,124
302,124
6,125
52,125
76,125
302,125
6,126
53,126
75,126
302,126
5,127
54,127
55,127
75,127
302,127
5,128
56,128
75,128
303,128
4,129
57,129
58,129
59,129
74,129
303,129
4,130
60,130
61,130
62,130
63,130
65,130
72,130
73,130
303,130
3,131
64,131
66,131
67,131
68,131
69,131
70,131
71,131
303,131
3,132
303,132
3,133
303,133
3,134
303,134
3,135
303,135
2,136
303,136
1,137
302,137
1,138
302,138
1,139
302,139
1,140
302,140
1,141
302,141
1,142
303,142
1,143
303,143
1,144
304,144
1,145
304,145
1,146
304,146
0,147
305,147
0,148
305,148
0,149
306,149
0,150
307,150
0,151
307,151
1,152
307,152
1,153
308,153
1,154
308,154
364,154
365,154
366,154
367,154
368,154
369,154
370,154
1,155
308,155
362,155
363,155
371,155
372,155
1,156
308,156
360,156
361,156
373,156
1,157
309,157
310,157
357,157
358,157
359,157
374,157
1,158
311,158
353,158
354,158
355,158
356,158
375,158
1,159
311,159
350,159
351,159
352,159
375,159
2,160
311,160
349,160
376,160
2,161
311,161
346,161
347,161
348,161
377,161
2,162
312,162
313,162
314,162
345,162
377,162
2,163
315,163
342,163
343,163
344,163
377,163
3,164
316,164
341,164
378,164
3,165
316,165
339,165
340,165
378,165
3,166
192,166
193,166
194,166
195,166
196,166
197,166
198,166
199,166
200,166
201,166
202,166
203,166
204,166
205,166
317,166
338,166
378,166
3,167
187,167
188,167
189,167
190,167
191,167
206,167
207,167
208,167
209,167
317,167
337,167
378,167
3,168
183,168
184,168
185,168
186,168
210,168
211,168
317,168
336,168
378,168
4,169
181,169
182,169
212,169
213,169
214,169
318,169
319,169
320,169
323,169
332,169
335,169
378,169
4,170
180,170
215,170
216,170
321,170
322,170
324,170
331,170
333,170
334,170
378,170
4,171
178,171
179,171
217,171
219,171
220,171
325,171
326,171
327,171
328,171
329,171
330,171
378,171
4,172
177,172
218,172
221,172
222,172
223,172
378,172
5,173
67,173
68,173
69,173
70,173
175,173
176,173
224,173
378,173
5,174
62,174
63,174
64,174
65,174
66,174
71,174
72,174
73,174
74,174
174,174
225,174
378,174
5,175
59,175
60,175
61,175
75,175
173,175
226,175
227,175
378,175
6,176
56,176
57,176
58,176
76,176
172,176
228,176
378,176
6,177
54,177
55,177
77,177
171,177
229,177
378,177
7,178
52,178
53,178
77,178
169,178
170,178
230,178
378,178
7,179
51,179
77,179
168,179
230,179
378,179
8,180
50,180
78,180
167,180
231,180
232,180
378,180
8,181
48,181
49,181
78,181
167,181
233,181
378,181
8,182
47,182
78,182
166,182
233,182
378,182
9,183
46,183
79,183
165,183
233,183
378,183
10,184
45,184
79,184
164,184
233,184
377,184
11,185
42,185
43,185
44,185
79,185
164,185
234,185
377,185
11,186
41,186
79,186
163,186
234,186
377,186
12,187
40,187
79,187
163,187
234,187
377,187
12,188
38,188
39,188
79,188
162,188
234,188
377,188
13,189
14,189
36,189
37,189
79,189
161,189
235,189
377,189
15,190
35,190
79,190
161,190
234,190
377,190
16,191
31,191
32,191
33,191
34,191
79,191
161,191
234,191
377,191
17,192
28,192
29,192
30,192
79,192
161,192
234,192
377,192
18,193
19,193
20,193
26,193
27,193
79,193
161,193
233,193
377,193
21,194
22,194
23,194
24,194
25,194
79,194
161,194
233,194
377,194
79,195
162,195
232,195
377,195
79,196
163,196
232,196
378,196
79,197
163,197
231,197
378,197
79,198
164,198
232,198
377,198
80,199
164,199
232,199
377,199
80,200
164,200
231,200
377,200
80,201
165,201
230,201
377,201
80,202
166,202
230,202
377,202
80,203
166,203
229,203
377,203
79,204
167,204
229,204
377,204
79,205
168,205
228,205
377,205
79,206
168,206
228,206
377,206
79,207
169,207
227,207
376,207
79,208
170,208
227,208
376,208
79,209
170,209
226,209
376,209
79,210
171,210
226,210
376,210
79,211
172,211
225,211
376,211
79,212
173,212
225,212
376,212
78,213
174,213
224,213
376,213
78,214
175,214
224,214
376,214
78,215
176,215
223,215
376,215
78,216
176,216
223,216
376,216
78,217
177,217
223,217
376,217
78,218
177,218
223,218
376,218
78,219
178,219
222,219
376,219
78,220
179,220
222,220
376,220
78,221
179,221
222,221
375,221
78,222
180,222
222,222
375,222
78,223
180,223
223,223
375,223
77,224
180,224
223,224
375,224
77,225
180,225
223,225
375,225
77,226
180,226
223,226
375,226
77,227
180,227
223,227
376,227
77,228
180,228
224,228
377,228
77,229
180,229
225,229
377,229
77,230
179,230
226,230
377,230
77,231
178,231
227,231
376,231
77,232
177,232
228,232
375,232
77,233
175,233
176,233
229,233
230,233
363,233
364,233
365,233
366,233
367,233
368,233
369,233
370,233
371,233
372,233
373,233
374,233
77,234
173,234
174,234
231,234
232,234
233,234
234,234
333,234
334,234
335,234
336,234
337,234
345,234
346,234
347,234
348,234
349,234
350,234
351,234
352,234
353,234
354,234
355,234
356,234
357,234
358,234
359,234
360,234
361,234
362,234
77,235
172,235
235,235
236,235
237,235
238,235
239,235
240,235
241,235
242,235
243,235
244,235
245,235
246,235
247,235
248,235
249,235
250,235
251,235
252,235
253,235
254,235
255,235
256,235
257,235
258,235
264,235
265,235
266,235
267,235
268,235
269,235
270,235
271,235
272,235
273,235
274,235
275,235
276,235
277,235
278,235
279,235
280,235
281,235
282,235
283,235
284,235
285,235
286,235
287,235
288,235
289,235
290,235
291,235
292,235
293,235
294,235
295,235
296,235
297,235
298,235
299,235
300,235
302,235
303,235
315,235
316,235
317,235
318,235
319,235
320,235
321,235
322,235
323,235
324,235
325,235
326,235
327,235
328,235
329,235
330,235
331,235
332,235
338,235
339,235
340,235
341,235
342,235
343,235
344,235
76,236
171,236
259,236
260,236
261,236
262,236
263,236
301,236
304,236
305,236
306,236
307,236
308,236
309,236
310,236
311,236
312,236
313,236
314,236
76,237
167,237
168,237
169,237
170,237
77,238
78,238
79,238
152,238
153,238
154,238
155,238
156,238
157,238
158,238
159,238
160,238
161,238
162,238
163,238
164,238
165,238
166,238
80,239
133,239
134,239
135,239
136,239
137,239
138,239
139,239
140,239
141,239
142,239
143,239
144,239
145,239
146,239
147,239
148,239
149,239
150,239
151,239
80,240
124,240
125,240
126,240
127,240
128,240
129,240
130,240
131,240
132,240
81,241
110,241
111,241
112,241
113,241
114,241
115,241
116,241
117,241
118,241
119,241
120,241
121,241
122,241
123,241
82,242
83,242
84,242
85,242
86,242
87,242
88,242
89,242
90,242
91,242
92,242
93,242
94,242
95,242
96,242
97,242
98,242
99,242
100,242
101,242
102,242
103,242
104,242
105,242
106,242
107,242
108,242
109,242