286,0
287,0
288,0
289,0
290,0
291,0
281,1
282,1
283,1
284,1
285,1
292,1
278,2
279,2
280,2
292,2
274,3
275,3
276,3
277,3
292,3
268,4
269,4
270,4
271,4
272,4
273,4
292,4
262,5
263,5
264,5
265,5
266,5
267,5
292,5
254,6
255,6
256,6
257,6
258,6
259,6
260,6
261,6
292,6
87,7
248,7
249,7
250,7
251,7
252,7
253,7
292,7
78,8
79,8
80,8
81,8
82,8
83,8
84,8
85,8
86,8
88,8
89,8
90,8
91,8
92,8
93,8
94,8
95,8
96,8
241,8
242,8
243,8
244,8
245,8
246,8
247,8
292,8
77,9
97,9
98,9
99,9
100,9
101,9
233,9
235,9
236,9
237,9
238,9
239,9
240,9
292,9
76,10
102,10
103,10
104,10
105,10
106,10
107,10
226,10
227,10
228,10
229,10
230,10
231,10
232,10
234,10
292,10
75,11
108,11
109,11
110,11
111,11
112,11
113,11
114,11
115,11
116,11
220,11
221,11
222,11
223,11
224,11
225,11
292,11
75,12
117,12
118,12
119,12
120,12
121,12
122,12
123,12
124,12
125,12
126,12
127,12
216,12
217,12
218,12
219,12
292,12
75,13
128,13
129,13
130,13
131,13
132,13
133,13
134,13
135,13
136,13
137,13
215,13
293,13
75,14
138,14
139,14
140,14
141,14
142,14
214,14
293,14
75,15
143,15
144,15
145,15
146,15
147,15
148,15
151,15
152,15
153,15
154,15
212,15
213,15
293,15
75,16
149,16
150,16
155,16
210,16
211,16
292,16
75,17
156,17
157,17
158,17
159,17
209,17
292,17
75,18
160,18
208,18
292,18
75,19
161,19
207,19
293,19
75,20
162,20
206,20
293,20
75,21
163,21
206,21
293,21
75,22
163,22
206,22
293,22
75,23
163,23
206,23
293,23
75,24
164,24
206,24
294,24
75,25
164,25
206,25
294,25
75,26
164,26
206,26
294,26
75,27
164,27
206,27
294,27
75,28
164,28
206,28
294,28
75,29
164,29
206,29
294,29
75,30
163,30
206,30
293,30
75,31
163,31
207,31
293,31
75,32
163,32
208,32
293,32
75,33
162,33
208,33
293,33
75,34
162,34
208,34
293,34
75,35
161,35
209,35
293,35
75,36
161,36
209,36
293,36
75,37
160,37
210,37
293,37
75,38
160,38
210,38
293,38
75,39
159,39
211,39
293,39
75,40
159,40
212,40
293,40
75,41
159,41
212,41
293,41
75,42
158,42
213,42
214,42
293,42
75,43
158,43
215,43
293,43
75,44
157,44
215,44
293,44
75,45
157,45
216,45
293,45
75,46
156,46
216,46
293,46
75,47
156,47
217,47
293,47
75,48
155,48
218,48
293,48
75,49
155,49
218,49
293,49
75,50
154,50
218,50
293,50
75,51
154,51
219,51
220,51
294,51
75,52
154,52
221,52
294,52
76,53
154,53
222,53
294,53
76,54
153,54
222,54
294,54
76,55
153,55
222,55
294,55
76,56
153,56
221,56
294,56
76,57
153,57
221,57
294,57
76,58
152,58
221,58
294,58
76,59
152,59
222,59
294,59
76,60
152,60
221,60
294,60
76,61
152,61
221,61
294,61
76,62
152,62
219,62
220,62
294,62
76,63
153,63
217,63
218,63
294,63
76,64
153,64
216,64
294,64
76,65
154,65
216,65
294,65
76,66
154,66
215,66
294,66
76,67
155,67
215,67
294,67
344,67
345,67
346,67
347,67
348,67
349,67
350,67
351,67
352,67
76,68
156,68
215,68
294,68
343,68
353,68
76,69
156,69
215,69
294,69
342,69
354,69
355,69
356,69
357,69
76,70
157,70
158,70
214,70
294,70
341,70
358,70
76,71
159,71
213,71
294,71
339,71
340,71
359,71
76,72
160,72
212,72
294,72
338,72
360,72
76,73
161,73
211,73
295,73
336,73
337,73
361,73
76,74
162,74
163,74
164,74
210,74
295,74
335,74
361,74
75,75
165,75
208,75
209,75
295,75
334,75
362,75
75,76
166,76
167,76
168,76
205,76
206,76
207,76
295,76
333,76
363,76
75,77
169,77
204,77
296,77
332,77
364,77
16,78
18,78
24,78
75,78
170,78
202,78
203,78
296,78
331,78
365,78
14,79
15,79
17,79
19,79
20,79
21,79
22,79
23,79
25,79
26,79
27,79
28,79
75,79
171,79
172,79
173,79
174,79
199,79
200,79
201,79
296,79
330,79
365,79
13,80
29,80
30,80
31,80
75,80
175,80
176,80
177,80
178,80
179,80
180,80
196,80
197,80
198,80
296,80
329,80
366,80
12,81
32,81
33,81
34,81
35,81
75,81
181,81
182,81
183,81
184,81
185,81
191,81
192,81
193,81
194,81
195,81
297,81
326,81
327,81
328,81
366,81
11,82
36,82
75,82
186,82
187,82
188,82
189,82
190,82
297,82
325,82
367,82
10,83
37,83
38,83
39,83
75,83
298,83
323,83
324,83
367,83
9,84
40,84
41,84
74,84
299,84
321,84
322,84
368,84
8,85
42,85
73,85
299,85
319,85
320,85
369,85
8,86
43,86
73,86
300,86
301,86
317,86
318,86
369,86
7,87
44,87
45,87
46,87
73,87
302,87
313,87
314,87
315,87
316,87
369,87
7,88
47,88
48,88
72,88
303,88
304,88
305,88
306,88
307,88
308,88
309,88
310,88
311,88
312,88
369,88
6,89
49,89
50,89
71,89
369,89
6,90
51,90
52,90
71,90
370,90
6,91
53,91
71,91
370,91
5,92
54,92
66,92
67,92
68,92
69,92
70,92
370,92
5,93
55,93
56,93
65,93
370,93
4,94
57,94
58,94
59,94
60,94
64,94
370,94
4,95
61,95
62,95
63,95
370,95
3,96
370,96
3,97
370,97
3,98
370,98
2,99
371,99
2,100
371,100
2,101
371,101
1,102
371,102
1,103
371,103
1,104
371,104
1,105
371,105
1,106
371,106
1,107
372,107
0,108
372,108
0,109
372,109
0,110
372,110
0,111
372,111
0,112
372,112
0,113
372,113
0,114
373,114
0,115
373,115
0,116
373,116
1,117
373,117
1,118
373,118
1,119
373,119
2,120
373,120
2,121
373,121
2,122
373,122
2,123
373,123
2,124
373,124
2,125
372,125
3,126
372,126
3,127
372,127
4,128
372,128
4,129
372,129
4,130
372,130
5,131
372,131
5,132
372,132
5,133
372,133
5,134
372,134
6,135
371,135
6,136
371,136
7,137
371,137
7,138
371,138
7,139
372,139
8,140
372,140
8,141
373,141
9,142
60,142
61,142
62,142
63,142
64,142
65,142
372,142
10,143
56,143
57,143
58,143
59,143
66,143
67,143
371,143
10,144
53,144
54,144
55,144
68,144
310,144
311,144
312,144
313,144
314,144
315,144
316,144
371,144
11,145
50,145
51,145
52,145
69,145
70,145
307,145
308,145
309,145
317,145
318,145
370,145
12,146
49,146
71,146
306,146
319,146
320,146
321,146
322,146
323,146
370,146
13,147
47,147
48,147
72,147
305,147
324,147
369,147
14,148
45,148
46,148
72,148
304,148
325,148
326,148
327,148
368,148
14,149
44,149
73,149
303,149
328,149
329,149
367,149
15,150
16,150
40,150
41,150
42,150
43,150
73,150
303,150
330,150
367,150
17,151
18,151
39,151
74,151
302,151
331,151
332,151
366,151
19,152
38,152
74,152
301,152
333,152
366,152
20,153
35,153
36,153
37,153
74,153
301,153
334,153
335,153
365,153
21,154
22,154
24,154
25,154
33,154
34,154
74,154
301,154
336,154
337,154
364,154
23,155
26,155
27,155
28,155
29,155
30,155
31,155
32,155
75,155
300,155
338,155
339,155
363,155
75,156
300,156
340,156
341,156
362,156
75,157
300,157
342,157
343,157
361,157
75,158
300,158
344,158
345,158
360,158
76,159
300,159
346,159
347,159
359,159
76,160
300,160
348,160
349,160
355,160
356,160
357,160
358,160
76,161
299,161
350,161
351,161
352,161
353,161
354,161
76,162
299,162
76,163
299,163
76,164
299,164
76,165
299,165
76,166
299,166
76,167
299,167
75,168
299,168
76,169
299,169
76,170
299,170
76,171
299,171
76,172
299,172
76,173
299,173
75,174
299,174
75,175
299,175
75,176
299,176
75,177
299,177
75,178
299,178
75,179
300,179
76,180
300,180
76,181
300,181
76,182
300,182
76,183
300,183
76,184
300,184
76,185
300,185
76,186
300,186
76,187
300,187
76,188
300,188
76,189
300,189
76,190
300,190
76,191
300,191
76,192
300,192
76,193
300,193
76,194
300,194
76,195
300,195
76,196
300,196
77,197
300,197
76,198
300,198
76,199
300,199
76,200
180,200
181,200
182,200
183,200
184,200
185,200
186,200
187,200
188,200
189,200
190,200
191,200
192,200
193,200
194,200
195,200
196,200
197,200
198,200
199,200
200,200
201,200
202,200
203,200
204,200
205,200
206,200
207,200
208,200
300,200
75,201
175,201
176,201
177,201
178,201
179,201
209,201
210,201
211,201
212,201
213,201
216,201
300,201
75,202
170,202
171,202
172,202
173,202
174,202
214,202
215,202
217,202
218,202
219,202
300,202
75,203
167,203
168,203
169,203
220,203
221,203
300,203
75,204
163,204
164,204
165,204
166,204
222,204
223,204
300,204
75,205
161,205
162,205
224,205
300,205
75,206
159,206
160,206
225,206
226,206
227,206
300,206
75,207
156,207
157,207
158,207
228,207
300,207
75,208
154,208
155,208
229,208
300,208
75,209
152,209
153,209
230,209
300,209
76,210
151,210
231,210
300,210
76,211
151,211
232,211
300,211
76,212
150,212
233,212
300,212
76,213
149,213
233,213
300,213
76,214
148,214
234,214
300,214
75,215
147,215
234,215
300,215
75,216
146,216
235,216
301,216
75,217
145,217
236,217
301,217
75,218
145,218
236,218
301,218
75,219
144,219
236,219
301,219
75,220
144,220
236,220
301,220
74,221
143,221
236,221
301,221
74,222
143,222
236,222
301,222
75,223
142,223
236,223
301,223
75,224
142,224
236,224
301,224
75,225
141,225
236,225
301,225
75,226
141,226
236,226
301,226
75,227
141,227
236,227
301,227
75,228
140,228
236,228
301,228
75,229
140,229
235,229
300,229
75,230
141,230
235,230
300,230
75,231
141,231
234,231
300,231
75,232
141,232
234,232
300,232
75,233
141,233
234,233
300,233
75,234
142,234
233,234
301,234
75,235
142,235
232,235
301,235
74,236
143,236
232,236
301,236
74,237
144,237
231,237
301,237
74,238
144,238
231,238
301,238
74,239
145,239
230,239
301,239
74,240
145,240
229,240
301,240
74,241
146,241
229,241
301,241
74,242
146,242
228,242
302,242
74,243
147,243
229,243
302,243
75,244
148,244
228,244
302,244
75,245
148,245
228,245
302,245
75,246
149,246
227,246
302,246
75,247
150,247
227,247
302,247
75,248
151,248
227,248
302,248
75,249
152,249
226,249
302,249
75,250
153,250
226,250
302,250
75,251
153,251
226,251
302,251
75,252
153,252
225,252
302,252
75,253
154,253
225,253
302,253
75,254
155,254
224,254
302,254
75,255
155,255
224,255
302,255
75,256
156,256
224,256
302,256
75,257
156,257
224,257
302,257
75,258
156,258
224,258
302,258
75,259
156,259
224,259
302,259
75,260
157,260
224,260
302,260
75,261
157,261
224,261
302,261
75,262
157,262
224,262
302,262
75,263
157,263
224,263
302,263
75,264
157,264
224,264
302,264
74,265
158,265
225,265
302,265
74,266
157,266
226,266
302,266
74,267
157,267
227,267
302,267
74,268
157,268
228,268
301,268
73,269
157,269
229,269
301,269
73,270
157,270
230,270
301,270
73,271
156,271
231,271
232,271
301,271
73,272
155,272
233,272
234,272
302,272
74,273
155,273
235,273
236,273
302,273
74,274
155,274
237,274
238,274
302,274
74,275
153,275
154,275
239,275
240,275
241,275
302,275
74,276
152,276
242,276
243,276
244,276
245,276
246,276
247,276
302,276
74,277
152,277
248,277
249,277
250,277
251,277
252,277
253,277
254,277
302,277
74,278
150,278
151,278
255,278
256,278
257,278
258,278
259,278
260,278
261,278
262,278
263,278
264,278
302,278
74,279
149,279
265,279
266,279
267,279
268,279
269,279
270,279
271,279
302,279
74,280
147,280
148,280
272,280
273,280
274,280
275,280
276,280
277,280
280,280
281,280
282,280
283,280
284,280
285,280
286,280
287,280
288,280
289,280
302,280
74,281
144,281
145,281
146,281
278,281
279,281
290,281
291,281
292,281
293,281
294,281
295,281
296,281
297,281
298,281
299,281
300,281
302,281
74,282
139,282
140,282
141,282
142,282
143,282
301,282
74,283
131,283
132,283
133,283
134,283
135,283
136,283
137,283
138,283
73,284
120,284
121,284
122,284
123,284
124,284
125,284
126,284
127,284
128,284
129,284
130,284
74,285
110,285
111,285
112,285
113,285
114,285
115,285
116,285
117,285
118,285
119,285
74,286
100,286
101,286
102,286
103,286
104,286
105,286
106,286
107,286
108,286
109,286
74,287
89,287
90,287
91,287
92,287
93,287
94,287
95,287
96,287
97,287
98,287
99,287
74,288
80,288
84,288
85,288
86,288
87,288
88,288
75,289
76,289
77,289
78,289
79,289
81,289
82,289
83,289