1,0
1,1
2,2
2,3
2,4
2,5
2,6
2,7
2,8
2,9
2,10
2,11
2,12
2,13
2,14
2,15
2,16
2,17
2,18
2,19
2,20
2,21
2,22
2,23
2,24
2,25
2,26
2,27
3,28
3,29
3,30
2,31
2,32
2,33
2,34
2,35
2,36
2,37
2,38
2,39
2,40
2,41
2,42
2,43
3,44
3,45
3,46
2,47
2,48
2,49
2,50
2,51
2,52
2,53
2,54
2,55
2,56
2,57
2,58
2,59
2,60
2,61
2,62
1,63
2,64
2,65
2,66
2,67
2,68
2,69
2,70
2,71
2,72
2,73
2,74
2,75
2,76
2,77
2,78
3,79
2,80
2,81
2,82
2,83
2,84
2,85
2,86
2,87
2,88
2,89
2,90
2,91
2,92
2,93
2,94
2,95
1,96
1,97
1,98
2,99
2,100
2,101
2,102
2,103
2,104
2,105
2,106
2,107
2,108
2,109
2,110
2,111
52,111
53,111
54,111
55,111
56,111
57,111
58,111
1,112
48,112
49,112
50,112
51,112
59,112
2,113
46,113
47,113
60,113
2,114
45,114
61,114
3,115
44,115
62,115
63,115
3,116
41,116
42,116
43,116
64,116
3,117
40,117
65,117
66,117
4,118
38,118
39,118
67,118
4,119
37,119
68,119
4,120
36,120
69,120
5,121
34,121
35,121
69,121
5,122
33,122
70,122
71,122
5,123
32,123
72,123
6,124
30,124
31,124
72,124
7,125
28,125
29,125
73,125
8,126
23,126
24,126
25,126
26,126
27,126
73,126
9,127
20,127
21,127
22,127
74,127
10,128
11,128
12,128
13,128
15,128
16,128
17,128
18,128
19,128
74,128
14,129
74,129
74,130
74,131
75,132
75,133
75,134
75,135
76,136
76,137
77,138
77,139
77,140
78,141
78,142
78,143
78,144
78,145
78,146
78,147
78,148
78,149
78,150
78,151
78,152
79,153
79,154
79,155
79,156
79,157
79,158
79,159
79,160
79,161
78,162
78,163
78,164
78,165
78,166
78,167
78,168
78,169
78,170
78,171
78,172
78,173
78,174
78,175
78,176
78,177
78,178
77,179
77,180
77,181
77,182
76,183
76,184
76,185
76,186
76,187
76,188
75,189
75,190
75,191
14,192
15,192
16,192
17,192
18,192
19,192
20,192
21,192
75,192
11,193
12,193
13,193
22,193
75,193
10,194
23,194
74,194
9,195
24,195
25,195
73,195
8,196
26,196
27,196
28,196
72,196
7,197
29,197
30,197
71,197
7,198
31,198
71,198
6,199
32,199
33,199
70,199
5,200
34,200
35,200
70,200
5,201
36,201
69,201
4,202
37,202
69,202
4,203
38,203
68,203
4,204
39,204
67,204
4,205
39,205
66,205
4,206
40,206
65,206
3,207
41,207
42,207
62,207
63,207
64,207
2,208
43,208
44,208
61,208
2,209
45,209
60,209
2,210
46,210
47,210
54,210
57,210
58,210
59,210
2,211
48,211
49,211
50,211
51,211
52,211
53,211
55,211
56,211
2,212
2,213
2,214
2,215
2,216
2,217
2,218
2,219
2,220
2,221
3,222
3,223
2,224
1,225
1,226
1,227
2,228
2,229
2,230
1,231
1,232
1,233
2,234
2,235
2,236
2,237
2,238
2,239
2,240
1,241
1,242
1,243
1,244
1,245
1,246
1,247
1,248
1,249
1,250
1,251
1,252
1,253
1,254
1,255
1,256
0,257
0,258
0,259
0,260
0,261
0,262
0,263
0,264
0,265
0,266
0,267
1,268
1,269
1,270
1,271
1,272
0,273
0,274