3,0
3,1
3,2
3,3
3,4
3,5
3,6
2,7
2,8
2,9
2,10
2,11
2,12
2,13
2,14
2,15
2,16
3,17
3,18
2,19
3,20
2,21
2,22
2,23
2,24
2,25
2,26
2,27
2,28
2,29
1,30
1,31
2,32
2,33
2,34
2,35
2,36
2,37
2,38
2,39
2,40
2,41
2,42
2,43
2,44
2,45
2,46
2,47
1,48
1,49
1,50
2,51
1,52
1,53
1,54
2,55
2,56
2,57
2,58
2,59
2,60
2,61
2,62
2,63
2,64
1,65
1,66
1,67
1,68
1,69
1,70
1,71
1,72
1,73
1,74
2,75
2,76
2,77
2,78
2,79
2,80
2,81
2,82
1,83
1,84
1,85
1,86
1,87
1,88
1,89
1,90
1,91
1,92
1,93
2,94
2,95
2,96
2,97
2,98
1,99
1,100
2,101
1,102
1,103
1,104
1,105
1,106
1,107
1,108
1,109
1,110
1,111
1,112
2,113
2,114
2,115
2,116
1,117
1,118
2,119
2,120
2,121
2,122
2,123
1,124
1,125
1,126
1,127
1,128
1,129
1,130
1,131
2,132
2,133
2,134
2,135
2,136
2,137
2,138
1,139
1,140
1,141
1,142
1,143
1,144
1,145
1,146
1,147
1,148
1,149
1,150
2,151
1,152
1,153
1,154
2,155
2,156
2,157
2,158
1,159
1,160
1,161
1,162
1,163
1,164
1,165
0,166
0,167
1,168
1,169
2,170
2,171
2,172
2,173
2,174
2,175
2,176
2,177
2,178
2,179
2,180
2,181
2,182
2,183
2,184
2,185
1,186
1,187
1,188
2,189
2,190
2,191
2,192
2,193
2,194
2,195
2,196
2,197
2,198
2,199
2,200
2,201
2,202
2,203
2,204
1,205
1,206
1,207
2,208
2,209
2,210
2,211
2,212
2,213
2,214
2,215
2,216
2,217
2,218
2,219
2,220
2,221
2,222
1,223
1,224
1,225
2,226
3,227
3,228
3,229
3,230
3,231
2,232
2,233
3,234