7,0
7,1
7,2
7,3
7,4
7,5
6,6
6,7
6,8
6,9
6,10
6,11
6,12
6,13
6,14
6,15
6,16
6,17
6,18
6,19
6,20
6,21
6,22
6,23
5,24
5,25
5,26
5,27
5,28
5,29
5,30
5,31
5,32
4,33
4,34
4,35
5,36
5,37
5,38
5,39
5,40
5,41
5,42
5,43
4,44
4,45
4,46
4,47
4,48
4,49
4,50
4,51
4,52
3,53
3,54
3,55
3,56
3,57
4,58
4,59
4,60
4,61
4,62
3,63
3,64
3,65
3,66
3,67
3,68
3,69
3,70
53,70
54,70
55,70
56,70
57,70
3,71
51,71
52,71
58,71
59,71
60,71
61,71
3,72
48,72
49,72
50,72
62,72
63,72
3,73
46,73
47,73
64,73
3,74
44,74
45,74
65,74
3,75
42,75
43,75
65,75
3,76
41,76
66,76
3,77
39,77
40,77
67,77
68,77
3,78
38,78
69,78
4,79
38,79
69,79
5,80
37,80
70,80
5,81
36,81
71,81
5,82
35,82
71,82
5,83
33,83
34,83
71,83
6,84
30,84
31,84
32,84
72,84
7,85
29,85
73,85
7,86
26,86
27,86
28,86
73,86
8,87
25,87
73,87
9,88
20,88
21,88
22,88
23,88
24,88
74,88
10,89
11,89
12,89
13,89
14,89
17,89
18,89
19,89
74,89
15,90
16,90
75,90
75,91
75,92
75,93
75,94
75,95
76,96
76,97
76,98
76,99
77,100
77,101
78,102
78,103
78,104
78,105
78,106
78,107
78,108
78,109
78,110
77,111
77,112
77,113
77,114
77,115
77,116
77,117
77,118
77,119
77,120
77,121
78,122
78,123
78,124
78,125
77,126
77,127
77,128
77,129
77,130
76,131
76,132
76,133
76,134
75,135
75,136
75,137
75,138
74,139
74,140
74,141
74,142
73,143
74,144
74,145
12,146
13,146
14,146
15,146
16,146
17,146
18,146
19,146
20,146
21,146
22,146
73,146
10,147
11,147
23,147
24,147
73,147
8,148
9,148
25,148
26,148
72,148
7,149
27,149
72,149
6,150
28,150
29,150
72,150
5,151
30,151
71,151
4,152
31,152
70,152
3,153
32,153
70,153
3,154
33,154
69,154
2,155
34,155
68,155
2,156
35,156
67,156
1,157
36,157
66,157
1,158
37,158
65,158
1,159
38,159
64,159
0,160
39,160
63,160
0,161
40,161
41,161
42,161
63,161
0,162
43,162
62,162
0,163
44,163
45,163
60,163
61,163
0,164
46,164
47,164
58,164
59,164
0,165
48,165
49,165
50,165
51,165
52,165
53,165
54,165
55,165
56,165
57,165
0,166
0,167
1,168
1,169
1,170
1,171
1,172
0,173
0,174
0,175
0,176
0,177
0,178
0,179
0,180
0,181
0,182
0,183
0,184
0,185
0,186
0,187
1,188
1,189
2,190
2,191
2,192
2,193
2,194
2,195
2,196
1,197
1,198
1,199
1,200
2,201
2,202
2,203
1,204
1,205
1,206
1,207
1,208
2,209
2,210
2,211
3,212
3,213
3,214
3,215
3,216
3,217
2,218
2,219
2,220
2,221
2,222
3,223
3,224
3,225
3,226
3,227
3,228
3,229
3,230
3,231
3,232
3,233
4,234
4,235
4,236
4,237
4,238
4,239
4,240
4,241
4,242
4,243
5,244
5,245
5,246
5,247
4,248
4,249
4,250
4,251
4,252
4,253
4,254
4,255
5,256
5,257
5,258
5,259
5,260
5,261
6,262
6,263
6,264
5,265
6,266
6,267
6,268
6,269
6,270
6,271
6,272
6,273
6,274
6,275
6,276
6,277
7,278
7,279
7,280
6,281
6,282
6,283
7,284
7,285
7,286
7,287
7,288
7,289