3,0
2,1
2,2
2,3
2,4
2,5
2,6
2,7
2,8
2,9
2,10
3,11
2,12
2,13
2,14
2,15
2,16
3,17
3,18
2,19
2,20
2,21
2,22
2,23
2,24
3,25
4,26
4,27
4,28
4,29
3,30
3,31
3,32
3,33
3,34
3,35
3,36
3,37
3,38
3,39
3,40
4,41
4,42
4,43
4,44
4,45
4,46
4,47
4,48
4,49
3,50
4,51
4,52
4,53
4,54
4,55
5,56
5,57
5,58
5,59
5,60
4,61
4,62
4,63
4,64
4,65
4,66
4,67
4,68
4,69
4,70
5,71
5,72
5,73
5,74
5,75
5,76
5,77
5,78
5,79
5,80
5,81
5,82
5,83
5,84
5,85
5,86
5,87
5,88
5,89
5,90
5,91
5,92
5,93
5,94
5,95
60,95
5,96
55,96
56,96
57,96
58,96
59,96
61,96
62,96
5,97
54,97
63,97
64,97
65,97
6,98
53,98
66,98
67,98
6,99
51,99
52,99
68,99
6,100
50,100
69,100
7,101
48,101
49,101
70,101
71,101
72,101
73,101
8,102
45,102
46,102
47,102
74,102
8,103
44,103
74,103
8,104
43,104
74,104
8,105
41,105
42,105
75,105
9,106
39,106
40,106
76,106
9,107
38,107
76,107
10,108
37,108
76,108
11,109
36,109
77,109
11,110
35,110
78,110
11,111
32,111
33,111
34,111
78,111
12,112
30,112
31,112
78,112
13,113
27,113
28,113
29,113
79,113
14,114
23,114
24,114
25,114
26,114
80,114
15,115
16,115
17,115
18,115
21,115
22,115
80,115
19,116
20,116
81,116
82,117
82,118
82,119
82,120
82,121
83,122
83,123
83,124
83,125
83,126
84,127
84,128
85,129
85,130
86,131
86,132
86,133
86,134
86,135
86,136
86,137
86,138
86,139
85,140
86,141
86,142
86,143
87,144
87,145
87,146
86,147
86,148
86,149
86,150
85,151
85,152
85,153
85,154
84,155
84,156
84,157
84,158
84,159
84,160
84,161
83,162
82,163
82,164
82,165
25,166
26,166
27,166
28,166
81,166
20,167
21,167
22,167
23,167
24,167
29,167
30,167
31,167
81,167
17,168
18,168
19,168
32,168
33,168
80,168
16,169
34,169
35,169
80,169
15,170
36,170
37,170
79,170
14,171
38,171
39,171
40,171
79,171
13,172
41,172
78,172
13,173
42,173
43,173
77,173
12,174
44,174
77,174
11,175
45,175
46,175
76,175
12,176
47,176
48,176
75,176
12,177
49,177
50,177
73,177
74,177
11,178
51,178
72,178
11,179
52,179
53,179
71,179
10,180
54,180
55,180
56,180
70,180
10,181
57,181
58,181
59,181
66,181
67,181
68,181
69,181
10,182
60,182
61,182
62,182
63,182
64,182
65,182
10,183
9,184
9,185
9,186
8,187
8,188
8,189
8,190
9,191
9,192
9,193
8,194
8,195
8,196
8,197
8,198
8,199
8,200
8,201
8,202
8,203
7,204
7,205
7,206
8,207
8,208
8,209
7,210
7,211
7,212
7,213
7,214
7,215
7,216
7,217
6,218
6,219
6,220
6,221
7,222
7,223
7,224
6,225
6,226
6,227
6,228
6,229
6,230
5,231
6,232
5,233
5,234
5,235
4,236
5,237
5,238
5,239
5,240
5,241
5,242
5,243
5,244
5,245
4,246
4,247
4,248
4,249
4,250
4,251
4,252
4,253
4,254
4,255
4,256
4,257
4,258
3,259
3,260
3,261
3,262
3,263
3,264
2,265
2,266
3,267
3,268
3,269
3,270
2,271
2,272
2,273
2,274
2,275
2,276
1,277
1,278
1,279
1,280
1,281
2,282
2,283
2,284
1,285
1,286
1,287
1,288
1,289
0,290
0,291
0,292
0,293
0,294
0,295
1,296
2,297