88,0
88,1
88,2
89,3
88,4
88,5
88,6
88,7
88,8
88,9
88,10
87,11
87,12
87,13
87,14
87,15
87,16
87,17
87,18
87,19
87,20
87,21
86,22
86,23
86,24
86,25
86,26
86,27
86,28
85,29
85,30
85,31
85,32
84,33
85,34
85,35
85,36
84,37
84,38
84,39
84,40
84,41
84,42
84,43
83,44
84,45
83,46
83,47
83,48
83,49
83,50
83,51
82,52
82,53
82,54
82,55
82,56
82,57
82,58
82,59
82,60
81,61
81,62
81,63
81,64
81,65
81,66
81,67
81,68
80,69
80,70
80,71
80,72
80,73
80,74
80,75
79,76
79,77
79,78
79,79
79,80
79,81
79,82
78,83
22,84
23,84
24,84
78,84
20,85
21,85
25,85
26,85
27,85
28,85
77,85
17,86
18,86
19,86
29,86
30,86
77,86
15,87
16,87
31,87
77,87
13,88
14,88
32,88
33,88
77,88
12,89
34,89
77,89
11,90
35,90
36,90
76,90
10,91
37,91
75,91
9,92
38,92
75,92
8,93
39,93
40,93
74,93
7,94
41,94
74,94
7,95
42,95
73,95
6,96
43,96
72,96
6,97
44,97
45,97
72,97
5,98
46,98
71,98
4,99
47,99
48,99
70,99
4,100
49,100
69,100
4,101
50,101
51,101
52,101
68,101
3,102
53,102
54,102
55,102
66,102
67,102
3,103
56,103
57,103
58,103
59,103
65,103
3,104
60,104
61,104
62,104
63,104
64,104
2,105
2,106
2,107
2,108
2,109
1,110
1,111
1,112
0,113
0,114
0,115
0,116
0,117
0,118
0,119
0,120
0,121
0,122
0,123
0,124
0,125
0,126
0,127
0,128
0,129
0,130
0,131
0,132
0,133
0,134
0,135
0,136
0,137
0,138
0,139
0,140
0,141
0,142
0,143
0,144
1,145
1,146
1,147
1,148
2,149
2,150
2,151
3,152
3,153
3,154
3,155
62,155
63,155
64,155
65,155
66,155
4,156
59,156
60,156
61,156
67,156
68,156
69,156
70,156
4,157
56,157
57,157
58,157
71,157
4,158
55,158
72,158
4,159
52,159
53,159
54,159
73,159
5,160
51,160
74,160
5,161
50,161
75,161
6,162
48,162
49,162
75,162
6,163
47,163
75,163
7,164
46,164
76,164
8,165
45,165
77,165
8,166
43,166
44,166
78,166
9,167
42,167
78,167
10,168
41,168
78,168
10,169
40,169
79,169
11,170
38,170
39,170
79,170
12,171
37,171
80,171
13,172
14,172
36,172
80,172
15,173
34,173
35,173
80,173
16,174
17,174
33,174
80,174
18,175
31,175
32,175
80,175
19,176
20,176
21,176
28,176
29,176
30,176
80,176
22,177
23,177
24,177
25,177
26,177
27,177
80,177
81,178
81,179
81,180
81,181
81,182
81,183
81,184
81,185
81,186
82,187
82,188
82,189
82,190
82,191
82,192
82,193
82,194
82,195
82,196
82,197
83,198
83,199
83,200
83,201
83,202
83,203
83,204
83,205
83,206
83,207
83,208
83,209
83,210
83,211
83,212
84,213
84,214
84,215
84,216
84,217
84,218
84,219
84,220
84,221
84,222
85,223
85,224
86,225
86,226
86,227
86,228
85,229
85,230
85,231
85,232
86,233
86,234
86,235
86,236
86,237
86,238
86,239
86,240
87,241