79,0
80,0
81,0
82,0
78,1
83,1
84,1
85,1
86,1
87,1
88,1
89,1
90,1
91,1
92,1
93,1
94,1
95,1
77,2
96,2
97,2
98,2
100,2
101,2
102,2
77,3
99,3
103,3
104,3
105,3
106,3
107,3
108,3
109,3
110,3
111,3
77,4
112,4
113,4
114,4
115,4
116,4
117,4
118,4
119,4
120,4
121,4
76,5
122,5
123,5
124,5
125,5
126,5
127,5
128,5
76,6
129,6
130,6
131,6
132,6
133,6
134,6
135,6
136,6
137,6
138,6
139,6
140,6
141,6
76,7
142,7
143,7
144,7
145,7
146,7
75,8
147,8
148,8
149,8
150,8
151,8
152,8
153,8
158,8
159,8
74,9
154,9
155,9
156,9
157,9
160,9
74,10
161,10
162,10
163,10
164,10
165,10
166,10
167,10
168,10
169,10
170,10
171,10
172,10
173,10
174,10
175,10
176,10
177,10
178,10
179,10
180,10
74,11
181,11
182,11
183,11
184,11
185,11
186,11
187,11
188,11
189,11
190,11
74,12
191,12
192,12
193,12
194,12
195,12
196,12
197,12
198,12
74,13
199,13
335,13
336,13
337,13
347,13
348,13
351,13
352,13
353,13
354,13
355,13
356,13
362,13
363,13
364,13
365,13
366,13
367,13
368,13
74,14
200,14
201,14
202,14
203,14
285,14
286,14
287,14
288,14
289,14
290,14
291,14
292,14
293,14
294,14
295,14
296,14
297,14
298,14
304,14
305,14
306,14
307,14
308,14
309,14
310,14
311,14
312,14
313,14
314,14
315,14
316,14
317,14
320,14
321,14
322,14
323,14
324,14
325,14
326,14
327,14
328,14
329,14
330,14
331,14
332,14
333,14
334,14
338,14
339,14
340,14
341,14
342,14
343,14
344,14
345,14
346,14
349,14
350,14
357,14
358,14
359,14
360,14
361,14
369,14
370,14
74,15
204,15
205,15
283,15
284,15
299,15
300,15
301,15
302,15
303,15
318,15
319,15
371,15
73,16
206,16
207,16
208,16
209,16
278,16
280,16
281,16
282,16
371,16
73,17
210,17
211,17
276,17
277,17
279,17
371,17
73,18
212,18
274,18
275,18
371,18
73,19
213,19
272,19
273,19
371,19
73,20
214,20
271,20
371,20
73,21
215,21
270,21
371,21
73,22
216,22
269,22
371,22
73,23
216,23
269,23
371,23
73,24
217,24
268,24
371,24
73,25
218,25
267,25
371,25
73,26
218,26
267,26
371,26
72,27
218,27
267,27
371,27
72,28
218,28
266,28
371,28
72,29
218,29
266,29
371,29
71,30
217,30
266,30
371,30
71,31
216,31
267,31
371,31
71,32
216,32
266,32
371,32
71,33
216,33
266,33
371,33
71,34
215,34
266,34
371,34
71,35
215,35
266,35
370,35
71,36
214,36
266,36
370,36
71,37
214,37
267,37
370,37
71,38
214,38
267,38
370,38
71,39
214,39
268,39
370,39
70,40
213,40
268,40
370,40
70,41
213,41
268,41
370,41
70,42
212,42
269,42
370,42
70,43
211,43
270,43
370,43
70,44
211,44
270,44
370,44
70,45
210,45
271,45
370,45
70,46
210,46
272,46
370,46
69,47
209,47
272,47
370,47
69,48
208,48
273,48
370,48
69,49
207,49
274,49
370,49
69,50
206,50
274,50
370,50
69,51
205,51
275,51
370,51
69,52
205,52
275,52
370,52
69,53
204,53
276,53
370,53
69,54
203,54
276,54
370,54
69,55
204,55
277,55
370,55
69,56
204,56
278,56
370,56
68,57
203,57
278,57
370,57
68,58
203,58
278,58
369,58
68,59
201,59
202,59
279,59
370,59
68,60
200,60
279,60
370,60
68,61
199,61
280,61
369,61
68,62
199,62
281,62
369,62
68,63
198,63
281,63
369,63
68,64
198,64
282,64
370,64
68,65
198,65
282,65
370,65
67,66
198,66
282,66
370,66
67,67
198,67
282,67
370,67
67,68
199,68
282,68
369,68
67,69
199,69
283,69
369,69
67,70
198,70
283,70
369,70
67,71
198,71
283,71
369,71
67,72
199,72
282,72
370,72
67,73
199,73
281,73
370,73
66,74
200,74
281,74
369,74
66,75
200,75
281,75
369,75
66,76
201,76
280,76
369,76
66,77
202,77
280,77
369,77
66,78
203,78
279,78
369,78
19,79
20,79
21,79
66,79
204,79
278,79
369,79
17,80
18,80
22,80
23,80
65,80
205,80
278,80
368,80
16,81
24,81
25,81
26,81
65,81
206,81
276,81
277,81
368,81
15,82
27,82
28,82
65,82
207,82
208,82
275,82
368,82
14,83
29,83
30,83
31,83
65,83
209,83
210,83
273,83
274,83
368,83
13,84
32,84
33,84
34,84
64,84
211,84
272,84
368,84
11,85
12,85
35,85
64,85
212,85
213,85
214,85
270,85
271,85
368,85
10,86
36,86
63,86
215,86
216,86
268,86
269,86
368,86
9,87
37,87
38,87
39,87
62,87
217,87
266,87
267,87
368,87
8,88
40,88
62,88
218,88
219,88
220,88
263,88
264,88
265,88
369,88
8,89
41,89
42,89
44,89
61,89
221,89
222,89
223,89
224,89
225,89
226,89
227,89
256,89
261,89
262,89
369,89
7,90
43,90
45,90
60,90
228,90
229,90
252,90
253,90
254,90
255,90
257,90
258,90
259,90
260,90
369,90
6,91
46,91
47,91
58,91
59,91
230,91
231,91
232,91
233,91
244,91
245,91
246,91
247,91
248,91
249,91
250,91
251,91
369,91
6,92
48,92
49,92
50,92
56,92
57,92
234,92
235,92
236,92
237,92
239,92
240,92
241,92
242,92
243,92
369,92
5,93
51,93
52,93
53,93
54,93
55,93
238,93
369,93
5,94
368,94
4,95
368,95
4,96
368,96
4,97
368,97
3,98
368,98
3,99
369,99
3,100
369,100
3,101
369,101
2,102
369,102
2,103
369,103
1,104
368,104
1,105
368,105
0,106
369,106
0,107
369,107
0,108
370,108
0,109
370,109
0,110
370,110
0,111
370,111
410,111
411,111
412,111
413,111
414,111
415,111
416,111
417,111
418,111
419,111
420,111
421,111
422,111
423,111
424,111
425,111
426,111
427,111
0,112
371,112
408,112
409,112
428,112
429,112
430,112
431,112
0,113
370,113
405,113
406,113
407,113
432,113
0,114
371,114
402,114
403,114
404,114
433,114
434,114
0,115
371,115
400,115
401,115
435,115
0,116
372,116
398,116
399,116
436,116
437,116
0,117
373,117
396,117
397,117
438,117
439,117
0,118
374,118
391,118
392,118
393,118
395,118
440,118
1,119
375,119
389,119
390,119
394,119
441,119
1,120
376,120
377,120
378,120
384,120
385,120
386,120
387,120
388,120
442,120
1,121
379,121
380,121
381,121
382,121
383,121
442,121
1,122
443,122
444,122
1,123
445,123
1,124
445,124
1,125
446,125
1,126
447,126
2,127
447,127
2,128
448,128
2,129
449,129
3,130
450,130
3,131
450,131
4,132
450,132
4,133
451,133
4,134
451,134
5,135
53,135
54,135
55,135
56,135
451,135
6,136
50,136
51,136
52,136
57,136
58,136
59,136
451,136
6,137
47,137
48,137
49,137
60,137
451,137
7,138
45,138
46,138
60,138
451,138
8,139
44,139
61,139
452,139
8,140
42,140
43,140
61,140
452,140
9,141
39,141
41,141
62,141
453,141
10,142
37,142
38,142
40,142
63,142
453,142
9,143
34,143
35,143
36,143
63,143
453,143
10,144
11,144
33,144
64,144
453,144
12,145
31,145
32,145
63,145
453,145
13,146
29,146
30,146
64,146
453,146
14,147
15,147
16,147
28,147
64,147
454,147
17,148
18,148
19,148
25,148
26,148
27,148
65,148
454,148
20,149
21,149
22,149
23,149
24,149
65,149
454,149
65,150
454,150
66,151
453,151
66,152
453,152
66,153
453,153
66,154
453,154
67,155
452,155
67,156
452,156
67,157
452,157
67,158
452,158
67,159
452,159
67,160
452,160
67,161
452,161
67,162
451,162
67,163
450,163
68,164
450,164
67,165
449,165
67,166
449,166
67,167
449,167
67,168
448,168
67,169
448,169
68,170
447,170
68,171
447,171
68,172
447,172
68,173
445,173
446,173
68,174
381,174
382,174
444,174
68,175
377,175
378,175
379,175
380,175
383,175
384,175
385,175
386,175
387,175
388,175
389,175
390,175
391,175
392,175
443,175
68,176
376,176
393,176
441,176
442,176
69,177
375,177
394,177
440,177
69,178
375,178
395,178
439,178
69,179
374,179
396,179
397,179
398,179
438,179
69,180
374,180
399,180
400,180
401,180
436,180
437,180
69,181
373,181
402,181
403,181
404,181
405,181
435,181
69,182
372,182
406,182
407,182
433,182
434,182
69,183
371,183
408,183
409,183
410,183
427,183
428,183
429,183
430,183
431,183
432,183
68,184
371,184
411,184
422,184
423,184
424,184
425,184
426,184
68,185
371,185
412,185
419,185
420,185
421,185
68,186
371,186
413,186
414,186
418,186
68,187
371,187
415,187
416,187
417,187
69,188
371,188
69,189
370,189
69,190
371,190
69,191
370,191
70,192
369,192
70,193
369,193
70,194
369,194
70,195
369,195
70,196
369,196
70,197
369,197
70,198
369,198
70,199
369,199
70,200
369,200
70,201
369,201
71,202
369,202
71,203
369,203
70,204
369,204
70,205
369,205
70,206
369,206
70,207
369,207
70,208
369,208
71,209
369,209
71,210
368,210
71,211
368,211
71,212
368,212
72,213
368,213
72,214
368,214
72,215
368,215
72,216
368,216
72,217
368,217
72,218
368,218
72,219
368,219
73,220
368,220
73,221
368,221
73,222
368,222
73,223
368,223
72,224
368,224
72,225
368,225
72,226
368,226
73,227
368,227
73,228
368,228
73,229
368,229
73,230
368,230
73,231
367,231
74,232
367,232
74,233
368,233
74,234
368,234
74,235
368,235
73,236
368,236
73,237
130,237
131,237
132,237
133,237
134,237
135,237
136,237
137,237
138,237
139,237
140,237
141,237
142,237
143,237
144,237
145,237
146,237
147,237
148,237
149,237
150,237
151,237
368,237
73,238
112,238
113,238
114,238
115,238
121,238
122,238
123,238
124,238
125,238
126,238
127,238
128,238
129,238
152,238
153,238
154,238
246,238
247,238
248,238
249,238
250,238
251,238
252,238
253,238
257,238
258,238
259,238
260,238
261,238
262,238
263,238
264,238
265,238
266,238
267,238
268,238
269,238
270,238
368,238
74,239
75,239
106,239
107,239
108,239
109,239
110,239
111,239
116,239
117,239
118,239
119,239
120,239
155,239
156,239
157,239
158,239
245,239
254,239
255,239
256,239
271,239
272,239
367,239
76,240
82,240
85,240
86,240
87,240
89,240
90,240
91,240
92,240
93,240
94,240
95,240
97,240
98,240
99,240
100,240
101,240
102,240
103,240
104,240
105,240
159,240
160,240
161,240
162,240
240,240
241,240
242,240
243,240
244,240
273,240
274,240
275,240
276,240
277,240
278,240
279,240
280,240
281,240
282,240
283,240
284,240
285,240
367,240
77,241
78,241
79,241
80,241
81,241
83,241
84,241
88,241
96,241
163,241
239,241
286,241
287,241
288,241
289,241
290,241
291,241
292,241
367,241
164,242
238,242
293,242
294,242
295,242
296,242
297,242
298,242
299,242
300,242
301,242
302,242
303,242
304,242
305,242
306,242
307,242
308,242
368,242
165,243
236,243
237,243
309,243
310,243
311,243
368,243
166,244
235,244
312,244
313,244
314,244
315,244
316,244
317,244
318,244
319,244
320,244
323,244
324,244
325,244
327,244
368,244
166,245
234,245
321,245
322,245
326,245
328,245
329,245
330,245
331,245
368,245
165,246
232,246
233,246
332,246
369,246
166,247
231,247
333,247
334,247
335,247
336,247
337,247
338,247
339,247
340,247
341,247
342,247
343,247
344,247
345,247
346,247
368,247
166,248
231,248
347,248
348,248
349,248
350,248
368,248
166,249
230,249
351,249
352,249
353,249
354,249
355,249
356,249
357,249
358,249
359,249
360,249
368,249
166,250
230,250
361,250
362,250
363,250
364,250
365,250
366,250
367,250
166,251
230,251
166,252
231,252
166,253
231,253
166,254
231,254
361,254
166,255
231,255
360,255
362,255
166,256
231,256
361,256
165,257
232,257
165,258
232,258
165,259
232,259
164,260
233,260
164,261
233,261
164,262
233,262
163,263
234,263
163,264
234,264
162,265
235,265
161,266
235,266
161,267
234,267
160,268
235,268
160,269
236,269
237,269
159,270
238,270
159,271
238,271
158,272
239,272
157,273
239,273
157,274
239,274
156,275
240,275
156,276
241,276
155,277
241,277
154,278
242,278
153,279
243,279
153,280
244,280
152,281
244,281
152,282
245,282
151,283
246,283
150,284
246,284
149,285
246,285
149,286
247,286
149,287
247,287
149,288
247,288
149,289
247,289
149,290
248,290
150,291
248,291
150,292
248,292
150,293
248,293
150,294
247,294
151,295
247,295
152,296
246,296
152,297
246,297
153,298
245,298
154,299
245,299
154,300
244,300
155,301
243,301
156,302
242,302
157,303
241,303
158,304
241,304
159,305
239,305
240,305
160,306
161,306
238,306
162,307
163,307
164,307
237,307
165,308
166,308
235,308
236,308
167,309
168,309
169,309
231,309
233,309
234,309
170,310
171,310
229,310
230,310
232,310
172,311
224,311
225,311
226,311
227,311
228,311
173,312
174,312
175,312
176,312
177,312
178,312
219,312
220,312
221,312
222,312
223,312
179,313
180,313
181,313
182,313
183,313
184,313
185,313
186,313
210,313
211,313
214,313
215,313
216,313
217,313
218,313
187,314
188,314
189,314
190,314
191,314
192,314
193,314
194,314
195,314
196,314
203,314
204,314
205,314
206,314
207,314
208,314
209,314
212,314
213,314
197,315
198,315
199,315
200,315
202,315
201,316