73,0
73,1
73,2
73,3
73,4
73,5
73,6
73,7
73,8
73,9
73,10
72,11
72,12
73,13
73,14
73,15
73,16
73,17
73,18
73,19
73,20
74,21
74,22
74,23
73,24
73,25
73,26
74,27
74,28
74,29
74,30
74,31
74,32
74,33
74,34
75,35
75,36
74,37
74,38
75,39
75,40
75,41
75,42
75,43
75,44
75,45
75,46
76,47
76,48
76,49
75,50
75,51
75,52
75,53
75,54
76,55
76,56
76,57
76,58
77,59
77,60
77,61
76,62
76,63
76,64
76,65
77,66
77,67
77,68
77,69
77,70
78,71
78,72
77,73
78,74
77,75
77,76
78,77
78,78
78,79
78,80
78,81
79,82
79,83
79,84
79,85
79,86
79,87
78,88
79,89
79,90
79,91
80,92
80,93
80,94
80,95
80,96
80,97
80,98
81,99
81,100
80,101
80,102
80,103
80,104
25,105
26,105
27,105
28,105
29,105
80,105
24,106
30,106
31,106
32,106
33,106
80,106
22,107
23,107
34,107
35,107
80,107
21,108
36,108
37,108
38,108
80,108
19,109
20,109
39,109
80,109
16,110
18,110
40,110
41,110
80,110
15,111
17,111
42,111
80,111
14,112
42,112
80,112
12,113
13,113
43,113
80,113
11,114
44,114
79,114
10,115
45,115
79,115
10,116
46,116
78,116
9,117
47,117
78,117
9,118
48,118
49,118
78,118
8,119
50,119
51,119
78,119
8,120
52,120
53,120
77,120
7,121
54,121
77,121
7,122
55,122
76,122
7,123
56,123
75,123
6,124
57,124
58,124
75,124
5,125
59,125
60,125
61,125
74,125
5,126
62,126
63,126
64,126
65,126
66,126
67,126
71,126
72,126
73,126
4,127
68,127
69,127
70,127
4,128
4,129
4,130
3,131
3,132
3,133
3,134
3,135
2,136
1,137
2,138
1,139
1,140
1,141
1,142
1,143
1,144
1,145
1,146
1,147
1,148
1,149
0,150
0,151
0,152
0,153
0,154
0,155
0,156
1,157
1,158
1,159
1,160
1,161
1,162
0,163
1,164
1,165
1,166
1,167
2,168
2,169
2,170
2,171
2,172
2,173
3,174
3,175
2,176
3,177
3,178
3,179
4,180
4,181
4,182
5,183
5,184
6,185
61,185
62,185
63,185
64,185
65,185
6,186
59,186
60,186
66,186
67,186
68,186
69,186
7,187
56,187
57,187
58,187
70,187
71,187
8,188
51,188
53,188
54,188
55,188
72,188
73,188
7,189
49,189
50,189
52,189
74,189
8,190
46,190
47,190
48,190
74,190
9,191
45,191
75,191
10,192
44,192
74,192
11,193
43,193
75,193
12,194
41,194
42,194
75,194
13,195
38,195
39,195
40,195
75,195
13,196
37,196
76,196
14,197
35,197
36,197
76,197
15,198
16,198
33,198
34,198
76,198
17,199
18,199
31,199
32,199
77,199
19,200
20,200
21,200
25,200
30,200
77,200
22,201
23,201
24,201
26,201
27,201
28,201
29,201
77,201
77,202
77,203
77,204
76,205
76,206
76,207
76,208
77,209
77,210
77,211
77,212
77,213
77,214
77,215
77,216
76,217
75,218
75,219
75,220
75,221
75,222
75,223
75,224
75,225
75,226
75,227
75,228
75,229
74,230
74,231
73,232
73,233
73,234
73,235
73,236
73,237
73,238
73,239
73,240
73,241
73,242
72,243
72,244
72,245
72,246
72,247
72,248
72,249
72,250
72,251
72,252
72,253
72,254
72,255
71,256
70,257
70,258
70,259
70,260
70,261
70,262
71,263
70,264
70,265
70,266
70,267
70,268
69,269
69,270
69,271
69,272
69,273
70,274
70,275
71,276