9,0
9,1
9,2
9,3
8,4
8,5
9,6
9,7
9,8
8,9
8,10
8,11
8,12
8,13
8,14
8,15
8,16
8,17
8,18
7,19
8,20
8,21
7,22
7,23
7,24
8,25
8,26
8,27
7,28
7,29
7,30
7,31
7,32
7,33
7,34
7,35
7,36
6,37
6,38
6,39
5,40
5,41
5,42
6,43
6,44
6,45
6,46
5,47
5,48
5,49
5,50
5,51
5,52
5,53
5,54
5,55
5,56
4,57
4,58
4,59
4,60
4,61
4,62
4,63
4,64
4,65
4,66
3,67
4,68
4,69
4,70
4,71
3,72
3,73
3,74
4,75
3,76
2,77
2,78
2,79
2,80
2,81
3,82
3,83
3,84
3,85
2,86
2,87
2,88
2,89
2,90
2,91
2,92
2,93
2,94
1,95
0,96
0,97
0,98
1,99
1,100
1,101
1,102
1,103
1,104
1,105
1,106
1,107
2,108
2,109
2,110
47,110
48,110
49,110
50,110
51,110
3,111
39,111
40,111
41,111
42,111
43,111
44,111
45,111
46,111
52,111
53,111
54,111
3,112
36,112
37,112
38,112
55,112
56,112
57,112
4,113
35,113
58,113
59,113
4,114
31,114
32,114
33,114
34,114
60,114
4,115
27,115
28,115
29,115
30,115
61,115
4,116
25,116
26,116
62,116
63,116
5,117
22,117
23,117
24,117
64,117
6,118
7,118
8,118
18,118
19,118
20,118
21,118
65,118
9,119
10,119
11,119
12,119
16,119
17,119
65,119
13,120
14,120
15,120
66,120
67,121
68,122
68,123
69,124
70,125
70,126
71,127
70,128
71,129
71,130
72,131
73,132
74,133
74,134
75,135
75,136
76,137
75,138
76,139
76,140
77,141
78,142
78,143
78,144
78,145
79,146
79,147
78,148
78,149
78,150
78,151
78,152
78,153
78,154
78,155
78,156
78,157
77,158
76,159
76,160
75,161
75,162
75,163
75,164
74,165
74,166
73,167
72,168
72,169
71,170
71,171
70,172
70,173
70,174
69,175
67,176
68,176
66,177
9,178
12,178
13,178
14,178
15,178
16,178
17,178
18,178
19,178
66,178
8,179
10,179
11,179
20,179
21,179
65,179
7,180
22,180
23,180
24,180
25,180
26,180
27,180
64,180
6,181
28,181
63,181
6,182
29,182
30,182
31,182
32,182
62,182
5,183
33,183
34,183
35,183
36,183
62,183
4,184
37,184
38,184
60,184
61,184
4,185
39,185
40,185
41,185
56,185
57,185
59,185
4,186
42,186
43,186
44,186
45,186
46,186
47,186
53,186
54,186
55,186
58,186
4,187
48,187
49,187
50,187
51,187
52,187
3,188
3,189
3,190
3,191
2,192
2,193
2,194
2,195
2,196
2,197
2,198
2,199
2,200
3,201
2,202
2,203
2,204
2,205
2,206
3,207
3,208
3,209
3,210
3,211
2,212
2,213
3,214
3,215
3,216
3,217
4,218
4,219
4,220
3,221
4,222
4,223
4,224
4,225
4,226
5,227
5,228
5,229
6,230
5,231
5,232
5,233
5,234
5,235
5,236
6,237
6,238
6,239
6,240
5,241
5,242
5,243
5,244
5,245
6,246
6,247
6,248
6,249
5,250
6,251
6,252
6,253
6,254
6,255
6,256
7,257
7,258
7,259
6,260
7,261
7,262
7,263
7,264
7,265
7,266
7,267
7,268
8,269
7,270
7,271
7,272
7,273
7,274
8,275
8,276
8,277