85,0
85,1
85,2
85,3
85,4
85,5
85,6
85,7
84,8
84,9
84,10
84,11
84,12
84,13
84,14
84,15
84,16
84,17
83,18
83,19
84,20
84,21
83,22
82,23
82,24
82,25
82,26
82,27
82,28
82,29
82,30
82,31
82,32
82,33
82,34
82,35
82,36
81,37
81,38
81,39
81,40
81,41
81,42
81,43
81,44
81,45
81,46
81,47
81,48
81,49
81,50
80,51
80,52
80,53
80,54
80,55
80,56
80,57
80,58
80,59
80,60
80,61
80,62
80,63
80,64
79,65
79,66
79,67
79,68
79,69
79,70
79,71
79,72
78,73
78,74
78,75
79,76
79,77
79,78
79,79
78,80
78,81
78,82
78,83
78,84
78,85
78,86
78,87
78,88
78,89
78,90
78,91
78,92
78,93
77,94
77,95
77,96
77,97
77,98
77,99
76,100
76,101
77,102
76,103
76,104
76,105
76,106
76,107
19,108
20,108
21,108
75,108
18,109
22,109
23,109
24,109
25,109
26,109
27,109
74,109
17,110
28,110
29,110
30,110
73,110
15,111
16,111
31,111
32,111
73,111
14,112
33,112
34,112
73,112
13,113
35,113
72,113
12,114
35,114
72,114
11,115
36,115
37,115
71,115
10,116
38,116
39,116
71,116
10,117
40,117
41,117
70,117
9,118
42,118
43,118
69,118
8,119
44,119
45,119
69,119
6,120
7,120
46,120
47,120
48,120
68,120
5,121
49,121
67,121
5,122
50,122
62,122
63,122
64,122
65,122
66,122
5,123
51,123
52,123
53,123
54,123
55,123
59,123
60,123
61,123
4,124
56,124
57,124
58,124
4,125
4,126
4,127
3,128
3,129
3,130
3,131
3,132
3,133
2,134
1,135
1,136
1,137
1,138
1,139
1,140
1,141
0,142
1,143
0,144
0,145
0,146
1,147
1,148
0,149
0,150
0,151
0,152
0,153
0,154
0,155
0,156
0,157
0,158
1,159
1,160
1,161
1,162
0,163
0,164
0,165
0,166
1,167
1,168
1,169
1,170
1,171
2,172
2,173
3,174
2,175
3,176
2,177
2,178
2,179
3,180
3,181
4,182
4,183
4,184
5,185
5,186
59,186
60,186
61,186
6,187
56,187
57,187
58,187
62,187
63,187
64,187
65,187
66,187
6,188
54,188
55,188
67,188
68,188
69,188
6,189
51,189
52,189
53,189
70,189
7,190
50,190
71,190
7,191
47,191
49,191
72,191
7,192
45,192
46,192
48,192
72,192
8,193
44,193
73,193
9,194
42,194
43,194
73,194
10,195
41,195
74,195
11,196
40,196
75,196
12,197
39,197
75,197
13,198
38,198
76,198
14,199
36,199
37,199
76,199
15,200
16,200
35,200
76,200
17,201
18,201
32,201
33,201
34,201
77,201
19,202
30,202
31,202
77,202
20,203
21,203
27,203
28,203
29,203
77,203
22,204
23,204
24,204
25,204
26,204
78,204
78,205
79,206
79,207
79,208
78,209
78,210
79,211
79,212
79,213
79,214
80,215
80,216
80,217
80,218
80,219
80,220
81,221
81,222
80,223
80,224
80,225
80,226
80,227
80,228
80,229
81,230
81,231
81,232
81,233
81,234
82,235
82,236
81,237
81,238
81,239
81,240
81,241
82,242
82,243
82,244
82,245
82,246
82,247
83,248
83,249
83,250
83,251
82,252
83,253
83,254
83,255
83,256
83,257
83,258
83,259
83,260
84,261
84,262
84,263
84,264
84,265
84,266
84,267
84,268
84,269
84,270
84,271
84,272
85,273
85,274
85,275