83,0
82,1
82,2
82,3
82,4
82,5
82,6
82,7
82,8
83,9
83,10
83,11
83,12
83,13
83,14
82,15
82,16
82,17
83,18
83,19
83,20
83,21
83,22
83,23
83,24
83,25
83,26
82,27
82,28
82,29
82,30
82,31
83,32
83,33
83,34
83,35
83,36
82,37
82,38
82,39
83,40
83,41
83,42
82,43
82,44
83,45
84,46
84,47
84,48
84,49
84,50
84,51
84,52
84,53
84,54
84,55
84,56
84,57
84,58
84,59
84,60
84,61
84,62
84,63
84,64
84,65
84,66
84,67
83,68
84,69
84,70
83,71
83,72
82,73
83,74
82,75
82,76
82,77
29,78
30,78
31,78
32,78
33,78
34,78
81,78
24,79
25,79
26,79
27,79
28,79
35,79
36,79
37,79
38,79
39,79
81,79
21,80
22,80
23,80
40,80
41,80
42,80
43,80
81,80
20,81
44,81
45,81
46,81
47,81
48,81
80,81
18,82
19,82
49,82
50,82
51,82
79,82
16,83
17,83
52,83
53,83
78,83
15,84
54,84
55,84
56,84
77,84
14,85
57,85
58,85
59,85
76,85
13,86
60,86
61,86
62,86
63,86
74,86
75,86
12,87
64,87
65,87
66,87
67,87
68,87
69,87
70,87
71,87
72,87
73,87
11,88
11,89
10,90
9,91
8,92
8,93
8,94
7,95
6,96
6,97
6,98
5,99
4,100
4,101
3,102
3,103
3,104
2,105
2,106
2,107
1,108
1,109
1,110
1,111
0,112
0,113
0,114
1,115
1,116
1,117
2,118
2,119
2,120
2,121
2,122
2,123
2,124
2,125
3,126
4,127
4,128
5,129
5,130
5,131
6,132
6,133
7,134
7,135
8,136
9,137
10,138
10,139
11,140
66,140
67,140
74,140
75,140
76,140
77,140
11,141
63,141
64,141
65,141
68,141
69,141
70,141
71,141
73,141
78,141
79,141
12,142
61,142
62,142
72,142
80,142
13,143
58,143
59,143
60,143
81,143
14,144
57,144
82,144
15,145
54,145
55,145
56,145
83,145
16,146
52,146
53,146
84,146
17,147
50,147
51,147
84,147
18,148
48,148
49,148
84,148
19,149
45,149
46,149
47,149
84,149
20,150
43,150
44,150
85,150
21,151
22,151
38,151
39,151
40,151
41,151
42,151
86,151
23,152
24,152
35,152
36,152
37,152
86,152
25,153
26,153
27,153
29,153
30,153
31,153
32,153
33,153
34,153
86,153
28,154
86,154
86,155
86,156
87,157
87,158
87,159
87,160
87,161
87,162
87,163
87,164
87,165
87,166
87,167
87,168
87,169
87,170
87,171
87,172
87,173
86,174
86,175
86,176
85,177
83,178
84,178
82,179
82,180
81,181
81,182
80,183
80,184
79,185
78,186
79,187
80,187
81,187
82,187
83,187
84,187
85,187
86,188
86,189
86,190
86,191
86,192
86,193
86,194
86,195
86,196
85,197
86,198
86,199
86,200
85,201
85,202
85,203
85,204
85,205
85,206
85,207
85,208
85,209
85,210
85,211
85,212
85,213
85,214
85,215
84,216
84,217
84,218
84,219
84,220
84,221
84,222
84,223
84,224
84,225
84,226
84,227
84,228
83,229
83,230
83,231
83,232
84,233
84,234
84,235
83,236
83,237
83,238
83,239
83,240
82,241
82,242