6,0
5,1
5,2
4,3
3,4
3,5
3,6
3,7
3,8
3,9
3,10
3,11
3,12
3,13
3,14
3,15
3,16
3,17
3,18
3,19
3,20
3,21
3,22
3,23
3,24
3,25
3,26
3,27
3,28
3,29
3,30
3,31
3,32
4,33
4,34
4,35
4,36
4,37
3,38
3,39
3,40
3,41
3,42
3,43
3,44
3,45
3,46
3,47
3,48
3,49
3,50
3,51
3,52
3,53
4,54
4,55
4,56
4,57
4,58
4,59
4,60
4,61
4,62
4,63
4,64
4,65
4,66
4,67
4,68
4,69
4,70
4,71
5,72
5,73
4,74
4,75
4,76
4,77
4,78
4,79
4,80
4,81
4,82
4,83
4,84
5,85
5,86
5,87
4,88
5,89
5,90
5,91
5,92
5,93
5,94
5,95
5,96
5,97
5,98
5,99
5,100
6,101
6,102
6,103
6,104
6,105
6,106
7,107
7,108
7,109
51,109
52,109
53,109
54,109
6,110
48,110
49,110
50,110
55,110
56,110
57,110
6,111
45,111
46,111
47,111
58,111
59,111
60,111
6,112
43,112
44,112
61,112
6,113
42,113
62,113
7,114
39,114
40,114
41,114
63,114
7,115
36,115
37,115
38,115
64,115
8,116
34,116
35,116
65,116
8,117
33,117
66,117
9,118
31,118
32,118
67,118
10,119
29,119
30,119
68,119
11,120
28,120
69,120
12,121
13,121
26,121
27,121
69,121
14,122
15,122
16,122
23,122
24,122
25,122
70,122
17,123
18,123
19,123
20,123
21,123
22,123
70,123
71,124
72,125
72,126
72,127
73,128
73,129
74,130
74,131
74,132
74,133
75,134
75,135
75,136
76,137
76,138
76,139
76,140
76,141
77,142
77,143
77,144
77,145
76,146
75,147
75,148
75,149
75,150
75,151
75,152
75,153
74,154
74,155
73,156
72,157
72,158
72,159
71,160
71,161
70,162
70,163
69,164
69,165
68,166
68,167
67,168
13,169
14,169
15,169
16,169
17,169
18,169
66,169
11,170
12,170
19,170
20,170
21,170
22,170
65,170
10,171
23,171
65,171
9,172
24,172
25,172
64,172
8,173
26,173
27,173
63,173
8,174
28,174
29,174
63,174
7,175
30,175
31,175
62,175
7,176
32,176
33,176
61,176
7,177
34,177
35,177
60,177
7,178
36,178
58,178
59,178
6,179
37,179
38,179
57,179
6,180
39,180
40,180
56,180
6,181
41,181
42,181
43,181
54,181
55,181
5,182
44,182
45,182
46,182
49,182
50,182
51,182
52,182
53,182
4,183
47,183
48,183
4,184
4,185
4,186
4,187
4,188
4,189
4,190
4,191
4,192
4,193
4,194
4,195
4,196
4,197
4,198
4,199
4,200
4,201
4,202
4,203
4,204
4,205
4,206
4,207
4,208
4,209
4,210
4,211
4,212
4,213
4,214
4,215
4,216
4,217
3,218
3,219
3,220
2,221
2,222
2,223
2,224
2,225
2,226
2,227
2,228
3,229
3,230
3,231
2,232
2,233
2,234
2,235
2,236
3,237
3,238
3,239
3,240
3,241
3,242
3,243
3,244
3,245
2,246
2,247
2,248
2,249
2,250
2,251
3,252
2,253
1,254
1,255
1,256
2,257
2,258
1,259
1,260
2,261
2,262
2,263
2,264
2,265
2,266
2,267
1,268
1,269
2,270
2,271
2,272
2,273
2,274
2,275
2,276
2,277
1,278
1,279
1,280
1,281
1,282
2,283
2,284
2,285
2,286
2,287
2,288
1,289
1,290
1,291
1,292
1,293
1,294
0,295
0,296
1,297
1,298
1,299
1,300
1,301
1,302
1,303
1,304
1,305
1,306
2,307
2,308
3,309
3,310
3,311
4,312
5,313