84,0
84,1
84,2
84,3
84,4
84,5
84,6
84,7
84,8
84,9
84,10
83,11
83,12
83,13
83,14
83,15
83,16
82,17
82,18
82,19
82,20
82,21
81,22
81,23
81,24
82,25
82,26
82,27
82,28
82,29
82,30
82,31
82,32
82,33
82,34
82,35
82,36
82,37
82,38
82,39
82,40
82,41
81,42
81,43
81,44
81,45
81,46
81,47
81,48
81,49
81,50
81,51
81,52
82,53
82,54
81,55
81,56
81,57
81,58
81,59
80,60
80,61
80,62
80,63
81,64
81,65
80,66
80,67
80,68
80,69
80,70
80,71
79,72
79,73
79,74
79,75
79,76
79,77
79,78
78,79
26,80
27,80
28,80
29,80
30,80
78,80
23,81
24,81
25,81
31,81
32,81
33,81
34,81
77,81
22,82
35,82
36,82
37,82
76,82
21,83
38,83
76,83
19,84
20,84
39,84
40,84
41,84
42,84
76,84
17,85
18,85
43,85
44,85
45,85
75,85
15,86
16,86
46,86
47,86
49,86
50,86
75,86
14,87
48,87
51,87
74,87
14,88
52,88
53,88
54,88
74,88
12,89
13,89
55,89
74,89
11,90
56,90
57,90
58,90
59,90
71,90
72,90
73,90
10,91
60,91
61,91
69,91
70,91
10,92
62,92
63,92
64,92
65,92
66,92
67,92
68,92
9,93
8,94
7,95
6,96
6,97
6,98
5,99
4,100
4,101
3,102
3,103
2,104
2,105
3,106
2,107
1,108
1,109
1,110
1,111
0,112
0,113
0,114
1,115
1,116
0,117
0,118
0,119
0,120
0,121
0,122
0,123
1,124
1,125
1,126
1,127
1,128
2,129
2,130
2,131
3,132
4,133
4,134
5,135
5,136
6,137
6,138
6,139
6,140
62,140
63,140
64,140
65,140
66,140
67,140
68,140
69,140
7,141
60,141
61,141
70,141
8,142
57,142
58,142
59,142
71,142
72,142
73,142
8,143
56,143
74,143
9,144
53,144
54,144
55,144
74,144
9,145
51,145
52,145
75,145
76,145
10,146
50,146
77,146
10,147
48,147
49,147
77,147
11,148
46,148
47,148
78,148
12,149
44,149
45,149
78,149
13,150
41,150
42,150
43,150
79,150
14,151
38,151
39,151
40,151
79,151
15,152
36,152
37,152
79,152
16,153
17,153
31,153
32,153
33,153
34,153
35,153
79,153
18,154
19,154
23,154
24,154
25,154
26,154
27,154
28,154
29,154
30,154
79,154
20,155
21,155
22,155
80,155
80,156
80,157
81,158
81,159
82,160
82,161
81,162
81,163
81,164
81,165
81,166
81,167
81,168
81,169
81,170
81,171
81,172
81,173
81,174
81,175
81,176
81,177
81,178
81,179
81,180
81,181
81,182
81,183
82,184
82,185
82,186
82,187
82,188
82,189
82,190
82,191
82,192
81,193
82,194
81,195
82,196
82,197
82,198
82,199
82,200
82,201
82,202
82,203
82,204
82,205
82,206
81,207
81,208
81,209
81,210
82,211
82,212
82,213
82,214
82,215
82,216
82,217
82,218
82,219
82,220
82,221
82,222
82,223
82,224
82,225
82,226
82,227
82,228
82,229
81,230
81,231
81,232
81,233
81,234
81,235
82,236
83,237
83,238
83,239
83,240
83,241
82,242
82,243
82,244
82,245
82,246
82,247
82,248
82,249
82,250
82,251
82,252
83,253
82,254
82,255
82,256
82,257
82,258
82,259
82,260
81,261
81,262
82,263
83,264