135,0
123,1
124,1
125,1
129,1
130,1
131,1
132,1
133,1
134,1
136,1
137,1
138,1
139,1
140,1
141,1
142,1
143,1
144,1
120,2
121,2
122,2
126,2
127,2
128,2
145,2
146,2
147,2
148,2
149,2
150,2
151,2
152,2
153,2
154,2
115,3
116,3
117,3
118,3
119,3
155,3
156,3
157,3
158,3
159,3
160,3
161,3
162,3
163,3
112,4
113,4
114,4
164,4
109,5
110,5
111,5
165,5
166,5
167,5
168,5
169,5
108,6
170,6
171,6
172,6
107,7
173,7
104,8
105,8
106,8
174,8
175,8
176,8
103,9
177,9
178,9
179,9
101,10
102,10
180,10
100,11
181,11
182,11
99,12
183,12
99,13
183,13
98,14
183,14
98,15
184,15
97,16
185,16
96,17
186,17
96,18
187,18
95,19
188,19
94,20
188,20
94,21
189,21
94,22
190,22
94,23
190,23
94,24
190,24
94,25
190,25
94,26
190,26
94,27
190,27
95,28
190,28
94,29
190,29
95,30
190,30
95,31
190,31
96,32
190,32
97,33
189,33
98,34
188,34
98,35
188,35
99,36
187,36
100,37
186,37
100,38
186,38
100,39
185,39
101,40
184,40
102,41
184,41
103,42
181,42
182,42
183,42
104,43
180,43
104,44
179,44
105,45
179,45
105,46
178,46
106,47
178,47
106,48
177,48
106,49
176,49
106,50
175,50
107,51
174,51
107,52
173,52
108,53
173,53
108,54
172,54
108,55
172,55
109,56
172,56
109,57
171,57
109,58
171,58
109,59
170,59
109,60
170,60
109,61
171,61
4,62
5,62
6,62
7,62
8,62
9,62
10,62
11,62
12,62
13,62
14,62
109,62
170,62
3,63
15,63
16,63
17,63
18,63
19,63
20,63
21,63
22,63
23,63
108,63
170,63
3,64
24,64
108,64
171,64
3,65
25,65
26,65
27,65
28,65
29,65
30,65
107,65
171,65
3,66
31,66
32,66
33,66
34,66
35,66
36,66
37,66
38,66
39,66
40,66
41,66
42,66
43,66
107,66
171,66
3,67
44,67
107,67
171,67
3,68
45,68
46,68
47,68
48,68
49,68
50,68
51,68
52,68
53,68
105,68
106,68
171,68
3,69
54,69
55,69
56,69
57,69
58,69
102,69
104,69
172,69
3,70
59,70
60,70
61,70
62,70
63,70
101,70
103,70
173,70
3,71
64,71
65,71
66,71
67,71
68,71
69,71
70,71
71,71
72,71
99,71
100,71
174,71
4,72
73,72
74,72
75,72
76,72
77,72
78,72
92,72
96,72
97,72
98,72
174,72
3,73
79,73
80,73
81,73
82,73
87,73
88,73
89,73
90,73
91,73
93,73
94,73
95,73
175,73
176,73
177,73
3,74
83,74
84,74
85,74
86,74
178,74
179,74
3,75
180,75
3,76
181,76
182,76
183,76
3,77
184,77
185,77
186,77
187,77
188,77
219,77
229,77
236,77
237,77
238,77
246,77
247,77
248,77
253,77
254,77
255,77
256,77
257,77
258,77
261,77
262,77
263,77
264,77
265,77
266,77
267,77
268,77
271,77
272,77
273,77
274,77
275,77
276,77
277,77
278,77
280,77
281,77
282,77
283,77
284,77
285,77
286,77
287,77
3,78
189,78
192,78
193,78
194,78
195,78
196,78
197,78
198,78
199,78
202,78
203,78
204,78
205,78
206,78
207,78
208,78
209,78
213,78
214,78
215,78
216,78
217,78
218,78
220,78
221,78
222,78
223,78
224,78
225,78
226,78
227,78
228,78
230,78
231,78
232,78
233,78
234,78
235,78
239,78
240,78
241,78
242,78
243,78
244,78
245,78
249,78
250,78
251,78
252,78
259,78
260,78
269,78
270,78
279,78
288,78
289,78
3,79
190,79
191,79
200,79
201,79
210,79
211,79
212,79
290,79
3,80
290,80
4,81
290,81
4,82
291,82
3,83
291,83
3,84
291,84
3,85
291,85
3,86
291,86
3,87
291,87
4,88
290,88
4,89
290,89
4,90
290,90
4,91
290,91
4,92
290,92
3,93
290,93
3,94
290,94
3,95
290,95
3,96
290,96
3,97
290,97
4,98
289,98
4,99
289,99
4,100
289,100
4,101
289,101
3,102
289,102
3,103
289,103
3,104
289,104
3,105
289,105
4,106
289,106
4,107
288,107
4,108
288,108
4,109
288,109
4,110
288,110
4,111
288,111
3,112
288,112
3,113
289,113
4,114
289,114
4,115
288,115
4,116
288,116
4,117
287,117
4,118
287,118
4,119
287,119
4,120
287,120
4,121
287,121
4,122
288,122
4,123
288,123
4,124
288,124
4,125
288,125
4,126
288,126
4,127
287,127
5,128
287,128
5,129
287,129
5,130
287,130
5,131
287,131
4,132
287,132
5,133
287,133
5,134
54,134
55,134
56,134
57,134
58,134
59,134
64,134
65,134
66,134
67,134
68,134
69,134
287,134
5,135
53,135
60,135
61,135
62,135
63,135
70,135
287,135
5,136
51,136
52,136
70,136
287,136
5,137
49,137
50,137
71,137
286,137
5,138
47,138
48,138
72,138
73,138
286,138
5,139
46,139
74,139
286,139
6,140
46,140
75,140
286,140
6,141
44,141
45,141
75,141
286,141
5,142
43,142
76,142
286,142
6,143
41,143
42,143
77,143
286,143
6,144
39,144
40,144
78,144
287,144
7,145
38,145
78,145
287,145
7,146
37,146
78,146
286,146
8,147
35,147
36,147
78,147
286,147
8,148
34,148
79,148
286,148
9,149
33,149
80,149
287,149
10,150
32,150
81,150
287,150
10,151
29,151
31,151
81,151
287,151
10,152
26,152
27,152
28,152
30,152
81,152
287,152
11,153
12,153
24,153
25,153
81,153
288,153
13,154
14,154
15,154
16,154
17,154
18,154
19,154
20,154
21,154
22,154
23,154
82,154
288,154
81,155
289,155
329,155
330,155
331,155
332,155
334,155
335,155
336,155
337,155
338,155
339,155
340,155
341,155
342,155
81,156
288,156
327,156
328,156
333,156
343,156
345,156
82,157
288,157
322,157
323,157
324,157
325,157
326,157
344,157
346,157
347,157
83,158
288,158
320,158
321,158
348,158
349,158
350,158
351,158
83,159
289,159
318,159
319,159
352,159
84,160
290,160
316,160
317,160
353,160
84,161
291,161
292,161
312,161
313,161
314,161
315,161
354,161
84,162
293,162
310,162
311,162
355,162
356,162
84,163
294,163
295,163
307,163
308,163
309,163
357,163
85,164
296,164
297,164
298,164
299,164
300,164
301,164
302,164
303,164
304,164
305,164
306,164
358,164
359,164
84,165
360,165
85,166
361,166
85,167
361,167
85,168
362,168
86,169
362,169
86,170
362,170
86,171
363,171
86,172
364,172
86,173
365,173
87,174
365,174
86,175
365,175
86,176
366,176
86,177
367,177
86,178
367,178
86,179
368,179
86,180
367,180
86,181
368,181
86,182
368,182
86,183
369,183
86,184
369,184
85,185
370,185
84,186
370,186
84,187
370,187
84,188
370,188
84,189
370,189
84,190
369,190
84,191
369,191
84,192
369,192
84,193
369,193
83,194
369,194
14,195
15,195
16,195
17,195
82,195
369,195
13,196
18,196
19,196
20,196
21,196
22,196
23,196
24,196
82,196
369,196
12,197
25,197
26,197
27,197
82,197
369,197
11,198
28,198
29,198
30,198
81,198
369,198
10,199
31,199
32,199
81,199
368,199
10,200
33,200
81,200
367,200
8,201
9,201
34,201
35,201
81,201
367,201
7,202
36,202
81,202
367,202
7,203
36,203
80,203
367,203
7,204
37,204
38,204
39,204
79,204
366,204
6,205
40,205
79,205
366,205
6,206
41,206
78,206
365,206
6,207
42,207
43,207
44,207
77,207
365,207
6,208
45,208
76,208
364,208
6,209
45,209
75,209
363,209
5,210
46,210
75,210
363,210
4,211
47,211
48,211
74,211
362,211
4,212
49,212
74,212
362,212
4,213
50,213
73,213
294,213
295,213
296,213
297,213
298,213
299,213
300,213
362,213
4,214
51,214
71,214
72,214
290,214
291,214
292,214
293,214
301,214
302,214
303,214
304,214
305,214
361,214
5,215
52,215
53,215
54,215
69,215
70,215
289,215
306,215
307,215
308,215
360,215
4,216
55,216
68,216
288,216
309,216
310,216
359,216
4,217
56,217
57,217
63,217
64,217
65,217
66,217
67,217
288,217
311,217
357,217
358,217
4,218
58,218
59,218
60,218
61,218
62,218
287,218
312,218
313,218
356,218
4,219
286,219
314,219
355,219
3,220
286,220
315,220
316,220
354,220
3,221
286,221
317,221
318,221
319,221
354,221
3,222
286,222
320,222
353,222
3,223
285,223
321,223
322,223
351,223
352,223
3,224
285,224
323,224
347,224
348,224
349,224
350,224
3,225
284,225
324,225
325,225
326,225
327,225
328,225
329,225
345,225
346,225
3,226
283,226
330,226
331,226
332,226
333,226
334,226
335,226
336,226
337,226
338,226
339,226
341,226
342,226
343,226
344,226
4,227
283,227
340,227
4,228
283,228
4,229
283,229
3,230
202,230
283,230
3,231
201,231
203,231
282,231
3,232
202,232
282,232
3,233
282,233
3,234
281,234
3,235
281,235
3,236
281,236
3,237
281,237
3,238
281,238
2,239
281,239
2,240
281,240
2,241
281,241
2,242
281,242
2,243
281,243
2,244
280,244
2,245
280,245
2,246
280,246
2,247
280,247
2,248
280,248
1,249
280,249
1,250
280,250
2,251
280,251
2,252
277,252
278,252
280,252
2,253
276,253
279,253
2,254
275,254
278,254
2,255
276,255
277,255
279,255
2,256
278,256
2,257
278,257
1,258
278,258
1,259
278,259
1,260
278,260
1,261
278,261
1,262
278,262
1,263
277,263
1,264
277,264
1,265
277,265
1,266
277,266
1,267
277,267
1,268
277,268
0,269
277,269
1,270
277,270
1,271
277,271
0,272
277,272
0,273
276,273
1,274
276,274
1,275
276,275
1,276
276,276
1,277
276,277
1,278
276,278
0,279
275,279
0,280
275,280
0,281
275,281
1,282
275,282
2,283
274,283
3,284
274,284
4,285
5,285
6,285
7,285
8,285
9,285
10,285
11,285
12,285
15,285
16,285
17,285
18,285
19,285
20,285
21,285
22,285
23,285
24,285
25,285
26,285
27,285
28,285
29,285
30,285
31,285
32,285
37,285
38,285
39,285
40,285
41,285
42,285
45,285
47,285
48,285
49,285
50,285
51,285
274,285
13,286
14,286
33,286
34,286
35,286
36,286
43,286
44,286
46,286
52,286
53,286
54,286
55,286
56,286
57,286
58,286
59,286
60,286
61,286
274,286
62,287
63,287
64,287
65,287
66,287
67,287
68,287
148,287
149,287
157,287
158,287
159,287
274,287
69,288
70,288
137,288
138,288
139,288
141,288
142,288
143,288
144,288
145,288
146,288
147,288
150,288
151,288
152,288
153,288
154,288
155,288
156,288
160,288
161,288
162,288
163,288
164,288
165,288
166,288
167,288
168,288
169,288
175,288
176,288
177,288
178,288
179,288
274,288
71,289
135,289
136,289
140,289
170,289
171,289
172,289
173,289
174,289
180,289
181,289
182,289
183,289
184,289
185,289
186,289
187,289
188,289
197,289
198,289
204,289
205,289
206,289
207,289
274,289
72,290
130,290
132,290
133,290
134,290
189,290
190,290
191,290
192,290
193,290
194,290
195,290
196,290
199,290
200,290
201,290
202,290
203,290
208,290
209,290
210,290
211,290
212,290
213,290
214,290
215,290
216,290
217,290
218,290
274,290
72,291
129,291
131,291
219,291
220,291
221,291
222,291
223,291
224,291
225,291
226,291
227,291
229,291
230,291
231,291
232,291
233,291
234,291
235,291
236,291
237,291
240,291
241,291
242,291
243,291
244,291
245,291
246,291
247,291
274,291
72,292
128,292
228,292
238,292
239,292
248,292
249,292
250,292
251,292
252,292
253,292
254,292
255,292
256,292
257,292
274,292
73,293
127,293
258,293
259,293
260,293
261,293
262,293
263,293
264,293
265,293
266,293
267,293
270,293
271,293
272,293
273,293
74,294
126,294
268,294
269,294
75,295
125,295
75,296
125,296
76,297
125,297
76,298
125,298
76,299
125,299
77,300
125,300
77,301
125,301
76,302
126,302
75,303
126,303
75,304
126,304
75,305
126,305
74,306
126,306
74,307
126,307
74,308
127,308
74,309
128,309
73,310
128,310
73,311
129,311
71,312
72,312
129,312
70,313
129,313
70,314
129,314
69,315
129,315
69,316
129,316
68,317
130,317
68,318
131,318
68,319
131,319
67,320
132,320
66,321
133,321
65,322
133,322
65,323
134,323
64,324
134,324
64,325
134,325
64,326
135,326
63,327
136,327
63,328
136,328
62,329
136,329
62,330
137,330
61,331
137,331
60,332
138,332
60,333
138,333
60,334
139,334
60,335
138,335
60,336
139,336
60,337
138,337
60,338
138,338
60,339
138,339
59,340
138,340
59,341
138,341
59,342
138,342
59,343
137,343
60,344
136,344
61,345
136,345
62,346
136,346
63,347
135,347
64,348
135,348
65,349
66,349
134,349
67,350
133,350
68,351
133,351
69,352
131,352
132,352
70,353
129,353
130,353
71,354
72,354
126,354
128,354
73,355
74,355
125,355
127,355
75,356
76,356
77,356
124,356
78,357
122,357
123,357
79,358
80,358
81,358
82,358
119,358
120,358
121,358
83,359
84,359
85,359
86,359
87,359
114,359
115,359
116,359
117,359
118,359
88,360
112,360
113,360
89,361
90,361
91,361
92,361
93,361
94,361
95,361
96,361
97,361
104,361
105,361
106,361
108,361
109,361
110,361
111,361
98,362
99,362
100,362
101,362
102,362
103,362
107,362