60,0
61,1
61,2
61,3
60,4
60,5
60,6
60,7
60,8
60,9
60,10
61,11
61,12
61,13
61,14
61,15
61,16
61,17
61,18
61,19
61,20
61,21
61,22
61,23
61,24
61,25
61,26
61,27
62,28
62,29
62,30
63,31
63,32
63,33
63,34
63,35
63,36
63,37
63,38
63,39
63,40
63,41
63,42
63,43
63,44
63,45
63,46
63,47
63,48
63,49
64,50
64,51
64,52
64,53
64,54
64,55
65,56
65,57
65,58
65,59
65,60
65,61
65,62
65,63
65,64
65,65
65,66
65,67
65,68
65,69
66,70
66,71
66,72
66,73
66,74
66,75
66,76
66,77
66,78
66,79
66,80
66,81
66,82
67,83
67,84
67,85
67,86
67,87
67,88
68,89
68,90
68,91
68,92
67,93
67,94
67,95
67,96
67,97
67,98
67,99
67,100
68,101
68,102
68,103
68,104
68,105
68,106
68,107
68,108
68,109
68,110
69,111
69,112
69,113
69,114
69,115
69,116
69,117
69,118
69,119
69,120
69,121
69,122
69,123
69,124
69,125
69,126
69,127
69,128
69,129
69,130
69,131
69,132
69,133
69,134
25,135
26,135
27,135
28,135
29,135
30,135
31,135
69,135
23,136
24,136
32,136
33,136
34,136
69,136
21,137
22,137
35,137
36,137
69,137
20,138
37,138
69,138
19,139
38,139
39,139
40,139
41,139
42,139
43,139
69,139
18,140
44,140
45,140
68,140
17,141
46,141
68,141
15,142
16,142
47,142
48,142
49,142
68,142
14,143
50,143
51,143
68,143
14,144
52,144
67,144
13,145
53,145
54,145
55,145
66,145
12,146
56,146
57,146
58,146
63,146
64,146
65,146
11,147
59,147
60,147
61,147
62,147
11,148
10,149
10,150
9,151
8,152
7,153
6,154
6,155
5,156
4,157
4,158
3,159
3,160
3,161
2,162
2,163
1,164
1,165
0,166
1,167
1,168
1,169
0,170
0,171
0,172
0,173
0,174
0,175
0,176
0,177
0,178
0,179
1,180
1,181
1,182
1,183
2,184
2,185
3,186
3,187
3,188
4,189
5,190
6,191
6,192
6,193
59,193
60,193
61,193
7,194
56,194
57,194
58,194
62,194
63,194
8,195
53,195
54,195
55,195
64,195
65,195
9,196
52,196
66,196
10,197
49,197
50,197
51,197
67,197
10,198
47,198
48,198
68,198
11,199
45,199
46,199
68,199
11,200
44,200
69,200
12,201
42,201
43,201
69,201
13,202
14,202
15,202
41,202
70,202
16,203
37,203
38,203
39,203
40,203
70,203
17,204
35,204
36,204
70,204
18,205
29,205
30,205
31,205
32,205
34,205
71,205
19,206
20,206
28,206
33,206
71,206
21,207
22,207
23,207
24,207
25,207
26,207
27,207
71,207
71,208
71,209
71,210
71,211
70,212
70,213
70,214
70,215
70,216
70,217
70,218
70,219
69,220
70,221
70,222
70,223
70,224
70,225
70,226
69,227
69,228
69,229
69,230
69,231
69,232
68,233
68,234
68,235
68,236
68,237
68,238
68,239
67,240
67,241
67,242
67,243
66,244
66,245
66,246
66,247
66,248
67,249
66,250
66,251
66,252
66,253
66,254
65,255
65,256
65,257
65,258
65,259
65,260
65,261
65,262
64,263
64,264
64,265
64,266
63,267
63,268
63,269
63,270
63,271
63,272
62,273
62,274
62,275
63,276
62,277
62,278
62,279
62,280
62,281
61,282
61,283
61,284
61,285
61,286
61,287
60,288
60,289
59,290
59,291
59,292
59,293
59,294
59,295
59,296
59,297
59,298