194,0
181,1
182,1
183,1
184,1
185,1
186,1
187,1
188,1
189,1
190,1
191,1
192,1
193,1
195,1
196,1
197,1
198,1
199,1
200,1
201,1
174,2
175,2
176,2
177,2
178,2
179,2
180,2
202,2
203,2
204,2
172,3
173,3
205,3
206,3
207,3
170,4
171,4
208,4
209,4
210,4
167,5
168,5
169,5
211,5
212,5
213,5
165,6
166,6
214,6
163,7
164,7
215,7
161,8
162,8
216,8
217,8
218,8
159,9
160,9
219,9
157,10
158,10
220,10
156,11
221,11
155,12
222,12
154,13
223,13
153,14
224,14
152,15
224,15
152,16
224,16
151,17
224,17
150,18
224,18
149,19
224,19
149,20
224,20
148,21
224,21
148,22
224,22
148,23
224,23
148,24
225,24
147,25
224,25
148,26
225,26
148,27
224,27
148,28
224,28
148,29
224,29
148,30
224,30
148,31
224,31
148,32
223,32
148,33
223,33
148,34
222,34
149,35
222,35
149,36
221,36
150,37
221,37
150,38
220,38
151,39
220,39
151,40
219,40
152,41
219,41
152,42
218,42
153,43
218,43
153,44
217,44
154,45
216,45
154,46
216,46
155,47
216,47
156,48
215,48
156,49
215,49
156,50
214,50
157,51
214,51
158,52
213,52
158,53
212,53
159,54
212,54
159,55
212,55
159,56
212,56
160,57
211,57
160,58
210,58
160,59
210,59
161,60
210,60
161,61
210,61
161,62
210,62
161,63
210,63
161,64
210,64
161,65
210,65
160,66
211,66
160,67
211,67
159,68
212,68
158,69
213,69
157,70
214,70
155,71
156,71
215,71
154,72
216,72
217,72
151,73
152,73
153,73
218,73
219,73
220,73
149,74
150,74
221,74
222,74
144,75
145,75
146,75
147,75
148,75
223,75
224,75
225,75
226,75
136,76
137,76
138,76
139,76
140,76
141,76
142,76
143,76
227,76
228,76
229,76
230,76
231,76
232,76
233,76
234,76
235,76
236,76
237,76
238,76
239,76
240,76
241,76
242,76
243,76
244,76
245,76
246,76
247,76
248,76
249,76
250,76
251,76
252,76
253,76
254,76
255,76
256,76
257,76
258,76
259,76
260,76
261,76
125,77
126,77
127,77
128,77
129,77
130,77
131,77
132,77
133,77
134,77
135,77
262,77
263,77
264,77
265,77
266,77
267,77
268,77
269,77
270,77
271,77
272,77
273,77
274,77
275,77
276,77
277,77
278,77
280,77
281,77
284,77
334,77
335,77
336,77
107,78
108,78
109,78
113,78
114,78
115,78
116,78
117,78
118,78
119,78
120,78
121,78
122,78
123,78
124,78
279,78
282,78
283,78
285,78
297,78
298,78
299,78
300,78
301,78
302,78
303,78
304,78
305,78
306,78
307,78
308,78
309,78
310,78
311,78
312,78
313,78
314,78
315,78
316,78
317,78
318,78
319,78
320,78
321,78
322,78
323,78
324,78
325,78
326,78
327,78
328,78
329,78
330,78
333,78
337,78
338,78
339,78
340,78
341,78
342,78
343,78
344,78
345,78
346,78
347,78
348,78
99,79
100,79
101,79
102,79
104,79
105,79
106,79
110,79
111,79
112,79
278,79
280,79
285,79
292,79
293,79
294,79
295,79
296,79
331,79
332,79
349,79
350,79
351,79
352,79
353,79
354,79
355,79
356,79
357,79
358,79
359,79
360,79
361,79
362,79
363,79
90,80
91,80
92,80
93,80
94,80
95,80
96,80
97,80
98,80
103,80
279,80
285,80
291,80
324,80
364,80
88,81
89,81
286,81
288,81
289,81
290,81
323,81
325,81
364,81
87,82
287,82
324,82
364,82
86,83
364,83
86,84
364,84
86,85
364,85
86,86
364,86
86,87
365,87
86,88
365,88
86,89
365,89
86,90
365,90
86,91
365,91
86,92
365,92
86,93
365,93
86,94
366,94
86,95
366,95
86,96
366,96
86,97
366,97
86,98
366,98
86,99
366,99
86,100
366,100
86,101
366,101
86,102
366,102
86,103
366,103
86,104
366,104
86,105
366,105
86,106
366,106
87,107
366,107
87,108
367,108
87,109
367,109
87,110
367,110
87,111
367,111
87,112
367,112
87,113
367,113
86,114
367,114
86,115
367,115
86,116
367,116
86,117
367,117
86,118
367,118
86,119
367,119
86,120
368,120
86,121
368,121
86,122
368,122
86,123
368,123
86,124
368,124
86,125
368,125
85,126
368,126
86,127
368,127
86,128
368,128
86,129
368,129
86,130
368,130
86,131
368,131
86,132
368,132
86,133
368,133
86,134
368,134
86,135
368,135
86,136
368,136
86,137
368,137
86,138
368,138
86,139
368,139
86,140
368,140
86,141
368,141
86,142
368,142
86,143
368,143
86,144
304,144
305,144
306,144
307,144
308,144
309,144
310,144
311,144
312,144
313,144
314,144
368,144
86,145
301,145
302,145
303,145
315,145
316,145
317,145
368,145
86,146
299,146
300,146
318,146
319,146
320,146
368,146
86,147
298,147
321,147
322,147
368,147
86,148
297,148
323,148
324,148
325,148
326,148
367,148
86,149
296,149
327,149
367,149
86,150
295,150
328,150
329,150
367,150
86,151
294,151
330,151
367,151
86,152
293,152
331,152
332,152
334,152
335,152
367,152
86,153
292,153
333,153
336,153
337,153
338,153
366,153
86,154
292,154
339,154
366,154
86,155
291,155
340,155
365,155
86,156
291,156
341,156
342,156
365,156
86,157
291,157
343,157
363,157
364,157
85,158
291,158
344,158
345,158
346,158
362,158
85,159
290,159
347,159
362,159
85,160
289,160
348,160
349,160
350,160
351,160
352,160
353,160
360,160
361,160
85,161
288,161
354,161
355,161
356,161
357,161
358,161
359,161
85,162
288,162
85,163
287,163
19,164
20,164
21,164
22,164
23,164
24,164
25,164
26,164
27,164
28,164
29,164
30,164
31,164
32,164
33,164
85,164
286,164
16,165
17,165
18,165
34,165
35,165
37,165
84,165
286,165
15,166
36,166
38,166
39,166
40,166
84,166
286,166
13,167
14,167
41,167
42,167
43,167
84,167
285,167
12,168
44,168
83,168
284,168
11,169
45,169
46,169
47,169
48,169
83,169
284,169
10,170
49,170
50,170
82,170
284,170
9,171
51,171
52,171
82,171
284,171
8,172
53,172
54,172
81,172
283,172
8,173
55,173
56,173
80,173
283,173
7,174
57,174
58,174
80,174
283,174
7,175
59,175
60,175
61,175
80,175
283,175
6,176
62,176
63,176
79,176
282,176
6,177
64,177
65,177
77,177
78,177
282,177
5,178
66,178
67,178
68,178
69,178
70,178
73,178
74,178
75,178
76,178
282,178
4,179
71,179
72,179
282,179
4,180
282,180
3,181
283,181
3,182
283,182
2,183
283,183
2,184
284,184
2,185
284,185
1,186
284,186
1,187
284,187
1,188
285,188
1,189
285,189
1,190
286,190
0,191
286,191
0,192
286,192
0,193
287,193
0,194
287,194
0,195
288,195
0,196
288,196
0,197
289,197
0,198
289,198
0,199
290,199
0,200
290,200
0,201
291,201
0,202
292,202
0,203
292,203
0,204
293,204
1,205
294,205
1,206
294,206
1,207
295,207
344,207
345,207
346,207
347,207
348,207
349,207
350,207
351,207
352,207
353,207
354,207
355,207
356,207
357,207
358,207
2,208
296,208
342,208
343,208
359,208
2,209
296,209
339,209
340,209
341,209
360,209
2,210
297,210
298,210
337,210
338,210
360,210
3,211
299,211
335,211
336,211
361,211
3,212
300,212
334,212
361,212
4,213
301,213
333,213
362,213
4,214
302,214
303,214
331,214
332,214
362,214
5,215
304,215
329,215
330,215
363,215
5,216
305,216
306,216
307,216
308,216
326,216
327,216
328,216
362,216
6,217
309,217
324,217
325,217
363,217
7,218
310,218
311,218
312,218
313,218
314,218
315,218
320,218
321,218
322,218
323,218
363,218
7,219
66,219
67,219
68,219
69,219
70,219
71,219
72,219
73,219
74,219
316,219
317,219
318,219
319,219
363,219
8,220
62,220
63,220
64,220
65,220
75,220
76,220
77,220
363,220
9,221
59,221
60,221
61,221
78,221
363,221
10,222
57,222
58,222
78,222
363,222
10,223
56,223
79,223
80,223
363,223
11,224
54,224
55,224
81,224
363,224
12,225
53,225
82,225
363,225
13,226
51,226
52,226
82,226
363,226
14,227
49,227
50,227
82,227
363,227
15,228
48,228
82,228
363,228
16,229
17,229
47,229
82,229
363,229
18,230
19,230
46,230
82,230
363,230
20,231
21,231
44,231
45,231
83,231
363,231
22,232
23,232
42,232
43,232
83,232
363,232
24,233
25,233
26,233
27,233
28,233
41,233
84,233
363,233
29,234
35,234
36,234
37,234
38,234
39,234
40,234
84,234
363,234
30,235
31,235
32,235
33,235
34,235
84,235
363,235
84,236
363,236
85,237
363,237
84,238
363,238
84,239
363,239
84,240
188,240
189,240
190,240
191,240
192,240
193,240
194,240
362,240
84,241
180,241
181,241
182,241
183,241
184,241
185,241
186,241
187,241
195,241
196,241
197,241
198,241
199,241
200,241
201,241
202,241
203,241
204,241
205,241
206,241
207,241
208,241
362,241
84,242
175,242
176,242
177,242
178,242
179,242
209,242
210,242
211,242
212,242
213,242
214,242
362,242
84,243
171,243
172,243
173,243
174,243
215,243
216,243
217,243
218,243
362,243
84,244
168,244
169,244
170,244
219,244
220,244
362,244
84,245
166,245
167,245
221,245
222,245
223,245
224,245
225,245
362,245
84,246
164,246
165,246
226,246
227,246
362,246
84,247
162,247
163,247
228,247
362,247
84,248
161,248
229,248
230,248
362,248
85,249
159,249
160,249
231,249
232,249
233,249
361,249
85,250
157,250
158,250
234,250
361,250
85,251
156,251
235,251
236,251
361,251
85,252
156,252
237,252
361,252
85,253
155,253
238,253
361,253
84,254
154,254
239,254
361,254
84,255
154,255
240,255
361,255
84,256
153,256
240,256
361,256
84,257
154,257
241,257
360,257
84,258
155,258
242,258
360,258
85,259
155,259
242,259
360,259
85,260
155,260
243,260
360,260
85,261
154,261
243,261
360,261
85,262
154,262
244,262
360,262
85,263
154,263
244,263
360,263
85,264
155,264
244,264
360,264
85,265
156,265
244,265
360,265
85,266
156,266
244,266
359,266
85,267
156,267
244,267
360,267
85,268
157,268
244,268
360,268
85,269
157,269
244,269
360,269
85,270
158,270
243,270
360,270
85,271
158,271
242,271
360,271
85,272
159,272
242,272
359,272
85,273
160,273
241,273
359,273
85,274
160,274
240,274
359,274
85,275
161,275
239,275
359,275
85,276
162,276
239,276
359,276
85,277
162,277
238,277
359,277
85,278
163,278
237,278
359,278
85,279
164,279
236,279
358,279
85,280
164,280
235,280
358,280
85,281
164,281
234,281
358,281
85,282
165,282
233,282
358,282
85,283
166,283
232,283
358,283
85,284
166,284
231,284
358,284
85,285
167,285
231,285
357,285
85,286
167,286
230,286
357,286
85,287
168,287
230,287
357,287
85,288
168,288
229,288
357,288
85,289
168,289
228,289
357,289
85,290
169,290
227,290
357,290
85,291
169,291
226,291
357,291
85,292
169,292
226,292
357,292
85,293
169,293
225,293
356,293
85,294
170,294
225,294
356,294
85,295
170,295
224,295
356,295
85,296
171,296
224,296
356,296
86,297
171,297
223,297
356,297
86,298
171,298
223,298
356,298
85,299
171,299
222,299
356,299
85,300
171,300
222,300
356,300
85,301
171,301
222,301
355,301
85,302
171,302
222,302
355,302
85,303
171,303
222,303
355,303
85,304
171,304
222,304
355,304
85,305
171,305
222,305
355,305
85,306
171,306
222,306
355,306
85,307
171,307
222,307
355,307
85,308
171,308
222,308
355,308
85,309
170,309
222,309
356,309
85,310
169,310
223,310
357,310
85,311
168,311
224,311
225,311
348,311
349,311
350,311
351,311
352,311
353,311
354,311
355,311
356,311
85,312
167,312
226,312
227,312
335,312
336,312
337,312
338,312
339,312
340,312
341,312
342,312
343,312
344,312
345,312
346,312
347,312
86,313
165,313
166,313
228,313
326,313
327,313
328,313
329,313
330,313
331,313
332,313
333,313
334,313
86,314
163,314
164,314
229,314
230,314
231,314
265,314
266,314
267,314
277,314
283,314
284,314
285,314
286,314
287,314
288,314
289,314
290,314
291,314
292,314
293,314
294,314
295,314
296,314
297,314
298,314
299,314
300,314
301,314
302,314
303,314
304,314
305,314
306,314
307,314
308,314
309,314
310,314
311,314
312,314
313,314
314,314
316,314
317,314
318,314
319,314
320,314
321,314
322,314
323,314
324,314
325,314
86,315
162,315
232,315
233,315
234,315
235,315
236,315
237,315
238,315
239,315
240,315
241,315
248,315
249,315
250,315
251,315
252,315
253,315
254,315
255,315
256,315
257,315
258,315
259,315
260,315
261,315
262,315
263,315
264,315
268,315
269,315
270,315
271,315
272,315
273,315
274,315
275,315
276,315
278,315
279,315
280,315
281,315
282,315
315,315
86,316
155,316
156,316
157,316
158,316
159,316
160,316
161,316
242,316
243,316
244,316
245,316
246,316
247,316
86,317
150,317
151,317
152,317
153,317
154,317
85,318
141,318
142,318
143,318
144,318
145,318
146,318
147,318
148,318
149,318
86,319
137,319
138,319
139,319
140,319
85,320
129,320
130,320
131,320
132,320
133,320
134,320
135,320
136,320
85,321
122,321
123,321
124,321
125,321
126,321
127,321
128,321
86,322
114,322
115,322
116,322
117,322
118,322
119,322
120,322
121,322
86,323
104,323
105,323
106,323
107,323
108,323
109,323
110,323
111,323
112,323
113,323
86,324
101,324
102,324
103,324
86,325
98,325
99,325
100,325
87,326
88,326
89,326
90,326
91,326
92,326
93,326
94,326
95,326
96,326
97,326