73,0
73,1
73,2
72,3
72,4
72,5
72,6
71,7
70,8
70,9
70,10
69,11
69,12
69,13
68,14
68,15
68,16
68,17
67,18
67,19
67,20
67,21
66,22
66,23
66,24
66,25
65,26
65,27
65,28
65,29
64,30
64,31
64,32
64,33
63,34
62,35
62,36
62,37
61,38
62,39
62,40
62,41
61,42
60,43
60,44
59,45
59,46
59,47
60,48
59,49
58,50
58,51
58,52
57,53
57,54
57,55
57,56
56,57
56,58
56,59
56,60
55,61
55,62
55,63
55,64
54,65
54,66
54,67
54,68
54,69
54,70
54,71
54,72
53,73
53,74
53,75
53,76
52,77
53,78
53,79
53,80
87,80
88,80
90,80
91,80
92,80
94,80
95,80
96,80
53,81
84,81
85,81
86,81
89,81
93,81
97,81
98,81
99,81
100,81
53,82
80,82
82,82
83,82
101,82
54,83
74,83
75,83
76,83
77,83
78,83
79,83
81,83
101,83
55,84
56,84
71,84
72,84
73,84
102,84
57,85
67,85
69,85
70,85
103,85
58,86
59,86
62,86
63,86
65,86
66,86
68,86
104,86
60,87
61,87
64,87
104,87
104,88
105,89
106,90
106,91
107,92
107,93
108,94
108,95
108,96
108,97
109,98
110,99
109,100
110,101
110,102
110,103
110,104
110,105
111,106
112,107
111,108
112,109
112,110
112,111
111,112
112,113
112,114
112,115
111,116
112,117
112,118
112,119
111,120
110,121
110,122
110,123
109,124
109,125
109,126
108,127
107,128
107,129
106,130
105,131
104,132
104,133
103,134
40,135
41,135
44,135
45,135
102,135
39,136
42,136
43,136
46,136
47,136
48,136
49,136
101,136
38,137
50,137
101,137
38,138
51,138
52,138
53,138
100,138
37,139
54,139
99,139
36,140
55,140
98,140
36,141
56,141
97,141
36,142
57,142
58,142
59,142
95,142
96,142
35,143
60,143
94,143
34,144
61,144
94,144
34,145
62,145
63,145
94,145
33,146
64,146
91,146
92,146
93,146
32,147
65,147
66,147
90,147
32,148
67,148
88,148
90,148
32,149
68,149
87,149
89,149
31,150
69,150
70,150
71,150
86,150
31,151
72,151
73,151
74,151
82,151
83,151
84,151
85,151
31,152
75,152
76,152
77,152
78,152
79,152
80,152
81,152
31,153
30,154
30,155
30,156
30,157
29,158
29,159
29,160
29,161
28,162
27,163
27,164
26,165
26,166
26,167
26,168
25,169
25,170
25,171
25,172
24,173
24,174
24,175
24,176
23,177
23,178
23,179
23,180
22,181
22,182
22,183
22,184
21,185
21,186
20,187
20,188
19,189
19,190
19,191
19,192
18,193
18,194
18,195
17,196
17,197
17,198
17,199
16,200
16,201
16,202
16,203
15,204
15,205
15,206
15,207
14,208
13,209
14,210
14,211
13,212
13,213
13,214
13,215
12,216
12,217
12,218
12,219
11,220
11,221
11,222
11,223
10,224
10,225
10,226
9,227
9,228
9,229
9,230
8,231
8,232
8,233
8,234
7,235
7,236
7,237
7,238
6,239
6,240
5,241
5,242
4,243
4,244
4,245
4,246
3,247
4,248
4,249
4,250
3,251
3,252
3,253
3,254
2,255
2,256
2,257
2,258
1,259
1,260
1,261
0,262
0,263
1,264
0,265
0,266
0,267
1,268
2,268
3,268
4,268
5,269
6,269
8,269
7,270
9,270
10,270
11,270
12,270
13,271
14,271
15,271
16,271
17,272
18,272
19,272
20,272
21,273
22,273
23,273
24,273
25,274
26,275
27,275
30,275
31,275
28,276
29,276
32,276
33,276
34,276
35,276
36,277
37,277
38,277
39,277
40,278
41,278
42,278
43,278
44,279
45,279
46,279
47,279
48,280
49,280
50,280
51,280
52,281
53,281
54,281
55,281
56,282
57,282
58,282
59,282
60,283
61,283
62,283
63,284
64,284
65,284
66,284
67,285
68,285
69,285
70,285
71,286
72,286
73,286
74,286
75,287
76,288
77,288
78,288
79,289
80,289
81,289
82,289
83,290
84,290
85,291
86,292
87,292
88,292
89,292
90,293
91,293
92,293
93,293
94,294
95,295
96,296
97,297
98,298
99,299
100,299
101,300
102,300
103,301
104,302
104,303
104,304
104,305
105,306
105,307
104,308
104,309
104,310
103,311
102,312
102,313
102,314
101,315
100,316
99,317
98,318
97,319
96,320
94,321
95,321
93,322
92,323
91,324
89,325
90,325
88,326
87,327
86,328
84,329
85,329
83,330
82,331
82,332
80,333
81,333
79,334
78,335
77,336
76,337
76,338
76,339
75,340
74,341
74,342
74,343
73,344
73,345
73,346
73,347
72,348
72,349
72,350
73,351