0,0
0,1
0,2
0,3
0,4
0,5
0,6
0,7
0,8
1,9
1,10
1,11
1,12
1,13
1,14
1,15
1,16
1,17
1,18
2,19
2,20
3,21
3,22
3,23
3,24
3,25
3,26
3,27
3,28
4,29
4,30
4,31
4,32
5,33
5,34
5,35
6,36
6,37
6,38
6,39
6,40
6,41
6,42
6,43
6,44
6,45
7,46
7,47
67,47
7,48
65,48
66,48
68,48
69,48
70,48
71,48
72,48
7,49
58,49
59,49
60,49
61,49
62,49
63,49
64,49
73,49
74,49
77,49
8,50
54,50
55,50
56,50
57,50
75,50
76,50
78,50
8,51
53,51
79,51
8,52
51,52
52,52
80,52
8,53
50,53
81,53
82,53
8,54
49,54
83,54
8,55
47,55
48,55
83,55
9,56
44,56
45,56
46,56
84,56
10,57
42,57
43,57
85,57
10,58
41,58
85,58
11,59
40,59
86,59
11,60
39,60
87,60
11,61
37,61
38,61
87,61
12,62
35,62
36,62
87,62
13,63
31,63
32,63
33,63
34,63
87,63
13,64
30,64
88,64
14,65
18,65
29,65
89,65
15,66
16,66
17,66
19,66
20,66
21,66
22,66
23,66
24,66
25,66
26,66
27,66
28,66
90,66
90,67
91,68
91,69
91,70
92,71
92,72
92,73
92,74
93,75
93,76
93,77
94,78
93,79
93,80
93,81
93,82
93,83
93,84
92,85
92,86
91,87
91,88
91,89
91,90
91,91
91,92
91,93
90,94
90,95
89,96
89,97
89,98
88,99
88,100
87,101
86,102
86,103
85,104
85,105
22,106
23,106
24,106
25,106
84,106
19,107
20,107
21,107
26,107
27,107
28,107
31,107
32,107
83,107
18,108
29,108
30,108
33,108
83,108
16,109
17,109
34,109
35,109
82,109
15,110
36,110
81,110
15,111
37,111
38,111
80,111
14,112
39,112
40,112
80,112
13,113
41,113
79,113
13,114
42,114
44,114
78,114
13,115
43,115
45,115
46,115
78,115
12,116
47,116
75,116
76,116
77,116
11,117
48,117
74,117
12,118
49,118
50,118
71,118
72,118
73,118
12,119
51,119
52,119
69,119
70,119
11,120
53,120
56,120
68,120
11,121
54,121
55,121
57,121
58,121
59,121
64,121
65,121
66,121
67,121
10,122
60,122
61,122
62,122
63,122
10,123
10,124
10,125
9,126
9,127
9,128
9,129
10,130
9,131
9,132
9,133
9,134
9,135
9,136
9,137
9,138
9,139
8,140
8,141
9,142
9,143
9,144
8,145
8,146
8,147
8,148
8,149
8,150
8,151
7,152
7,153
8,154
8,155
8,156
7,157
7,158
7,159
7,160
7,161
7,162
6,163
6,164
6,165
6,166
7,167
6,168
6,169
6,170
6,171
6,172
6,173
6,174
6,175
5,176
5,177
5,178
6,179
6,180
6,181
5,182
5,183
5,184
5,185
4,186
4,187
4,188
4,189
4,190
5,191
4,192
4,193
4,194
4,195
4,196
4,197
4,198
3,199
3,200
3,201
3,202
4,203
3,204
3,205
3,206
3,207
3,208
3,209
2,210
2,211
2,212
2,213
2,214
2,215
2,216
2,217
2,218
2,219
2,220
2,221
1,222
1,223
0,224
1,225
1,226
1,227
1,228
1,229
1,230
1,231
1,232
1,233
1,234
1,235
0,236
0,237
0,238
1,239
1,240