67,0
67,1
67,2
67,3
66,4
66,5
66,6
66,7
65,8
66,9
66,10
66,11
65,12
64,13
64,14
64,15
65,16
64,17
63,18
64,19
64,20
63,21
63,22
63,23
63,24
62,25
62,26
62,27
62,28
62,29
61,30
62,31
62,32
62,33
61,34
61,35
61,36
61,37
60,38
60,39
60,40
60,41
60,42
59,43
59,44
59,45
59,46
58,47
58,48
59,49
59,50
58,51
58,52
57,53
57,54
58,55
57,56
57,57
57,58
57,59
56,60
56,61
56,62
56,63
55,64
56,65
56,66
56,67
56,68
55,69
55,70
55,71
55,72
54,73
54,74
54,75
54,76
53,77
53,78
53,79
53,80
53,81
52,82
52,83
52,84
52,85
51,86
51,87
52,88
52,89
51,90
51,91
51,92
51,93
51,94
50,95
50,96
51,97
51,98
50,99
51,100
51,101
51,102
52,103
51,104
51,105
52,106
52,107
52,108
90,108
92,108
93,108
94,108
96,108
97,108
98,108
99,108
53,109
54,109
87,109
88,109
89,109
91,109
95,109
100,109
55,110
80,110
81,110
84,110
85,110
86,110
101,110
102,110
56,111
57,111
76,111
78,111
79,111
82,111
83,111
103,111
58,112
63,112
71,112
72,112
73,112
74,112
75,112
77,112
104,112
59,113
60,113
61,113
62,113
64,113
65,113
66,113
67,113
69,113
70,113
105,113
106,113
107,113
68,114
108,114
108,115
109,116
110,117
111,118
112,119
112,120
113,121
114,122
114,123
114,124
114,125
115,126
115,127
116,128
116,129
116,130
116,131
117,132
117,133
117,134
117,135
117,136
117,137
117,138
118,139
118,140
119,141
118,142
118,143
119,144
120,145
120,146
119,147
119,148
119,149
119,150
118,151
118,152
119,153
39,154
40,154
42,154
43,154
44,154
45,154
119,154
36,155
37,155
38,155
41,155
46,155
47,155
48,155
49,155
119,155
35,156
50,156
118,156
34,157
50,157
118,157
34,158
51,158
52,158
118,158
32,159
33,159
53,159
117,159
31,160
54,160
116,160
30,161
55,161
56,161
115,161
30,162
57,162
115,162
29,163
57,163
115,163
28,164
58,164
59,164
114,164
28,165
60,165
114,165
28,166
61,166
114,166
27,167
61,167
114,167
26,168
62,168
112,168
113,168
26,169
63,169
64,169
111,169
26,170
65,170
111,170
25,171
66,171
111,171
24,172
67,172
109,172
110,172
24,173
68,173
108,173
24,174
69,174
107,174
23,175
70,175
71,175
72,175
107,175
22,176
73,176
105,176
106,176
22,177
74,177
104,177
22,178
75,178
103,178
22,179
76,179
77,179
102,179
21,180
78,180
99,180
100,180
101,180
20,181
79,181
80,181
98,181
20,182
81,182
97,182
20,183
82,183
83,183
84,183
85,183
86,183
88,183
89,183
90,183
94,183
95,183
96,183
19,184
87,184
91,184
92,184
93,184
18,185
18,186
18,187
17,188
16,189
16,190
16,191
16,192
15,193
14,194
14,195
14,196
13,197
13,198
13,199
13,200
12,201
11,202
11,203
11,204
10,205
10,206
9,207
8,208
8,209
8,210
7,211
7,212
7,213
6,214
5,215
5,216
5,217
4,218
4,219
4,220
4,221
3,222
2,223
2,224
1,225
0,226
0,227
0,228
0,229
0,230
0,231
1,232
2,233
3,233
4,233
5,233
6,234
7,234
8,234
9,235
10,236
11,236
12,237
13,237
14,238
15,239
16,239
17,239
18,240
19,240
20,240
21,240
22,241
23,241
24,242
25,242
26,242
27,243
28,244
29,244
30,244
31,245
32,246
33,246
34,246
35,247
36,247
37,247
38,247
39,248
40,249
41,249
42,249
43,249
44,250
45,251
46,251
47,251
48,252
49,253
50,253
51,253
52,254
53,255
54,255
55,255
56,256
57,256
58,257
59,257
60,258
61,258
62,258
63,258
64,259
65,260
66,260
67,261
68,261
69,262
70,262
71,262
72,262
73,263
74,264
75,264
76,264
77,265
78,266
79,266
80,266
81,267
82,267
83,268
84,268
85,268
86,269
87,269
88,270
89,270
90,271
90,272
91,273
92,273
93,274
94,275
95,275
96,276
96,277
97,278
97,279
98,280
98,281
99,282
99,283
99,284
100,285
99,286
99,287
99,288
99,289
99,290
98,291
97,292
97,293
96,294
94,295
95,295
93,296
93,297
92,298
90,299
91,299
89,300
89,301
85,302
88,302
84,303
86,303
87,303
84,304
82,305
83,305
80,306
81,306
79,307
78,308
76,309
77,309
74,310
75,310
73,311
73,312
71,313
72,313
70,314
69,315
68,316
68,317
67,318
67,319
67,320
67,321
66,322
66,323
66,324
67,325