0,0
0,1
0,2
1,3
1,4
1,5
2,6
2,7
2,8
2,9
2,10
2,11
2,12
2,13
2,14
3,15
3,16
3,17
3,18
3,19
3,20
3,21
3,22
4,23
4,24
4,25
4,26
4,27
4,28
4,29
4,30
5,31
5,32
5,33
5,34
5,35
5,36
6,37
6,38
6,39
6,40
6,41
6,42
6,43
6,44
6,45
7,46
7,47
7,48
7,49
7,50
7,51
7,52
7,53
7,54
7,55
8,56
8,57
62,57
63,57
64,57
65,57
66,57
67,57
68,57
69,57
70,57
71,57
72,57
73,57
74,57
75,57
76,57
8,58
59,58
60,58
61,58
77,58
8,59
57,59
58,59
78,59
8,60
54,60
55,60
56,60
79,60
80,60
9,61
52,61
53,61
81,61
9,62
51,62
82,62
9,63
49,63
50,63
83,63
10,64
48,64
84,64
10,65
45,65
46,65
47,65
85,65
10,66
43,66
44,66
86,66
10,67
41,67
42,67
87,67
11,68
40,68
88,68
12,69
38,69
39,69
88,69
12,70
36,70
37,70
89,70
13,71
35,71
89,71
13,72
34,72
90,72
14,73
15,73
28,73
29,73
30,73
31,73
32,73
33,73
91,73
16,74
17,74
18,74
26,74
27,74
92,74
19,75
20,75
21,75
22,75
23,75
24,75
25,75
92,75
92,76
93,77
93,78
94,79
95,80
95,81
95,82
96,83
96,84
96,85
97,86
97,87
97,88
97,89
97,90
97,91
97,92
97,93
97,94
97,95
97,96
96,97
96,98
96,99
96,100
95,101
95,102
94,103
93,104
93,105
93,106
93,107
92,108
92,109
91,110
91,111
90,112
89,113
89,114
89,115
88,116
87,117
87,118
86,119
22,120
23,120
24,120
25,120
26,120
27,120
28,120
29,120
30,120
35,120
85,120
19,121
20,121
21,121
31,121
32,121
33,121
34,121
36,121
37,121
84,121
18,122
38,122
39,122
40,122
83,122
17,123
41,123
42,123
43,123
82,123
16,124
44,124
45,124
82,124
15,125
46,125
47,125
48,125
81,125
14,126
49,126
50,126
79,126
80,126
13,127
51,127
52,127
78,127
13,128
53,128
76,128
77,128
12,129
54,129
55,129
56,129
74,129
75,129
12,130
57,130
58,130
59,130
60,130
71,130
72,130
73,130
12,131
61,131
62,131
63,131
64,131
65,131
66,131
67,131
69,131
70,131
11,132
68,132
11,133
10,134
10,135
10,136
10,137
10,138
9,139
9,140
9,141
9,142
9,143
9,144
9,145
9,146
8,147
8,148
8,149
8,150
8,151
8,152
8,153
8,154
8,155
7,156
7,157
7,158
7,159
7,160
7,161
7,162
7,163
7,164
7,165
7,166
7,167
7,168
7,169
6,170
6,171
6,172
6,173
6,174
5,175
5,176
5,177
5,178
5,179
5,180
5,181
4,182
4,183
4,184
4,185
4,186
4,187
4,188
4,189
4,190
4,191
4,192
4,193
4,194
3,195
3,196
3,197
3,198
3,199
3,200
3,201
3,202
3,203
3,204
2,205
2,206
2,207
2,208
2,209
2,210
2,211
2,212
2,213
1,214
1,215
1,216
1,217
1,218
1,219
1,220