5,0
5,1
5,2
5,3
4,4
4,5
4,6
4,7
4,8
4,9
4,10
4,11
4,12
4,13
4,14
3,15
3,16
3,17
3,18
3,19
3,20
2,21
2,22
3,23
3,24
3,25
3,26
3,27
3,28
3,29
3,30
3,31
3,32
2,33
2,34
2,35
2,36
2,37
1,38
1,39
1,40
1,41
1,42
1,43
1,44
1,45
1,46
1,47
1,48
1,49
1,50
1,51
1,52
1,53
1,54
1,55
1,56
1,57
1,58
1,59
1,60
1,61
1,62
1,63
1,64
1,65
1,66
46,66
47,66
48,66
49,66
50,66
1,67
42,67
43,67
44,67
45,67
51,67
52,67
53,67
54,67
55,67
56,67
57,67
1,68
40,68
41,68
58,68
2,69
37,69
38,69
39,69
59,69
2,70
34,70
35,70
36,70
60,70
2,71
32,71
33,71
61,71
2,72
31,72
62,72
3,73
29,73
30,73
63,73
64,73
3,74
28,74
65,74
4,75
5,75
6,75
26,75
27,75
66,75
7,76
22,76
23,76
24,76
25,76
67,76
8,77
9,77
10,77
11,77
19,77
20,77
21,77
67,77
12,78
13,78
14,78
15,78
16,78
17,78
18,78
68,78
69,79
69,80
69,81
70,82
71,83
72,84
72,85
72,86
72,87
72,88
72,89
73,90
73,91
73,92
73,93
73,94
74,95
74,96
75,97
75,98
74,99
75,100
74,101
74,102
74,103
75,104
75,105
75,106
75,107
75,108
75,109
75,110
74,111
74,112
74,113
73,114
73,115
73,116
73,117
72,118
72,119
72,120
72,121
72,122
71,123
71,124
71,125
71,126
70,127
70,128
70,129
70,130
8,131
9,131
10,131
11,131
12,131
13,131
14,131
68,131
69,131
7,132
15,132
16,132
17,132
18,132
67,132
6,133
19,133
20,133
67,133
6,134
21,134
22,134
67,134
5,135
23,135
67,135
4,136
24,136
25,136
64,136
65,136
66,136
3,137
26,137
63,137
3,138
27,138
28,138
62,138
3,139
29,139
30,139
32,139
62,139
2,140
31,140
33,140
61,140
2,141
34,141
35,141
60,141
1,142
36,142
37,142
59,142
1,143
38,143
39,143
40,143
58,143
1,144
41,144
58,144
0,145
42,145
43,145
55,145
56,145
57,145
0,146
44,146
54,146
0,147
45,147
46,147
47,147
51,147
52,147
53,147
0,148
48,148
49,148
50,148
0,149
0,150
0,151
0,152
0,153
0,154
0,155
0,156
0,157
0,158
0,159
0,160
0,161
0,162
0,163
1,164
1,165
1,166
1,167
1,168
1,169
1,170
1,171
1,172
1,173
1,174
1,175
1,176
1,177
0,178
0,179
1,180
2,181
2,182
1,183
1,184
1,185
2,186
2,187
2,188
2,189
2,190
2,191
2,192
2,193
2,194
2,195
2,196
2,197
2,198
2,199
2,200
1,201
1,202
2,203
2,204
1,205
2,206
2,207
2,208
3,209
3,210
3,211
3,212
3,213
3,214
3,215
3,216
3,217
3,218
3,219
3,220
3,221
3,222
3,223
3,224
3,225
3,226
3,227
3,228
3,229
3,230
3,231
4,232
4,233
5,234
5,235
5,236
5,237
5,238
5,239
5,240
5,241
5,242
5,243
5,244
5,245
5,246
5,247
4,248
4,249
4,250
5,251
5,252
5,253
5,254
5,255
5,256
5,257