170,0
171,0
276,0
279,0
280,0
281,0
282,0
283,0
284,0
285,0
287,0
288,0
289,0
290,0
291,0
292,0
293,0
294,0
295,0
158,1
159,1
160,1
161,1
163,1
164,1
165,1
166,1
167,1
168,1
169,1
172,1
173,1
174,1
175,1
176,1
177,1
178,1
179,1
180,1
274,1
275,1
277,1
278,1
286,1
296,1
297,1
298,1
299,1
300,1
301,1
302,1
303,1
304,1
131,2
132,2
139,2
140,2
141,2
142,2
145,2
146,2
147,2
148,2
149,2
150,2
151,2
152,2
153,2
154,2
155,2
156,2
157,2
162,2
181,2
182,2
183,2
185,2
186,2
187,2
188,2
272,2
273,2
305,2
306,2
307,2
308,2
309,2
310,2
311,2
312,2
313,2
314,2
111,3
112,3
113,3
116,3
117,3
118,3
119,3
120,3
121,3
122,3
123,3
124,3
125,3
126,3
127,3
128,3
129,3
130,3
133,3
134,3
135,3
136,3
137,3
138,3
143,3
144,3
184,3
189,3
271,3
315,3
316,3
317,3
318,3
319,3
320,3
321,3
322,3
323,3
75,4
78,4
79,4
80,4
81,4
82,4
83,4
84,4
88,4
89,4
91,4
92,4
93,4
94,4
97,4
98,4
99,4
100,4
101,4
102,4
103,4
105,4
106,4
107,4
108,4
109,4
110,4
114,4
115,4
190,4
270,4
324,4
325,4
326,4
327,4
328,4
329,4
330,4
331,4
332,4
333,4
74,5
76,5
77,5
85,5
86,5
87,5
90,5
95,5
96,5
104,5
191,5
192,5
193,5
269,5
334,5
335,5
336,5
337,5
338,5
339,5
340,5
341,5
342,5
73,6
194,6
266,6
267,6
268,6
343,6
344,6
73,7
195,7
265,7
345,7
72,8
196,8
264,8
345,8
72,9
196,9
264,9
345,9
72,10
197,10
264,10
345,10
72,11
198,11
264,11
346,11
72,12
198,12
264,12
345,12
72,13
199,13
264,13
344,13
72,14
198,14
264,14
344,14
72,15
198,15
264,15
345,15
72,16
198,16
264,16
345,16
71,17
198,17
264,17
345,17
71,18
198,18
263,18
345,18
71,19
198,19
264,19
345,19
71,20
197,20
264,20
345,20
71,21
197,21
265,21
345,21
71,22
197,22
265,22
344,22
71,23
197,23
266,23
344,23
71,24
196,24
266,24
344,24
71,25
196,25
266,25
345,25
71,26
196,26
267,26
345,26
70,27
195,27
267,27
345,27
70,28
194,28
267,28
345,28
71,29
194,29
267,29
345,29
71,30
194,30
268,30
345,30
71,31
193,31
269,31
345,31
71,32
192,32
270,32
344,32
71,33
191,33
270,33
344,33
71,34
190,34
271,34
345,34
71,35
190,35
272,35
345,35
70,36
189,36
273,36
345,36
70,37
189,37
273,37
345,37
70,38
188,38
273,38
345,38
70,39
187,39
274,39
345,39
70,40
187,40
275,40
345,40
70,41
186,41
275,41
344,41
70,42
185,42
276,42
344,42
70,43
184,43
276,43
345,43
70,44
184,44
277,44
345,44
70,45
184,45
277,45
345,45
69,46
183,46
278,46
345,46
69,47
183,47
277,47
345,47
69,48
183,48
277,48
345,48
69,49
183,49
278,49
345,49
69,50
183,50
278,50
345,50
69,51
183,51
278,51
344,51
69,52
183,52
278,52
345,52
69,53
183,53
278,53
345,53
69,54
183,54
278,54
345,54
68,55
184,55
278,55
345,55
68,56
185,56
278,56
346,56
68,57
186,57
277,57
346,57
68,58
187,58
276,58
346,58
68,59
187,59
275,59
346,59
68,60
187,60
275,60
345,60
68,61
188,61
274,61
345,61
68,62
188,62
273,62
345,62
68,63
189,63
272,63
345,63
69,64
190,64
271,64
345,64
68,65
191,65
271,65
345,65
68,66
192,66
193,66
194,66
269,66
270,66
344,66
68,67
195,67
267,67
268,67
345,67
68,68
196,68
265,68
266,68
345,68
68,69
197,69
198,69
199,69
263,69
264,69
346,69
68,70
200,70
201,70
261,70
262,70
345,70
67,71
202,71
203,71
204,71
258,71
259,71
260,71
345,71
67,72
205,72
252,72
253,72
256,72
257,72
346,72
67,73
206,73
207,73
208,73
209,73
214,73
215,73
249,73
250,73
251,73
254,73
255,73
346,73
66,74
210,74
211,74
212,74
213,74
216,74
241,74
242,74
243,74
245,74
248,74
346,74
66,75
217,75
218,75
219,75
220,75
221,75
222,75
223,75
224,75
230,75
231,75
232,75
233,75
234,75
238,75
239,75
240,75
244,75
246,75
248,75
347,75
66,76
225,76
226,76
227,76
228,76
229,76
235,76
236,76
237,76
245,76
249,76
347,76
396,76
66,77
246,77
247,77
248,77
348,77
390,77
391,77
392,77
393,77
394,77
395,77
397,77
398,77
399,77
400,77
402,77
403,77
404,77
405,77
17,78
18,78
19,78
20,78
21,78
22,78
23,78
66,78
348,78
385,78
386,78
388,78
389,78
401,78
406,78
16,79
24,79
25,79
26,79
66,79
346,79
348,79
384,79
387,79
407,79
408,79
409,79
13,80
14,80
15,80
27,80
28,80
29,80
30,80
31,80
66,80
345,80
347,80
381,80
382,80
383,80
410,80
411,80
12,81
32,81
65,81
346,81
348,81
379,81
380,81
412,81
11,82
32,82
65,82
347,82
377,82
378,82
411,82
10,83
33,83
34,83
64,83
347,83
349,83
350,83
375,83
376,83
410,83
415,83
9,84
35,84
36,84
37,84
38,84
63,84
348,84
351,84
373,84
374,84
411,84
412,84
414,84
416,84
417,84
8,85
39,85
63,85
352,85
353,85
367,85
371,85
372,85
413,85
418,85
7,86
40,86
41,86
62,86
354,86
355,86
365,86
366,86
368,86
369,86
370,86
417,86
419,86
7,87
42,87
61,87
356,87
357,87
363,87
364,87
416,87
418,87
420,87
7,88
43,88
44,88
45,88
60,88
358,88
359,88
360,88
361,88
362,88
417,88
421,88
6,89
46,89
47,89
48,89
49,89
59,89
421,89
5,90
50,90
51,90
57,90
58,90
422,90
4,91
52,91
53,91
54,91
55,91
56,91
423,91
3,92
424,92
3,93
421,93
424,93
3,94
420,94
422,94
424,94
3,95
421,95
425,95
3,96
425,96
3,97
426,97
2,98
426,98
2,99
427,99
1,100
428,100
1,101
428,101
1,102
428,102
1,103
428,103
1,104
428,104
1,105
429,105
1,106
429,106
1,107
429,107
1,108
430,108
0,109
431,109
0,110
430,110
0,111
431,111
0,112
430,112
0,113
429,113
1,114
429,114
1,115
429,115
1,116
429,116
1,117
429,117
2,118
430,118
1,119
430,119
2,120
430,120
2,121
430,121
2,122
429,122
2,123
428,123
3,124
428,124
3,125
428,125
4,126
428,126
5,127
428,127
5,128
428,128
5,129
54,129
55,129
56,129
57,129
58,129
428,129
6,130
49,130
51,130
52,130
53,130
59,130
427,130
6,131
47,131
48,131
50,131
60,131
427,131
7,132
46,132
61,132
426,132
8,133
45,133
62,133
63,133
425,133
8,134
44,134
64,134
425,134
9,135
10,135
42,135
43,135
65,135
424,135
11,136
39,136
41,136
65,136
424,136
11,137
38,137
40,137
66,137
423,137
12,138
36,138
37,138
66,138
423,138
12,139
33,139
34,139
35,139
67,139
363,139
364,139
422,139
13,140
14,140
32,140
67,140
360,140
361,140
362,140
365,140
366,140
367,140
368,140
369,140
370,140
371,140
372,140
373,140
417,140
420,140
421,140
15,141
31,141
67,141
358,141
359,141
374,141
416,141
418,141
419,141
16,142
28,142
29,142
30,142
67,142
196,142
197,142
198,142
199,142
200,142
201,142
356,142
357,142
375,142
417,142
17,143
18,143
19,143
26,143
27,143
67,143
188,143
189,143
190,143
191,143
192,143
194,143
195,143
202,143
203,143
354,143
355,143
376,143
377,143
417,143
20,144
21,144
22,144
23,144
24,144
25,144
67,144
186,144
187,144
193,144
204,144
205,144
206,144
207,144
208,144
209,144
353,144
378,144
379,144
380,144
417,144
68,145
182,145
184,145
185,145
210,145
211,145
353,145
381,145
382,145
383,145
415,145
416,145
68,146
180,146
181,146
183,146
212,146
353,146
384,146
412,146
414,146
68,147
178,147
179,147
213,147
214,147
215,147
352,147
385,147
386,147
411,147
413,147
68,148
177,148
216,148
351,148
387,148
410,148
68,149
176,149
217,149
218,149
351,149
388,149
389,149
390,149
391,149
392,149
400,149
401,149
402,149
407,149
408,149
409,149
69,150
174,150
175,150
219,150
220,150
350,150
393,150
394,150
395,150
396,150
397,150
398,150
399,150
403,150
404,150
405,150
406,150
68,151
171,151
172,151
173,151
221,151
350,151
68,152
170,152
221,152
350,152
68,153
169,153
222,153
350,153
68,154
168,154
223,154
224,154
349,154
68,155
166,155
167,155
225,155
349,155
68,156
165,156
226,156
348,156
69,157
164,157
227,157
348,157
69,158
163,158
227,158
348,158
69,159
163,159
227,159
348,159
69,160
162,160
227,160
348,160
69,161
161,161
228,161
348,161
69,162
160,162
228,162
348,162
69,163
160,163
229,163
348,163
69,164
158,164
159,164
229,164
348,164
69,165
157,165
229,165
348,165
69,166
157,166
229,166
348,166
69,167
157,167
229,167
348,167
70,168
156,168
229,168
348,168
70,169
156,169
228,169
348,169
69,170
156,170
228,170
348,170
69,171
156,171
228,171
348,171
70,172
156,172
228,172
348,172
70,173
155,173
228,173
348,173
70,174
155,174
228,174
348,174
70,175
154,175
228,175
347,175
70,176
155,176
228,176
347,176
70,177
155,177
228,177
348,177
70,178
156,178
227,178
348,178
70,179
156,179
226,179
348,179
69,180
157,180
226,180
348,180
69,181
158,181
226,181
348,181
69,182
158,182
225,182
348,182
69,183
158,183
225,183
349,183
70,184
159,184
224,184
349,184
70,185
158,185
224,185
348,185
71,186
159,186
224,186
348,186
71,187
160,187
224,187
348,187
71,188
161,188
223,188
348,188
70,189
161,189
222,189
348,189
70,190
161,190
222,190
348,190
70,191
162,191
221,191
348,191
70,192
162,192
221,192
349,192
70,193
163,193
221,193
349,193
70,194
163,194
221,194
349,194
71,195
164,195
220,195
348,195
71,196
165,196
220,196
348,196
71,197
165,197
219,197
348,197
71,198
166,198
218,198
348,198
70,199
167,199
218,199
348,199
71,200
168,200
218,200
348,200
71,201
168,201
218,201
348,201
71,202
168,202
218,202
349,202
71,203
168,203
218,203
349,203
71,204
167,204
218,204
348,204
72,205
168,205
217,205
348,205
72,206
169,206
217,206
348,206
72,207
169,207
216,207
348,207
72,208
169,208
216,208
349,208
71,209
169,209
216,209
349,209
71,210
169,210
217,210
349,210
71,211
169,211
217,211
349,211
72,212
169,212
217,212
349,212
72,213
169,213
218,213
349,213
72,214
168,214
218,214
349,214
72,215
167,215
219,215
349,215
72,216
167,216
219,216
349,216
72,217
166,217
220,217
349,217
71,218
165,218
221,218
222,218
223,218
224,218
350,218
71,219
164,219
225,219
350,219
71,220
162,220
163,220
226,220
227,220
228,220
351,220
72,221
156,221
157,221
158,221
159,221
160,221
161,221
229,221
230,221
231,221
232,221
233,221
234,221
235,221
351,221
72,222
149,222
154,222
155,222
236,222
237,222
238,222
239,222
240,222
241,222
242,222
243,222
244,222
245,222
247,222
248,222
249,222
250,222
251,222
252,222
253,222
254,222
255,222
256,222
257,222
258,222
259,222
260,222
261,222
262,222
263,222
264,222
269,222
270,222
271,222
272,222
273,222
274,222
279,222
280,222
281,222
282,222
283,222
292,222
293,222
300,222
301,222
302,222
341,222
349,222
350,222
71,223
139,223
140,223
145,223
146,223
147,223
148,223
150,223
152,223
153,223
246,223
265,223
266,223
267,223
268,223
275,223
276,223
277,223
278,223
284,223
285,223
286,223
287,223
288,223
289,223
290,223
291,223
294,223
295,223
296,223
297,223
298,223
299,223
303,223
304,223
305,223
306,223
307,223
308,223
309,223
310,223
311,223
312,223
317,223
318,223
319,223
320,223
321,223
322,223
323,223
324,223
325,223
326,223
327,223
328,223
329,223
330,223
331,223
332,223
333,223
334,223
335,223
336,223
337,223
338,223
339,223
340,223
342,223
343,223
344,223
345,223
346,223
347,223
348,223
71,224
118,224
119,224
120,224
125,224
126,224
127,224
128,224
129,224
130,224
133,224
134,224
135,224
136,224
137,224
138,224
141,224
142,224
143,224
144,224
151,224
313,224
314,224
315,224
316,224
71,225
99,225
100,225
101,225
108,225
109,225
110,225
111,225
114,225
115,225
116,225
117,225
121,225
122,225
123,225
124,225
131,225
132,225
72,226
89,226
90,226
91,226
92,226
96,226
97,226
98,226
102,226
103,226
104,226
105,226
106,226
107,226
112,226
113,226
73,227
74,227
75,227
76,227
77,227
78,227
79,227
80,227
81,227
82,227
83,227
84,227
85,227
86,227
87,227
88,227
93,227
94,227
95,227