16,0
16,1
15,2
15,3
15,4
15,5
15,6
15,7
14,8
14,9
14,10
14,11
13,12
13,13
13,14
13,15
13,16
13,17
12,18
12,19
11,20
11,21
11,22
11,23
11,24
11,25
11,26
11,27
10,28
9,29
9,30
9,31
9,32
9,33
9,34
9,35
9,36
9,37
8,38
8,39
8,40
8,41
8,42
8,43
8,44
8,45
7,46
7,47
7,48
6,49
6,50
6,51
6,52
6,53
6,54
6,55
6,56
6,57
6,58
5,59
4,60
4,61
4,62
4,63
4,64
4,65
4,66
3,67
3,68
3,69
3,70
3,71
3,72
3,73
3,74
3,75
3,76
2,77
3,78
2,79
1,80
1,81
1,82
1,83
1,84
1,85
1,86
1,87
1,88
1,89
0,90
0,91
0,92
0,93
0,94
0,95
0,96
0,97
0,98
0,99
0,100
0,101
1,102
0,103
0,104
1,105
1,106
1,107
2,108
2,109
53,109
54,109
2,110
48,110
49,110
50,110
51,110
52,110
55,110
3,111
42,111
43,111
44,111
45,111
46,111
47,111
56,111
57,111
58,111
3,112
38,112
39,112
40,112
41,112
59,112
4,113
37,113
60,113
4,114
33,114
35,114
36,114
61,114
5,115
29,115
30,115
31,115
32,115
34,115
62,115
6,116
28,116
63,116
7,117
25,117
26,117
27,117
64,117
8,118
9,118
10,118
21,118
22,118
23,118
24,118
65,118
11,119
12,119
13,119
18,119
19,119
20,119
65,119
14,120
15,120
16,120
17,120
66,120
67,121
68,122
68,123
68,124
68,125
69,126
70,127
71,128
71,129
72,130
73,131
73,132
74,133
73,134
74,135
74,136
75,137
75,138
75,139
76,140
76,141
77,142
77,143
77,144
77,145
77,146
77,147
77,148
77,149
77,150
77,151
77,152
77,153
77,154
76,155
76,156
76,157
76,158
76,159
75,160
75,161
75,162
75,163
74,164
73,165
72,166
72,167
72,168
71,169
71,170
71,171
70,172
69,173
69,174
68,175
67,176
67,177
66,178
65,179
12,180
13,180
14,180
15,180
16,180
17,180
18,180
19,180
20,180
64,180
9,181
10,181
11,181
21,181
22,181
23,181
24,181
25,181
26,181
27,181
64,181
8,182
28,182
29,182
63,182
7,183
30,183
61,183
62,183
6,184
31,184
32,184
33,184
34,184
60,184
5,185
35,185
36,185
37,185
38,185
58,185
59,185
5,186
39,186
40,186
57,186
4,187
41,187
42,187
43,187
44,187
46,187
47,187
48,187
49,187
50,187
51,187
55,187
56,187
4,188
45,188
52,188
53,188
54,188
4,189
4,190
3,191
3,192
2,193
2,194
2,195
2,196
2,197
2,198
2,199
2,200
2,201
2,202
1,203
2,204
2,205
2,206
2,207
3,208
3,209
3,210
3,211
3,212
4,213
3,214
3,215
4,216
4,217
4,218
4,219
5,220
5,221
5,222
5,223
5,224
5,225
5,226
5,227
5,228
6,229
6,230
6,231
7,232
7,233
6,234
7,235
7,236
7,237
7,238
8,239
8,240
8,241
8,242
8,243
8,244
8,245
8,246
8,247
8,248
9,249
9,250
10,251
10,252
10,253
10,254
9,255
10,256
10,257
10,258
11,259
11,260
11,261
12,262
12,263
12,264
12,265
12,266
12,267
12,268
13,269
13,270
13,271
14,272
14,273
15,274
15,275
15,276