6,0
6,1
6,2
6,3
6,4
6,5
6,6
6,7
6,8
6,9
5,10
6,11
6,12
6,13
7,14
7,15
7,16
8,17
8,18
7,19
7,20
7,21
8,22
8,23
8,24
8,25
8,26
8,27
8,28
8,29
8,30
9,31
9,32
9,33
9,34
10,35
9,36
9,37
10,38
10,39
10,40
10,41
10,42
10,43
11,44
10,45
10,46
11,47
11,48
11,49
12,50
12,51
12,52
12,53
11,54
12,55
12,56
12,57
12,58
12,59
13,60
13,61
64,61
65,61
70,61
71,61
72,61
73,61
12,62
61,62
62,62
63,62
66,62
67,62
68,62
69,62
74,62
13,63
56,63
59,63
60,63
75,63
76,63
77,63
13,64
54,64
55,64
57,64
58,64
78,64
13,65
52,65
53,65
79,65
14,66
51,66
79,66
14,67
51,67
79,67
14,68
49,68
50,68
80,68
14,69
47,69
48,69
80,69
15,70
46,70
81,70
14,71
45,71
82,71
15,72
44,72
82,72
15,73
43,73
82,73
16,74
42,74
83,74
16,75
40,75
41,75
84,75
17,76
18,76
37,76
38,76
39,76
85,76
19,77
36,77
85,77
20,78
35,78
85,78
21,79
34,79
86,79
87,79
22,80
23,80
24,80
25,80
26,80
27,80
28,80
29,80
30,80
31,80
32,80
33,80
88,80
88,81
89,82
90,83
89,84
90,85
90,86
91,87
91,88
91,89
91,90
92,91
91,92
91,93
91,94
92,95
92,96
92,97
92,98
92,99
92,100
92,101
92,102
93,103
93,104
93,105
92,106
92,107
92,108
93,109
92,110
92,111
92,112
92,113
92,114
93,115
93,116
93,117
92,118
91,119
91,120
91,121
91,122
90,123
90,124
89,125
88,126
88,127
88,128
89,129
89,130
88,131
88,132
26,133
27,133
88,133
24,134
25,134
28,134
29,134
30,134
31,134
32,134
33,134
34,134
88,134
23,135
35,135
86,135
87,135
22,136
36,136
37,136
38,136
85,136
21,137
39,137
40,137
85,137
21,138
41,138
42,138
85,138
20,139
43,139
84,139
19,140
44,140
45,140
83,140
18,141
46,141
83,141
18,142
47,142
83,142
18,143
48,143
83,143
17,144
49,144
81,144
82,144
17,145
50,145
80,145
17,146
51,146
79,146
17,147
52,147
53,147
54,147
78,147
16,148
55,148
77,148
16,149
56,149
57,149
58,149
76,149
16,150
59,150
74,150
75,150
15,151
59,151
72,151
73,151
16,152
60,152
63,152
64,152
65,152
66,152
68,152
71,152
16,153
61,153
62,153
67,153
69,153
70,153
16,154
15,155
14,156
14,157
14,158
14,159
14,160
14,161
14,162
14,163
14,164
13,165
13,166
13,167
13,168
13,169
13,170
13,171
13,172
12,173
12,174
12,175
12,176
12,177
12,178
12,179
12,180
12,181
11,182
11,183
11,184
11,185
11,186
11,187
11,188
11,189
10,190
10,191
10,192
10,193
10,194
10,195
10,196
10,197
10,198
9,199
9,200
9,201
9,202
9,203
9,204
8,205
8,206
7,207
7,208
8,209
8,210
7,211
7,212
7,213
7,214
8,215
7,216
6,217
6,218
6,219
6,220
6,221
6,222
6,223
5,224
5,225
5,226
5,227
5,228
5,229
5,230
5,231
5,232
4,233
4,234
4,235
4,236
4,237
4,238
4,239
4,240
2,241
3,241
1,242
1,243
1,244
0,245
1,246
2,247
3,248
4,249
5,250