42,0
43,1
42,2
42,3
42,4
42,5
42,6
43,7
43,8
43,9
43,10
44,11
45,12
45,13
45,14
46,15
46,16
47,17
48,17
49,18
49,19
49,20
50,21
50,22
51,23
52,24
52,25
53,26
54,27
54,28
55,29
56,29
57,30
57,31
57,32
58,33
58,34
59,35
59,36
59,37
59,38
59,39
59,40
60,41
60,42
60,43
60,44
60,45
59,46
60,47
59,48
58,49
58,50
57,51
57,52
57,53
56,54
53,55
54,55
55,55
52,56
51,57
47,58
48,58
49,58
50,58
46,59
42,60
43,60
44,60
45,60
40,61
41,61
35,62
36,62
37,62
38,62
39,62
34,63
28,64
29,64
30,64
31,64
32,64
33,64
27,65
23,66
24,66
25,66
26,66
19,67
20,67
21,67
22,67
17,68
18,68
11,69
12,69
13,69
14,69
15,69
16,69
10,70
5,71
6,71
7,71
8,71
9,71
2,72
3,72
4,72
1,73
0,74
0,75
1,76
1,77
1,78
1,79
1,80
1,81
2,82
2,83
2,84
2,85
2,86
2,87
3,88
3,89
3,90
3,91
3,92
3,93
4,94
4,95
4,96
4,97
4,98
4,99
5,100
5,101
5,102
5,103
5,104
5,105
6,106
6,107
6,108
6,109
7,110
7,111
8,112
8,113
7,114
7,115
7,116
7,117
8,118
8,119
9,120
9,121
8,122
9,123
9,124
9,125
9,126
9,127
9,128
10,129
10,130
10,131
10,132
10,133
10,134
11,135
11,136
11,137
11,138
11,139
11,140
12,141
12,142
65,142
66,142
67,142
68,142
69,142
71,142
12,143
63,143
64,143
70,143
72,143
73,143
12,144
61,144
62,144
74,144
75,144
12,145
59,145
60,145
76,145
77,145
12,146
58,146
78,146
79,146
13,147
56,147
57,147
80,147
13,148
55,148
81,148
13,149
55,149
82,149
13,150
54,150
83,150
13,151
53,151
83,151
13,152
52,152
84,152
85,152
14,153
51,153
86,153
14,154
48,154
49,154
50,154
87,154
14,155
47,155
87,155
14,156
47,156
88,156
15,157
47,157
88,157
15,158
46,158
89,158
16,159
44,159
45,159
90,159
17,160
43,160
90,160
17,161
40,161
41,161
42,161
90,161
17,162
39,162
90,162
18,163
39,163
91,163
92,163
19,164
37,164
38,164
93,164
20,165
34,165
35,165
36,165
93,165
21,166
31,166
32,166
33,166
93,166
22,167
27,167
28,167
29,167
30,167
93,167
23,168
25,168
26,168
93,168
24,169
94,169
95,170
95,171
95,172
95,173
95,174
95,175
96,176
97,177
97,178
97,179
97,180
97,181
98,182
98,183
98,184
98,185
98,186
98,187
99,188
99,189
98,190
98,191
98,192
98,193
99,194
99,195
99,196
99,197
99,198
99,199
100,200
99,201
99,202
99,203
99,204
99,205
100,206
99,207
99,208
99,209
99,210
98,211
99,212
99,213
98,214
98,215
97,216
97,217
98,218
97,219
97,220
96,221
96,222
96,223
96,224
96,225
36,226
37,226
38,226
39,226
42,226
43,226
44,226
95,226
34,227
35,227
40,227
41,227
45,227
46,227
47,227
48,227
49,227
94,227
33,228
50,228
51,228
52,228
93,228
33,229
53,229
54,229
92,229
32,230
55,230
92,230
31,231
56,231
57,231
91,231
31,232
58,232
59,232
60,232
90,232
31,233
61,233
62,233
90,233
30,234
63,234
88,234
89,234
30,235
64,235
87,235
30,236
65,236
67,236
86,236
29,237
66,237
68,237
85,237
29,238
69,238
70,238
71,238
73,238
74,238
83,238
84,238
28,239
72,239
75,239
76,239
77,239
79,239
80,239
81,239
82,239
28,240
78,240
28,241
29,242
28,243
28,244
28,245
28,246
28,247
29,248
29,249
29,250
29,251
29,252
29,253
30,254
30,255
30,256
30,257
30,258
29,259
30,260
30,261
30,262
30,263
30,264
31,265
31,266
31,267
31,268
31,269
31,270
32,271
32,272
32,273
32,274
32,275
32,276
33,277
33,278
33,279
33,280
33,281
33,282
34,283
34,284
34,285
34,286
34,287
33,288
34,289
34,290
34,291
34,292
34,293
34,294
35,295
35,296
35,297
35,298
35,299
35,300
36,301
36,302
36,303
36,304
36,305
36,306
37,307
37,308
37,309
37,310
37,311
37,312
37,313
38,314
38,315
38,316
37,317
37,318
38,319
38,320
38,321
38,322
38,323
38,324
39,325
39,326
39,327
39,328
39,329
39,330
40,331
40,332
40,333
40,334
40,335
40,336
41,337
41,338
41,339
41,340
41,341
41,342