3,0
3,1
3,2
3,3
3,4
3,5
3,6
3,7
3,8
3,9
3,10
3,11
3,12
3,13
3,14
3,15
3,16
4,17
3,18
3,19
4,20
4,21
4,22
4,23
4,24
4,25
4,26
4,27
4,28
4,29
5,30
4,31
4,32
5,33
6,34
6,35
6,36
6,37
6,38
6,39
6,40
6,41
6,42
6,43
6,44
6,45
6,46
6,47
6,48
6,49
6,50
6,51
7,52
7,53
7,54
8,55
8,56
8,57
7,58
7,59
7,60
7,61
7,62
7,63
8,64
8,65
8,66
8,67
8,68
9,69
9,70
58,70
63,70
64,70
9,71
57,71
59,71
62,71
65,71
9,72
55,72
56,72
58,72
60,72
61,72
65,72
9,73
51,73
52,73
54,73
58,73
59,73
64,73
9,74
50,74
53,74
55,74
57,74
60,74
65,74
9,75
51,75
52,75
54,75
58,75
59,75
66,75
67,75
68,75
69,75
10,76
42,76
43,76
51,76
53,76
70,76
11,77
41,77
44,77
49,77
50,77
71,77
72,77
11,78
40,78
43,78
46,78
47,78
48,78
73,78
11,79
36,79
37,79
38,79
39,79
42,79
44,79
45,79
74,79
75,79
11,80
33,80
35,80
43,80
76,80
80,80
12,81
29,81
30,81
31,81
32,81
34,81
36,81
77,81
79,81
81,81
13,82
22,82
23,82
25,82
26,82
27,82
28,82
32,82
33,82
35,82
78,82
80,82
14,83
21,83
24,83
31,83
33,83
79,83
15,84
20,84
22,84
23,84
30,84
32,84
80,84
81,84
82,84
16,85
21,85
24,85
31,85
83,85
17,86
18,86
19,86
20,86
22,86
23,86
83,86
84,87
84,88
85,89
85,90
86,91
86,92
87,93
87,94
87,95
88,96
88,97
89,98
89,99
90,100
90,101
91,102
92,103
91,104
92,105
92,106
92,107
92,108
92,109
93,110
93,111
93,112
93,113
93,114
92,115
92,116
92,117
91,118
91,119
91,120
91,121
91,122
90,123
89,124
89,125
88,126
88,127
88,128
87,129
86,130
86,131
85,132
85,133
84,134
83,135
83,136
82,137
82,138
19,139
20,139
21,139
22,139
23,139
24,139
25,139
30,139
31,139
32,139
33,139
81,139
17,140
18,140
26,140
27,140
28,140
29,140
34,140
35,140
36,140
37,140
80,140
16,141
38,141
39,141
40,141
79,141
15,142
41,142
42,142
78,142
14,143
43,143
44,143
76,143
77,143
14,144
45,144
46,144
47,144
48,144
49,144
50,144
74,144
75,144
13,145
51,145
52,145
73,145
12,146
53,146
54,146
55,146
56,146
69,146
70,146
71,146
72,146
12,147
57,147
58,147
59,147
60,147
65,147
66,147
67,147
68,147
12,148
61,148
62,148
63,148
64,148
11,149
11,150
10,151
10,152
10,153
9,154
8,155
8,156
8,157
9,158
9,159
8,160
8,161
8,162
8,163
7,164
7,165
7,166
7,167
7,168
6,169
6,170
6,171
5,172
5,173
5,174
5,175
6,176
5,177
5,178
5,179
5,180
5,181
5,182
4,183
4,184
4,185
4,186
4,187
3,188
3,189
3,190
3,191
2,192
2,193
3,194
3,195
3,196
2,197
2,198
2,199
2,200
2,201
1,202
1,203
1,204
1,205
0,206
0,207
0,208
0,209
0,210
1,211
1,212
1,213
1,214
0,215
0,216
0,217
0,218
1,219