356,0
357,0
358,0
363,0
364,0
351,1
352,1
353,1
354,1
355,1
359,1
360,1
361,1
362,1
365,1
331,2
332,2
333,2
334,2
335,2
336,2
337,2
350,2
364,2
316,3
321,3
322,3
323,3
324,3
325,3
326,3
327,3
328,3
329,3
330,3
338,3
339,3
340,3
341,3
342,3
346,3
351,3
364,3
315,4
317,4
318,4
319,4
320,4
343,4
344,4
345,4
347,4
348,4
352,4
364,4
303,5
304,5
305,5
306,5
307,5
308,5
309,5
310,5
311,5
312,5
313,5
314,5
349,5
350,5
351,5
364,5
298,6
299,6
300,6
301,6
302,6
364,6
289,7
290,7
291,7
292,7
293,7
294,7
295,7
296,7
297,7
364,7
98,8
99,8
100,8
101,8
102,8
103,8
104,8
138,8
139,8
141,8
142,8
280,8
281,8
282,8
283,8
284,8
285,8
286,8
287,8
288,8
364,8
97,9
105,9
106,9
107,9
108,9
109,9
110,9
111,9
112,9
113,9
114,9
115,9
116,9
117,9
118,9
119,9
120,9
121,9
122,9
123,9
124,9
125,9
126,9
127,9
128,9
129,9
130,9
131,9
132,9
133,9
134,9
135,9
136,9
137,9
140,9
143,9
144,9
145,9
146,9
147,9
148,9
149,9
151,9
153,9
154,9
155,9
156,9
157,9
158,9
159,9
160,9
161,9
162,9
163,9
164,9
165,9
166,9
167,9
168,9
169,9
170,9
171,9
172,9
173,9
174,9
175,9
176,9
177,9
178,9
179,9
180,9
181,9
273,9
274,9
275,9
276,9
277,9
278,9
279,9
364,9
97,10
150,10
152,10
182,10
189,10
190,10
266,10
267,10
268,10
269,10
270,10
271,10
272,10
364,10
97,11
151,11
183,11
184,11
185,11
186,11
187,11
188,11
191,11
192,11
193,11
263,11
264,11
265,11
364,11
96,12
194,12
195,12
196,12
197,12
258,12
259,12
260,12
261,12
262,12
364,12
96,13
198,13
199,13
202,13
257,13
364,13
96,14
200,14
201,14
203,14
256,14
364,14
96,15
204,15
255,15
364,15
96,16
205,16
255,16
364,16
96,17
205,17
254,17
363,17
96,18
205,18
254,18
363,18
96,19
206,19
254,19
363,19
95,20
206,20
254,20
363,20
95,21
206,21
254,21
363,21
95,22
206,22
254,22
363,22
95,23
206,23
254,23
363,23
95,24
206,24
254,24
363,24
95,25
206,25
254,25
363,25
94,26
206,26
254,26
364,26
94,27
205,27
254,27
363,27
94,28
205,28
255,28
363,28
94,29
205,29
255,29
363,29
94,30
205,30
255,30
364,30
93,31
204,31
256,31
364,31
93,32
204,32
256,32
363,32
93,33
204,33
256,33
364,33
93,34
203,34
256,34
363,34
93,35
202,35
257,35
363,35
93,36
202,36
257,36
363,36
93,37
201,37
258,37
364,37
93,38
200,38
258,38
364,38
93,39
200,39
258,39
363,39
93,40
201,40
259,40
363,40
93,41
200,41
260,41
363,41
92,42
199,42
260,42
363,42
92,43
198,43
260,43
363,43
92,44
198,44
260,44
363,44
92,45
198,45
261,45
363,45
91,46
197,46
261,46
363,46
91,47
197,47
262,47
363,47
91,48
197,48
262,48
363,48
91,49
196,49
263,49
363,49
91,50
196,50
263,50
363,50
91,51
195,51
263,51
363,51
91,52
195,52
264,52
363,52
90,53
195,53
264,53
363,53
90,54
194,54
265,54
363,54
90,55
194,55
265,55
363,55
90,56
194,56
265,56
363,56
90,57
194,57
265,57
363,57
90,58
193,58
265,58
363,58
90,59
193,59
266,59
363,59
89,60
193,60
266,60
363,60
89,61
193,61
266,61
363,61
89,62
192,62
265,62
363,62
89,63
192,63
265,63
363,63
89,64
192,64
265,64
363,64
89,65
193,65
264,65
363,65
88,66
193,66
264,66
363,66
88,67
193,67
264,67
363,67
88,68
193,68
263,68
363,68
88,69
193,69
263,69
363,69
88,70
194,70
263,70
363,70
88,71
194,71
262,71
363,71
87,72
195,72
262,72
363,72
87,73
195,73
261,73
363,73
87,74
196,74
259,74
260,74
364,74
87,75
196,75
258,75
364,75
87,76
197,76
257,76
365,76
87,77
198,77
257,77
365,77
86,78
198,78
255,78
256,78
365,78
413,78
414,78
85,79
199,79
253,79
254,79
366,79
403,79
404,79
405,79
406,79
407,79
408,79
409,79
411,79
412,79
415,79
416,79
417,79
85,80
200,80
201,80
251,80
252,80
366,80
400,80
401,80
402,80
410,80
412,80
418,80
419,80
420,80
421,80
422,80
85,81
202,81
250,81
366,81
398,81
399,81
411,81
423,81
424,81
425,81
85,82
203,82
204,82
249,82
366,82
396,82
397,82
426,82
427,82
85,83
205,83
206,83
247,83
248,83
367,83
394,83
395,83
428,83
85,84
207,84
245,84
246,84
368,84
393,84
429,84
430,84
431,84
432,84
85,85
208,85
209,85
243,85
244,85
369,85
389,85
390,85
392,85
433,85
84,86
210,86
211,86
212,86
241,86
242,86
370,86
387,86
388,86
391,86
393,86
434,86
84,87
213,87
214,87
239,87
240,87
371,87
372,87
373,87
382,87
383,87
384,87
385,87
386,87
392,87
435,87
84,88
215,88
216,88
237,88
238,88
374,88
375,88
376,88
377,88
378,88
379,88
380,88
381,88
436,88
84,89
217,89
218,89
219,89
233,89
235,89
236,89
436,89
84,90
220,90
221,90
222,90
228,90
229,90
230,90
231,90
232,90
234,90
435,90
437,90
83,91
223,91
224,91
225,91
226,91
227,91
434,91
436,91
438,91
83,92
434,92
437,92
439,92
82,93
434,93
438,93
439,93
82,94
435,94
438,94
440,94
82,95
436,95
437,95
441,95
23,96
24,96
25,96
26,96
81,96
441,96
21,97
22,97
27,97
28,97
29,97
30,97
31,97
32,97
33,97
34,97
35,97
36,97
37,97
38,97
39,97
40,97
41,97
42,97
81,97
442,97
19,98
20,98
43,98
80,98
442,98
17,99
18,99
44,99
45,99
79,99
442,99
15,100
16,100
46,100
47,100
79,100
443,100
13,101
14,101
48,101
49,101
78,101
443,101
12,102
50,102
51,102
52,102
77,102
443,102
11,103
53,103
54,103
76,103
444,103
10,104
55,104
75,104
444,104
10,105
56,105
73,105
74,105
76,105
444,105
9,106
57,106
58,106
59,106
60,106
61,106
62,106
63,106
72,106
75,106
445,106
8,107
64,107
65,107
66,107
68,107
69,107
70,107
71,107
445,107
7,108
67,108
445,108
7,109
445,109
6,110
445,110
5,111
445,111
5,112
445,112
4,113
445,113
4,114
445,114
3,115
445,115
3,116
445,116
2,117
445,117
2,118
445,118
2,119
445,119
1,120
445,120
1,121
445,121
1,122
445,122
1,123
445,123
1,124
444,124
1,125
444,125
1,126
444,126
1,127
444,127
1,128
443,128
0,129
443,129
0,130
443,130
0,131
442,131
0,132
442,132
0,133
438,133
441,133
1,134
437,134
439,134
441,134
1,135
438,135
440,135
1,136
376,136
377,136
378,136
439,136
2,137
372,137
373,137
374,137
375,137
379,137
380,137
381,137
382,137
439,137
2,138
371,138
383,138
384,138
385,138
438,138
2,139
370,139
386,139
438,139
2,140
369,140
387,140
388,140
389,140
436,140
437,140
3,141
368,141
390,141
391,141
435,141
3,142
367,142
392,142
435,142
3,143
366,143
393,143
394,143
395,143
433,143
434,143
4,144
365,144
396,144
431,144
432,144
4,145
365,145
397,145
430,145
5,146
364,146
398,146
399,146
429,146
5,147
364,147
400,147
401,147
427,147
428,147
6,148
214,148
215,148
216,148
217,148
218,148
219,148
220,148
221,148
222,148
223,148
224,148
225,148
226,148
364,148
402,148
403,148
404,148
423,148
424,148
425,148
426,148
6,149
204,149
206,149
207,149
208,149
209,149
210,149
211,149
212,149
213,149
227,149
228,149
229,149
230,149
231,149
232,149
233,149
234,149
363,149
405,149
406,149
407,149
408,149
409,149
410,149
411,149
412,149
413,149
421,149
422,149
7,150
201,150
202,150
203,150
205,150
235,150
236,150
237,150
238,150
239,150
363,150
414,150
415,150
416,150
417,150
418,150
419,150
420,150
8,151
197,151
198,151
199,151
200,151
240,151
241,151
242,151
243,151
244,151
363,151
8,152
192,152
193,152
194,152
195,152
196,152
245,152
246,152
362,152
9,153
70,153
71,153
72,153
73,153
189,153
190,153
191,153
247,153
248,153
249,153
362,153
10,154
62,154
63,154
64,154
65,154
66,154
67,154
68,154
69,154
74,154
75,154
186,154
187,154
188,154
250,154
362,154
10,155
60,155
61,155
76,155
183,155
184,155
185,155
251,155
362,155
11,156
57,156
58,156
59,156
77,156
78,156
178,156
179,156
180,156
181,156
182,156
252,156
362,156
12,157
55,157
56,157
79,157
177,157
253,157
361,157
13,158
54,158
80,158
176,158
254,158
255,158
360,158
14,159
15,159
51,159
52,159
53,159
81,159
175,159
256,159
360,159
16,160
17,160
48,160
49,160
50,160
81,160
174,160
257,160
360,160
18,161
19,161
47,161
81,161
173,161
258,161
360,161
20,162
46,162
82,162
172,162
259,162
360,162
21,163
22,163
23,163
24,163
25,163
26,163
44,163
45,163
83,163
171,163
259,163
360,163
27,164
36,164
40,164
41,164
42,164
43,164
83,164
170,164
259,164
360,164
28,165
29,165
30,165
31,165
32,165
33,165
34,165
35,165
37,165
38,165
39,165
84,165
170,165
260,165
360,165
84,166
169,166
260,166
360,166
85,167
169,167
261,167
360,167
85,168
168,168
262,168
360,168
85,169
167,169
262,169
360,169
85,170
167,170
262,170
360,170
86,171
166,171
263,171
360,171
86,172
166,172
263,172
360,172
86,173
166,173
263,173
360,173
86,174
166,174
263,174
360,174
86,175
166,175
263,175
360,175
87,176
166,176
263,176
360,176
87,177
167,177
263,177
360,177
87,178
167,178
263,178
360,178
88,179
167,179
262,179
360,179
88,180
167,180
262,180
360,180
88,181
168,181
261,181
360,181
88,182
169,182
261,182
359,182
88,183
169,183
260,183
359,183
88,184
170,184
260,184
359,184
88,185
171,185
258,185
259,185
359,185
89,186
171,186
257,186
359,186
89,187
172,187
257,187
359,187
89,188
173,188
257,188
359,188
89,189
173,189
256,189
359,189
89,190
174,190
255,190
359,190
89,191
175,191
254,191
359,191
89,192
175,192
254,192
359,192
89,193
176,193
253,193
359,193
90,194
177,194
253,194
359,194
90,195
177,195
252,195
359,195
90,196
178,196
251,196
359,196
90,197
178,197
250,197
359,197
91,198
179,198
250,198
359,198
91,199
180,199
249,199
359,199
91,200
180,200
249,200
359,200
91,201
180,201
249,201
359,201
91,202
181,202
249,202
359,202
91,203
182,203
249,203
359,203
91,204
182,204
249,204
359,204
92,205
182,205
249,205
359,205
92,206
183,206
248,206
359,206
92,207
183,207
248,207
359,207
92,208
183,208
248,208
359,208
92,209
183,209
248,209
359,209
92,210
184,210
248,210
359,210
92,211
184,211
248,211
359,211
92,212
184,212
249,212
359,212
92,213
183,213
249,213
359,213
92,214
183,214
250,214
359,214
92,215
183,215
251,215
359,215
93,216
184,216
252,216
359,216
93,217
183,217
253,217
254,217
359,217
93,218
182,218
255,218
359,218
94,219
182,219
256,219
257,219
359,219
93,220
180,220
181,220
258,220
359,220
93,221
179,221
259,221
359,221
93,222
178,222
260,222
261,222
262,222
263,222
264,222
359,222
94,223
176,223
177,223
265,223
266,223
267,223
268,223
269,223
270,223
358,223
94,224
174,224
175,224
271,224
272,224
273,224
274,224
275,224
276,224
277,224
278,224
279,224
280,224
281,224
282,224
283,224
284,224
358,224
94,225
170,225
171,225
172,225
173,225
285,225
286,225
287,225
288,225
289,225
290,225
291,225
292,225
293,225
294,225
295,225
296,225
297,225
298,225
299,225
300,225
301,225
302,225
303,225
304,225
305,225
306,225
307,225
308,225
309,225
310,225
311,225
358,225
94,226
165,226
166,226
167,226
168,226
169,226
312,226
313,226
314,226
315,226
316,226
317,226
318,226
319,226
320,226
321,226
322,226
323,226
324,226
325,226
326,226
358,226
95,227
157,227
158,227
160,227
163,227
164,227
327,227
328,227
329,227
330,227
331,227
332,227
333,227
334,227
335,227
358,227
95,228
151,228
152,228
153,228
154,228
155,228
156,228
159,228
161,228
162,228
336,228
337,228
338,228
339,228
343,228
344,228
358,228
95,229
137,229
138,229
139,229
140,229
141,229
142,229
143,229
144,229
145,229
146,229
147,229
148,229
149,229
150,229
340,229
341,229
342,229
345,229
346,229
347,229
348,229
349,229
350,229
351,229
352,229
353,229
354,229
355,229
356,229
357,229
95,230
129,230
130,230
131,230
132,230
133,230
134,230
135,230
136,230
96,231
117,231
118,231
119,231
120,231
121,231
122,231
123,231
124,231
125,231
126,231
127,231
128,231
97,232
98,232
99,232
100,232
101,232
102,232
103,232
104,232
108,232
110,232
111,232
113,232
114,232
115,232
116,232
105,233
106,233
107,233
109,233
112,233