197,0
198,0
200,0
201,0
202,0
208,0
209,0
210,0
211,0
196,1
199,1
203,1
204,1
205,1
206,1
207,1
212,1
213,1
214,1
215,1
216,1
221,1
222,1
82,2
83,2
84,2
85,2
86,2
87,2
88,2
89,2
90,2
91,2
92,2
93,2
95,2
96,2
97,2
98,2
99,2
100,2
189,2
190,2
191,2
192,2
193,2
194,2
195,2
217,2
218,2
219,2
220,2
223,2
224,2
225,2
226,2
227,2
234,2
235,2
236,2
238,2
239,2
245,2
70,3
71,3
72,3
73,3
74,3
75,3
76,3
77,3
78,3
79,3
80,3
81,3
94,3
101,3
102,3
104,3
185,3
186,3
187,3
188,3
228,3
229,3
230,3
231,3
232,3
233,3
237,3
240,3
241,3
242,3
243,3
244,3
246,3
247,3
248,3
253,3
57,4
58,4
59,4
60,4
61,4
62,4
63,4
64,4
65,4
66,4
67,4
68,4
69,4
103,4
105,4
106,4
107,4
108,4
109,4
184,4
249,4
250,4
251,4
252,4
254,4
44,5
45,5
46,5
47,5
48,5
49,5
50,5
51,5
52,5
53,5
54,5
55,5
56,5
110,5
183,5
255,5
32,6
33,6
34,6
35,6
36,6
37,6
38,6
39,6
40,6
41,6
42,6
43,6
111,6
182,6
255,6
11,7
12,7
13,7
14,7
15,7
19,7
20,7
21,7
22,7
23,7
24,7
25,7
26,7
27,7
28,7
29,7
30,7
31,7
112,7
181,7
254,7
10,8
16,8
17,8
18,8
113,8
180,8
254,8
10,9
113,9
179,9
254,9
9,10
114,10
179,10
255,10
9,11
115,11
179,11
255,11
8,12
115,12
178,12
255,12
8,13
114,13
179,13
255,13
8,14
114,14
179,14
255,14
8,15
113,15
179,15
255,15
8,16
114,16
179,16
255,16
8,17
114,17
179,17
255,17
8,18
113,18
179,18
255,18
8,19
113,19
179,19
255,19
9,20
113,20
179,20
255,20
8,21
113,21
179,21
255,21
8,22
112,22
179,22
255,22
8,23
112,23
180,23
255,23
8,24
112,24
180,24
255,24
8,25
111,25
181,25
256,25
8,26
110,26
182,26
255,26
7,27
110,27
182,27
255,27
7,28
111,28
183,28
255,28
7,29
110,29
183,29
255,29
7,30
109,30
184,30
255,30
7,31
109,31
184,31
255,31
8,32
108,32
185,32
255,32
8,33
108,33
186,33
255,33
7,34
107,34
186,34
255,34
7,35
106,35
187,35
256,35
7,36
106,36
187,36
256,36
7,37
105,37
188,37
256,37
7,38
104,38
189,38
256,38
6,39
103,39
189,39
256,39
6,40
102,40
189,40
255,40
6,41
103,41
189,41
255,41
6,42
103,42
189,42
255,42
6,43
102,43
190,43
191,43
255,43
6,44
101,44
192,44
255,44
6,45
101,45
192,45
255,45
6,46
100,46
192,46
255,46
6,47
100,47
192,47
255,47
6,48
99,48
193,48
256,48
6,49
98,49
193,49
256,49
6,50
98,50
194,50
256,50
6,51
98,51
193,51
256,51
6,52
98,52
193,52
256,52
6,53
98,53
192,53
256,53
5,54
99,54
100,54
191,54
256,54
5,55
101,55
190,55
256,55
5,56
102,56
189,56
256,56
5,57
102,57
189,57
256,57
6,58
102,58
189,58
255,58
6,59
103,59
189,59
255,59
5,60
103,60
189,60
256,60
5,61
103,61
188,61
256,61
5,62
103,62
187,62
256,62
5,63
104,63
188,63
256,63
5,64
105,64
187,64
256,64
5,65
106,65
186,65
256,65
4,66
107,66
108,66
109,66
186,66
256,66
4,67
110,67
184,67
185,67
256,67
4,68
111,68
182,68
183,68
256,68
4,69
112,69
113,69
177,69
178,69
179,69
180,69
181,69
256,69
5,70
114,70
115,70
116,70
176,70
256,70
4,71
117,71
173,71
174,71
175,71
255,71
4,72
118,72
171,72
172,72
255,72
4,73
119,73
120,73
123,73
124,73
125,73
126,73
170,73
256,73
4,74
121,74
122,74
127,74
164,74
165,74
166,74
167,74
168,74
169,74
256,74
3,75
128,75
136,75
161,75
162,75
163,75
256,75
3,76
128,76
131,76
132,76
133,76
134,76
135,76
137,76
138,76
139,76
140,76
141,76
148,76
149,76
150,76
151,76
152,76
153,76
154,76
155,76
156,76
157,76
158,76
159,76
160,76
256,76
3,77
127,77
129,77
130,77
142,77
143,77
144,77
145,77
146,77
147,77
256,77
3,78
128,78
256,78
3,79
256,79
3,80
256,80
2,81
256,81
2,82
256,82
3,83
256,83
3,84
256,84
3,85
256,85
2,86
257,86
2,87
257,87
2,88
257,88
2,89
256,89
2,90
256,90
2,91
256,91
2,92
256,92
2,93
256,93
2,94
256,94
2,95
256,95
2,96
256,96
2,97
256,97
2,98
257,98
1,99
257,99
1,100
257,100
1,101
257,101
1,102
257,102
1,103
257,103
1,104
257,104
306,104
307,104
308,104
309,104
310,104
311,104
312,104
313,104
314,104
315,104
316,104
317,104
1,105
257,105
302,105
303,105
304,105
305,105
318,105
1,106
257,106
301,106
319,106
0,107
257,107
301,107
320,107
0,108
257,108
299,108
300,108
321,108
322,108
1,109
257,109
297,109
298,109
323,109
1,110
258,110
296,110
323,110
2,111
259,111
294,111
295,111
324,111
2,112
259,112
292,112
293,112
325,112
2,113
260,113
290,113
291,113
325,113
2,114
260,114
289,114
326,114
2,115
261,115
289,115
327,115
2,116
49,116
50,116
51,116
52,116
53,116
261,116
287,116
288,116
327,116
2,117
39,117
40,117
41,117
42,117
43,117
44,117
45,117
46,117
47,117
48,117
54,117
262,117
285,117
286,117
327,117
2,118
36,118
37,118
38,118
55,118
56,118
57,118
58,118
59,118
262,118
283,118
284,118
328,118
2,119
35,119
60,119
262,119
282,119
328,119
3,120
35,120
61,120
263,120
264,120
265,120
277,120
278,120
279,120
280,120
281,120
329,120
4,121
31,121
32,121
33,121
34,121
62,121
266,121
267,121
276,121
330,121
5,122
28,122
29,122
30,122
62,122
268,122
269,122
270,122
271,122
272,122
273,122
274,122
275,122
330,122
5,123
24,123
25,123
26,123
27,123
63,123
330,123
6,124
23,124
64,124
330,124
7,125
8,125
21,125
22,125
65,125
330,125
9,126
10,126
11,126
12,126
13,126
14,126
15,126
16,126
17,126
18,126
19,126
20,126
66,126
330,126
67,127
331,127
68,128
331,128
68,129
332,129
69,130
70,130
71,130
332,130
72,131
332,131
72,132
332,132
72,133
333,133
72,134
333,134
72,135
333,135
73,136
333,136
73,137
333,137
74,138
333,138
74,139
333,139
74,140
333,140
74,141
333,141
75,142
333,142
76,143
333,143
77,144
333,144
77,145
333,145
77,146
334,146
77,147
334,147
77,148
334,148
76,149
334,149
77,150
334,150
78,151
334,151
78,152
333,152
78,153
333,153
78,154
333,154
79,155
333,155
80,156
333,156
80,157
333,157
79,158
333,158
78,159
333,159
79,160
333,160
78,161
332,161
78,162
332,162
78,163
332,163
78,164
332,164
77,165
331,165
76,166
331,166
76,167
330,167
75,168
330,168
76,169
266,169
267,169
268,169
269,169
270,169
271,169
272,169
273,169
274,169
275,169
276,169
278,169
329,169
75,170
265,170
277,170
279,170
280,170
329,170
75,171
264,171
281,171
330,171
75,172
264,172
282,172
283,172
329,172
74,173
264,173
284,173
285,173
328,173
73,174
263,174
286,174
328,174
72,175
262,175
287,175
288,175
327,175
71,176
262,176
289,176
326,176
70,177
262,177
290,177
291,177
292,177
326,177
70,178
261,178
293,178
326,178
69,179
261,179
294,179
324,179
325,179
69,180
260,180
295,180
323,180
68,181
260,181
296,181
297,181
322,181
14,182
15,182
16,182
68,182
259,182
298,182
299,182
321,182
8,183
9,183
10,183
11,183
12,183
13,183
17,183
18,183
67,183
259,183
300,183
320,183
7,184
19,184
20,184
21,184
22,184
66,184
259,184
301,184
302,184
319,184
6,185
23,185
24,185
26,185
27,185
65,185
258,185
303,185
304,185
305,185
317,185
318,185
5,186
25,186
28,186
29,186
64,186
258,186
306,186
316,186
4,187
30,187
31,187
63,187
259,187
307,187
308,187
309,187
310,187
311,187
312,187
313,187
314,187
315,187
4,188
32,188
33,188
62,188
259,188
3,189
34,189
35,189
36,189
37,189
39,189
40,189
60,189
61,189
259,189
3,190
38,190
41,190
57,190
58,190
59,190
259,190
2,191
42,191
43,191
53,191
54,191
55,191
56,191
258,191
2,192
44,192
45,192
46,192
52,192
258,192
2,193
47,193
48,193
49,193
50,193
51,193
258,193
1,194
258,194
1,195
258,195
1,196
258,196
2,197
258,197
2,198
258,198
2,199
259,199
2,200
259,200
2,201
259,201
1,202
259,202
1,203
259,203
1,204
259,204
1,205
259,205
1,206
259,206
1,207
259,207
1,208
259,208
1,209
259,209
2,210
259,210
2,211
259,211
2,212
260,212
3,213
260,213
3,214
145,214
146,214
147,214
148,214
149,214
150,214
151,214
157,214
158,214
159,214
260,214
3,215
141,215
142,215
143,215
144,215
152,215
153,215
154,215
155,215
156,215
160,215
161,215
162,215
260,215
2,216
140,216
163,216
164,216
260,216
2,217
139,217
165,217
167,217
168,217
260,217
2,218
136,218
137,218
138,218
166,218
169,218
170,218
260,218
2,219
132,219
133,219
134,219
135,219
171,219
260,219
2,220
131,220
172,220
260,220
3,221
129,221
130,221
173,221
174,221
261,221
4,222
128,222
175,222
260,222
3,223
128,223
176,223
177,223
260,223
3,224
126,224
127,224
178,224
179,224
260,224
3,225
124,225
125,225
180,225
261,225
3,226
122,226
123,226
181,226
261,226
3,227
121,227
182,227
261,227
3,228
120,228
183,228
194,228
261,228
3,229
119,229
184,229
193,229
195,229
261,229
3,230
119,230
185,230
194,230
261,230
3,231
118,231
186,231
261,231
3,232
117,232
186,232
261,232
3,233
116,233
186,233
261,233
4,234
116,234
187,234
261,234
5,235
116,235
188,235
261,235
5,236
115,236
188,236
261,236
5,237
115,237
189,237
262,237
5,238
115,238
189,238
262,238
5,239
114,239
189,239
262,239
5,240
114,240
190,240
262,240
5,241
114,241
190,241
262,241
5,242
113,242
191,242
262,242
5,243
114,243
191,243
262,243
5,244
114,244
190,244
262,244
5,245
114,245
190,245
262,245
5,246
114,246
190,246
262,246
6,247
114,247
190,247
262,247
6,248
114,248
189,248
262,248
6,249
114,249
189,249
262,249
6,250
115,250
189,250
263,250
6,251
115,251
189,251
263,251
6,252
115,252
188,252
263,252
6,253
115,253
189,253
263,253
6,254
115,254
189,254
263,254
6,255
115,255
188,255
263,255
6,256
116,256
188,256
263,256
6,257
117,257
187,257
263,257
6,258
117,258
186,258
263,258
6,259
118,259
186,259
263,259
7,260
118,260
186,260
263,260
7,261
118,261
185,261
262,261
7,262
119,262
185,262
263,262
7,263
120,263
184,263
263,263
7,264
120,264
184,264
263,264
7,265
120,265
185,265
263,265
7,266
121,266
184,266
263,266
7,267
122,267
184,267
263,267
7,268
122,268
183,268
263,268
7,269
122,269
183,269
263,269
7,270
122,270
182,270
263,270
7,271
123,271
181,271
264,271
8,272
123,272
181,272
264,272
8,273
123,273
181,273
264,273
8,274
123,274
181,274
264,274
8,275
123,275
180,275
265,275
8,276
123,276
180,276
264,276
8,277
123,277
180,277
264,277
8,278
123,278
181,278
264,278
8,279
123,279
180,279
264,279
8,280
124,280
180,280
264,280
8,281
124,281
180,281
264,281
8,282
124,282
180,282
264,282
9,283
124,283
180,283
264,283
9,284
124,284
180,284
264,284
10,285
124,285
180,285
264,285
10,286
14,286
15,286
18,286
19,286
123,286
180,286
264,286
10,287
13,287
16,287
17,287
20,287
21,287
22,287
23,287
24,287
25,287
30,287
123,287
180,287
264,287
10,288
12,288
26,288
27,288
28,288
29,288
31,288
32,288
33,288
34,288
35,288
43,288
44,288
45,288
123,288
180,288
265,288
11,289
36,289
37,289
38,289
39,289
40,289
41,289
42,289
46,289
47,289
122,289
180,289
258,289
259,289
260,289
261,289
262,289
263,289
265,289
48,290
49,290
50,290
51,290
52,290
53,290
54,290
55,290
56,290
57,290
58,290
60,290
61,290
119,290
120,290
121,290
181,290
182,290
256,290
257,290
264,290
59,291
62,291
63,291
64,291
65,291
66,291
68,291
69,291
70,291
118,291
183,291
245,291
246,291
247,291
248,291
249,291
250,291
251,291
252,291
253,291
254,291
255,291
67,292
71,292
72,292
73,292
74,292
75,292
76,292
77,292
81,292
82,292
83,292
84,292
85,292
86,292
117,292
184,292
233,292
234,292
235,292
236,292
237,292
238,292
239,292
240,292
241,292
242,292
243,292
244,292
78,293
79,293
80,293
87,293
88,293
89,293
90,293
94,293
95,293
96,293
97,293
106,293
107,293
110,293
111,293
112,293
113,293
114,293
115,293
116,293
185,293
220,293
221,293
222,293
227,293
228,293
229,293
230,293
231,293
232,293
91,294
92,294
93,294
98,294
99,294
100,294
101,294
102,294
103,294
104,294
105,294
108,294
109,294
186,294
187,294
188,294
189,294
208,294
211,294
212,294
213,294
214,294
215,294
216,294
217,294
218,294
219,294
223,294
224,294
225,294
226,294
190,295
191,295
195,295
196,295
207,295
209,295
210,295
192,296
193,296
194,296
197,296
198,296
199,296
200,296
201,296
202,296
203,296
204,296
205,296
206,296