1,0
1,1
2,2
2,3
2,4
2,5
2,6
1,7
1,8
1,9
2,10
2,11
2,12
2,13
1,14
1,15
1,16
0,17
0,18
0,19
0,20
0,21
0,22
0,23
1,24
2,25
2,26
2,27
2,28
2,29
1,30
1,31
1,32
2,33
2,34
2,35
2,36
2,37
2,38
2,39
2,40
3,41
3,42
3,43
2,44
2,45
2,46
2,47
2,48
2,49
2,50
2,51
2,52
2,53
2,54
2,55
2,56
3,57
3,58
2,59
2,60
2,61
2,62
2,63
2,64
3,65
3,66
3,67
3,68
2,69
2,70
2,71
2,72
2,73
3,74
3,75
3,76
3,77
3,78
2,79
2,80
53,80
54,80
55,80
3,81
52,81
56,81
57,81
58,81
59,81
3,82
48,82
49,82
50,82
51,82
60,82
61,82
3,83
45,83
46,83
47,83
62,83
3,84
44,84
63,84
64,84
65,84
3,85
43,85
66,85
3,86
42,86
67,86
3,87
40,87
41,87
68,87
4,88
39,88
69,88
5,89
37,89
38,89
70,89
5,90
36,90
71,90
5,91
34,91
35,91
71,91
5,92
33,92
72,92
5,93
31,93
32,93
73,93
6,94
29,94
30,94
73,94
6,95
28,95
74,95
7,96
27,96
74,96
8,97
26,97
74,97
8,98
22,98
23,98
24,98
25,98
75,98
9,99
20,99
21,99
75,99
10,100
14,100
15,100
16,100
17,100
18,100
19,100
76,100
11,101
12,101
13,101
77,101
77,102
77,103
77,104
78,105
78,106
78,107
79,108
79,109
79,110
79,111
79,112
79,113
79,114
80,115
81,116
81,117
81,118
81,119
81,120
81,121
80,122
80,123
81,124
81,125
81,126
81,127
81,128
81,129
81,130
81,131
81,132
81,133
81,134
80,135
80,136
80,137
80,138
80,139
81,140
80,141
80,142
80,143
80,144
79,145
79,146
79,147
79,148
79,149
79,150
78,151
78,152
77,153
77,154
76,155
17,156
77,156
12,157
13,157
14,157
15,157
16,157
18,157
19,157
20,157
76,157
11,158
21,158
22,158
23,158
75,158
10,159
24,159
25,159
75,159
9,160
26,160
27,160
28,160
74,160
9,161
29,161
30,161
73,161
8,162
31,162
73,162
7,163
31,163
72,163
6,164
32,164
72,164
5,165
33,165
34,165
72,165
5,166
35,166
71,166
5,167
36,167
69,167
70,167
4,168
37,168
68,168
5,169
38,169
67,169
5,170
39,170
40,170
66,170
4,171
41,171
42,171
66,171
4,172
43,172
64,172
65,172
4,173
44,173
63,173
4,174
45,174
46,174
47,174
61,174
62,174
4,175
48,175
58,175
59,175
60,175
3,176
49,176
50,176
51,176
52,176
53,176
57,176
4,177
54,177
55,177
56,177
4,178
4,179
4,180
3,181
3,182
3,183
3,184
3,185
3,186
3,187
3,188
3,189
3,190
3,191
3,192
3,193
3,194
3,195
3,196
3,197
3,198
3,199
3,200
3,201
3,202
3,203
3,204
2,205
2,206
2,207
2,208
3,209
2,210
2,211
2,212
2,213
2,214
2,215
1,216
2,217
2,218
2,219
2,220
2,221
2,222
2,223
2,224
2,225
2,226
2,227
2,228
2,229
2,230
2,231
1,232