5,0
4,1
4,2
4,3
5,4
5,5
5,6
4,7
4,8
4,9
4,10
4,11
4,12
4,13
4,14
3,15
3,16
3,17
3,18
3,19
3,20
3,21
3,22
4,23
3,24
3,25
3,26
3,27
2,28
2,29
2,30
2,31
2,32
2,33
2,34
1,35
1,36
1,37
1,38
1,39
1,40
1,41
1,42
1,43
1,44
1,45
0,46
0,47
0,48
0,49
0,50
0,51
0,52
0,53
0,54
0,55
0,56
0,57
39,57
40,57
41,57
42,57
43,57
0,58
37,58
38,58
44,58
45,58
46,58
0,59
36,59
47,59
48,59
1,60
35,60
49,60
2,61
34,61
50,61
51,61
52,61
53,61
54,61
55,61
2,62
31,62
32,62
33,62
56,62
57,62
2,63
29,63
30,63
58,63
2,64
27,64
28,64
59,64
2,65
25,65
26,65
60,65
3,66
23,66
24,66
61,66
4,67
20,67
21,67
22,67
61,67
5,68
17,68
18,68
19,68
62,68
6,69
16,69
63,69
7,70
8,70
9,70
11,70
12,70
13,70
14,70
15,70
64,70
10,71
65,71
64,72
65,73
66,74
67,75
68,76
68,77
69,78
70,79
70,80
71,81
71,82
72,83
72,84
72,85
72,86
73,87
74,88
74,89
74,90
74,91
74,92
74,93
74,94
75,95
75,96
76,97
77,98
76,99
76,100
76,101
76,102
76,103
77,104
77,105
76,106
76,107
75,108
75,109
75,110
75,111
74,112
74,113
74,114
74,115
73,116
74,117
8,118
9,118
10,118
11,118
12,118
13,118
14,118
15,118
74,118
7,119
16,119
17,119
19,119
20,119
73,119
6,120
18,120
21,120
73,120
4,121
5,121
22,121
72,121
3,122
23,122
72,122
4,123
24,123
25,123
71,123
3,124
26,124
27,124
71,124
2,125
28,125
70,125
2,126
29,126
70,126
2,127
30,127
31,127
70,127
1,128
32,128
69,128
1,129
33,129
34,129
68,129
1,130
35,130
36,130
67,130
0,131
37,131
38,131
39,131
66,131
0,132
40,132
41,132
65,132
0,133
42,133
43,133
64,133
0,134
44,134
45,134
46,134
62,134
63,134
0,135
47,135
48,135
60,135
61,135
0,136
49,136
50,136
51,136
52,136
53,136
54,136
57,136
58,136
59,136
0,137
55,137
56,137
0,138
0,139
0,140
0,141
0,142
0,143
0,144
0,145
0,146
0,147
0,148
0,149
0,150
0,151
0,152
0,153
0,154
1,155
0,156
1,157
1,158
1,159
1,160
1,161
1,162
1,163
1,164
0,165
0,166
1,167
0,168
0,169
0,170
0,171
0,172
0,173
0,174
0,175
1,176
1,177
1,178
1,179
1,180
1,181
1,182
1,183
1,184
1,185
1,186
1,187
1,188
1,189
1,190
1,191
0,192
0,193
1,194
2,195
2,196
1,197
1,198
1,199
1,200
1,201
1,202
2,203
2,204
2,205
1,206
1,207
1,208
1,209
1,210
1,211
1,212
1,213
2,214
2,215
2,216
2,217
2,218
2,219
2,220
2,221
1,222
2,223
2,224
2,225
2,226
2,227
2,228
2,229
2,230
2,231
2,232
3,233
3,234
3,235
3,236
3,237
3,238
3,239
2,240
2,241
2,242
2,243
3,244
3,245
3,246
3,247
3,248
3,249
3,250
3,251
4,252
4,253
4,254
4,255
4,256
4,257
4,258
4,259
4,260
5,261