317,0
309,1
310,1
311,1
312,1
313,1
316,1
318,1
319,1
320,1
321,1
305,2
306,2
308,2
314,2
315,2
322,2
293,3
296,3
298,3
299,3
300,3
301,3
302,3
303,3
304,3
307,3
323,3
281,4
282,4
283,4
284,4
285,4
286,4
287,4
288,4
289,4
290,4
291,4
292,4
294,4
295,4
297,4
323,4
268,5
269,5
270,5
271,5
272,5
273,5
274,5
275,5
276,5
277,5
278,5
279,5
280,5
296,5
322,5
256,6
257,6
258,6
259,6
260,6
261,6
262,6
263,6
264,6
265,6
266,6
267,6
321,6
251,7
252,7
253,7
254,7
255,7
321,7
247,8
248,8
249,8
250,8
321,8
89,9
90,9
91,9
92,9
93,9
232,9
233,9
234,9
235,9
236,9
237,9
238,9
239,9
240,9
241,9
242,9
243,9
246,9
320,9
322,9
85,10
86,10
87,10
88,10
94,10
99,10
100,10
225,10
227,10
228,10
229,10
230,10
231,10
244,10
245,10
321,10
323,10
84,11
94,11
98,11
101,11
102,11
103,11
104,11
105,11
106,11
107,11
110,11
112,11
113,11
114,11
115,11
116,11
118,11
120,11
122,11
123,11
124,11
125,11
126,11
127,11
128,11
138,11
139,11
140,11
141,11
142,11
143,11
144,11
145,11
223,11
224,11
226,11
323,11
84,12
95,12
96,12
97,12
108,12
109,12
111,12
117,12
119,12
121,12
129,12
130,12
131,12
132,12
133,12
134,12
137,12
146,12
150,12
151,12
152,12
222,12
225,12
323,12
84,13
110,13
120,13
135,13
136,13
146,13
149,13
153,13
221,13
323,13
83,14
147,14
148,14
154,14
156,14
157,14
158,14
159,14
160,14
221,14
323,14
83,15
155,15
161,15
220,15
222,15
323,15
83,16
160,16
220,16
221,16
321,16
323,16
84,17
160,17
163,17
165,17
219,17
221,17
320,17
322,17
84,18
161,18
162,18
164,18
166,18
218,18
220,18
319,18
84,19
86,19
163,19
165,19
166,19
218,19
320,19
85,20
87,20
164,20
167,20
218,20
321,20
86,21
167,21
218,21
220,21
321,21
87,22
166,22
168,22
219,22
221,22
321,22
86,23
165,23
167,23
218,23
220,23
222,23
321,23
323,23
85,24
166,24
219,24
221,24
322,24
324,24
85,25
166,25
219,25
323,25
86,26
167,26
219,26
323,26
85,27
87,27
166,27
169,27
219,27
323,27
84,28
86,28
167,28
168,28
170,28
220,28
323,28
85,29
169,29
220,29
323,29
85,30
169,30
221,30
323,30
86,31
169,31
221,31
324,31
87,32
168,32
222,32
324,32
87,33
168,33
222,33
324,33
86,34
167,34
223,34
224,34
324,34
86,35
167,35
225,35
323,35
85,36
166,36
226,36
323,36
85,37
165,37
227,37
323,37
85,38
166,38
227,38
323,38
84,39
166,39
228,39
323,39
83,40
164,40
165,40
228,40
323,40
84,41
163,41
229,41
230,41
231,41
323,41
84,42
163,42
232,42
323,42
83,43
162,43
231,43
323,43
83,44
161,44
231,44
324,44
83,45
160,45
232,45
233,45
323,45
83,46
159,46
234,46
323,46
84,47
88,47
89,47
159,47
235,47
323,47
85,48
87,48
90,48
158,48
236,48
323,48
84,49
86,49
89,49
157,49
237,49
323,49
83,50
85,50
87,50
88,50
157,50
238,50
323,50
82,51
84,51
156,51
238,51
321,51
323,51
81,52
84,52
155,52
238,52
320,52
322,52
82,53
83,53
85,53
154,53
239,53
319,53
84,54
153,54
239,54
320,54
84,55
152,55
240,55
321,55
322,55
83,56
152,56
240,56
242,56
323,56
82,57
151,57
241,57
243,57
323,57
82,58
150,58
242,58
322,58
82,59
150,59
243,59
322,59
82,60
149,60
243,60
322,60
83,61
149,61
243,61
322,61
84,62
149,62
243,62
320,62
322,62
84,63
150,63
243,63
319,63
321,63
83,64
150,64
243,64
320,64
322,64
83,65
150,65
242,65
322,65
84,66
150,66
242,66
322,66
84,67
150,67
241,67
322,67
84,68
150,68
241,68
323,68
85,69
151,69
241,69
322,69
83,70
84,70
151,70
240,70
322,70
82,71
151,71
239,71
322,71
83,72
152,72
239,72
322,72
82,73
84,73
153,73
238,73
322,73
81,74
83,74
153,74
238,74
322,74
80,75
154,75
236,75
237,75
320,75
322,75
80,76
155,76
235,76
319,76
321,76
80,77
156,77
236,77
319,77
81,78
156,78
234,78
235,78
319,78
82,79
157,79
232,79
233,79
319,79
81,80
83,80
158,80
231,80
318,80
321,80
82,81
159,81
160,81
229,81
230,81
319,81
320,81
322,81
81,82
159,82
161,82
162,82
227,82
228,82
322,82
81,83
158,83
160,83
163,83
224,83
225,83
226,83
322,83
81,84
159,84
164,84
223,84
322,84
81,85
165,85
166,85
167,85
221,85
222,85
321,85
80,86
168,86
217,86
218,86
219,86
220,86
321,86
80,87
169,87
211,87
212,87
213,87
214,87
215,87
216,87
321,87
80,88
168,88
171,88
172,88
173,88
175,88
210,88
319,88
321,88
80,89
169,89
170,89
174,89
176,89
177,89
179,89
186,89
187,89
188,89
201,89
202,89
203,89
204,89
205,89
206,89
207,89
208,89
209,89
318,89
320,89
81,90
173,90
175,90
178,90
180,90
181,90
182,90
183,90
184,90
185,90
189,90
190,90
191,90
192,90
193,90
194,90
199,90
200,90
318,90
320,90
82,91
174,91
195,91
196,91
197,91
198,91
317,91
319,91
321,91
83,92
318,92
322,92
83,93
321,93
83,94
320,94
322,94
83,95
319,95
321,95
81,96
82,96
320,96
80,97
321,97
81,98
319,98
321,98
82,99
318,99
320,99
82,100
319,100
321,100
82,101
321,101
81,102
83,102
319,102
320,102
80,103
82,103
84,103
318,103
320,103
80,104
83,104
319,104
320,104
80,105
321,105
80,106
321,106
80,107
321,107
79,108
321,108
80,109
321,109
81,110
321,110
81,111
321,111
80,112
321,112
79,113
321,113
79,114
321,114
80,115
320,115
80,116
320,116
79,117
321,117
79,118
321,118
80,119
321,119
79,120
321,120
78,121
80,121
321,121
79,122
81,122
321,122
78,123
80,123
320,123
78,124
320,124
22,125
78,125
320,125
20,126
21,126
23,126
31,126
32,126
77,126
321,126
366,126
18,127
19,127
23,127
30,127
33,127
78,127
321,127
359,127
360,127
361,127
362,127
363,127
364,127
365,127
367,127
17,128
24,128
25,128
26,128
27,128
29,128
34,128
36,128
78,128
321,128
357,128
358,128
368,128
371,128
17,129
28,129
35,129
37,129
39,129
77,129
322,129
355,129
356,129
368,129
370,129
372,129
16,130
36,130
38,130
40,130
77,130
322,130
351,130
352,130
353,130
354,130
369,130
372,130
15,131
37,131
39,131
41,131
42,131
77,131
322,131
349,131
350,131
373,131
15,132
38,132
40,132
43,132
76,132
323,132
347,132
348,132
374,132
375,132
12,133
16,133
39,133
44,133
76,133
323,133
346,133
376,133
11,134
13,134
16,134
45,134
76,134
324,134
344,134
345,134
377,134
10,135
13,135
16,135
46,135
47,135
76,135
325,135
341,135
342,135
343,135
377,135
9,136
14,136
15,136
48,136
75,136
325,136
338,136
339,136
340,136
376,136
8,137
49,137
74,137
326,137
335,137
336,137
337,137
376,137
8,138
49,138
73,138
326,138
331,138
332,138
333,138
334,138
377,138
378,138
7,139
9,139
50,139
73,139
327,139
328,139
329,139
330,139
379,139
6,140
8,140
10,140
51,140
52,140
53,140
54,140
73,140
380,140
6,141
8,141
9,141
55,141
72,141
379,141
7,142
9,142
56,142
57,142
71,142
379,142
382,142
6,143
8,143
58,143
70,143
380,143
381,143
383,143
5,144
7,144
57,144
59,144
60,144
68,144
71,144
382,144
6,145
56,145
58,145
61,145
67,145
69,145
70,145
381,145
5,146
7,146
57,146
62,146
63,146
64,146
65,146
66,146
381,146
4,147
6,147
381,147
3,148
381,148
3,149
25,149
382,149
384,149
4,150
24,150
26,150
383,150
385,150
4,151
23,151
27,151
384,151
4,152
23,152
26,152
384,152
3,153
5,153
24,153
25,153
284,153
384,153
4,154
6,154
283,154
285,154
385,154
3,155
5,155
284,155
385,155
2,156
4,156
386,156
3,157
5,157
386,157
3,158
4,158
385,158
2,159
384,159
2,160
385,160
2,161
385,161
2,162
386,162
1,163
387,163
388,163
1,164
389,164
2,165
387,165
389,165
1,166
3,166
386,166
388,166
2,167
385,167
1,168
386,168
0,169
2,169
386,169
1,170
3,170
385,170
387,170
3,171
384,171
386,171
2,172
384,172
1,173
384,173
2,174
384,174
2,175
385,175
3,176
386,176
3,177
383,177
385,177
3,178
382,178
384,178
2,179
381,179
383,179
3,180
349,180
380,180
3,181
348,181
350,181
381,181
3,182
348,182
350,182
381,182
2,183
348,183
351,183
380,183
1,184
348,184
350,184
377,184
378,184
379,184
2,185
326,185
349,185
376,185
1,186
3,186
325,186
327,186
328,186
329,186
376,186
2,187
324,187
330,187
331,187
332,187
377,187
378,187
1,188
3,188
324,188
333,188
379,188
2,189
323,189
334,189
335,189
337,189
342,189
378,189
3,190
4,190
323,190
336,190
338,190
341,190
343,190
376,190
377,190
5,191
323,191
339,191
340,191
342,191
375,191
5,192
322,192
341,192
343,192
344,192
374,192
5,193
322,193
345,193
373,193
4,194
321,194
346,194
368,194
372,194
4,195
203,195
204,195
321,195
347,195
349,195
367,195
369,195
371,195
5,196
191,196
192,196
193,196
194,196
195,196
196,196
197,196
198,196
199,196
200,196
201,196
202,196
205,196
206,196
321,196
348,196
350,196
351,196
368,196
370,196
5,197
189,197
190,197
207,197
208,197
209,197
210,197
211,197
212,197
213,197
215,197
216,197
321,197
352,197
362,197
367,197
5,198
185,198
186,198
187,198
188,198
214,198
217,198
218,198
219,198
320,198
353,198
361,198
363,198
366,198
5,199
102,199
180,199
181,199
182,199
183,199
184,199
220,199
221,199
222,199
320,199
354,199
355,199
362,199
364,199
365,199
4,200
101,200
103,200
179,200
223,200
224,200
320,200
356,200
357,200
358,200
359,200
360,200
361,200
4,201
102,201
177,201
178,201
225,201
226,201
227,201
228,201
320,201
4,202
174,202
175,202
176,202
229,202
321,202
5,203
171,203
172,203
173,203
230,203
321,203
4,204
169,204
170,204
231,204
232,204
320,204
4,205
167,205
168,205
233,205
234,205
235,205
320,205
5,206
60,206
61,206
62,206
63,206
64,206
65,206
166,206
236,206
239,206
321,206
5,207
57,207
58,207
59,207
66,207
67,207
166,207
237,207
238,207
240,207
321,207
6,208
56,208
68,208
69,208
165,208
237,208
239,208
320,208
7,209
55,209
70,209
165,209
238,209
240,209
321,209
6,210
53,210
54,210
71,210
164,210
239,210
241,210
321,210
6,211
51,211
52,211
72,211
163,211
241,211
321,211
7,212
49,212
50,212
73,212
162,212
241,212
321,212
8,213
48,213
74,213
161,213
241,213
321,213
9,214
10,214
47,214
74,214
160,214
242,214
244,214
321,214
11,215
46,215
75,215
160,215
243,215
245,215
322,215
12,216
45,216
75,216
159,216
242,216
244,216
322,216
13,217
14,217
15,217
16,217
44,217
75,217
159,217
243,217
244,217
322,217
17,218
42,218
43,218
75,218
159,218
245,218
322,218
16,219
39,219
40,219
41,219
76,219
159,219
245,219
322,219
15,220
38,220
76,220
159,220
245,220
322,220
16,221
35,221
36,221
37,221
76,221
159,221
244,221
322,221
17,222
21,222
33,222
34,222
76,222
159,222
244,222
322,222
18,223
19,223
20,223
22,223
23,223
24,223
25,223
26,223
27,223
28,223
29,223
30,223
31,223
32,223
77,223
160,223
244,223
322,223
77,224
160,224
243,224
322,224
78,225
160,225
242,225
322,225
79,226
161,226
242,226
322,226
78,227
80,227
161,227
243,227
322,227
79,228
161,228
242,228
244,228
321,228
78,229
161,229
241,229
243,229
320,229
79,230
162,230
241,230
321,230
322,230
80,231
162,231
241,231
323,231
80,232
163,232
239,232
240,232
322,232
79,233
164,233
238,233
321,233
78,234
165,234
237,234
239,234
240,234
321,234
78,235
165,235
236,235
238,235
241,235
320,235
78,236
166,236
236,236
239,236
240,236
320,236
78,237
167,237
235,237
320,237
78,238
168,238
234,238
321,238
78,239
168,239
233,239
235,239
321,239
78,240
169,240
232,240
234,240
236,240
321,240
78,241
170,241
231,241
235,241
321,241
78,242
170,242
230,242
321,242
78,243
170,243
230,243
322,243
78,244
171,244
229,244
322,244
78,245
172,245
173,245
229,245
321,245
78,246
174,246
228,246
321,246
324,246
78,247
172,247
174,247
227,247
322,247
323,247
325,247
78,248
171,248
173,248
174,248
226,248
325,248
79,249
172,249
175,249
226,249
325,249
80,250
176,250
225,250
325,250
80,251
176,251
224,251
326,251
81,252
177,252
224,252
324,252
326,252
80,253
177,253
224,253
323,253
325,253
79,254
177,254
223,254
324,254
326,254
79,255
178,255
224,255
323,255
324,255
326,255
79,256
178,256
223,256
322,256
325,256
79,257
179,257
223,257
322,257
79,258
179,258
222,258
323,258
325,258
78,259
179,259
222,259
324,259
326,259
79,260
179,260
221,260
326,260
80,261
179,261
221,261
326,261
80,262
180,262
221,262
325,262
80,263
180,263
220,263
324,263
79,264
178,264
180,264
220,264
324,264
326,264
80,265
177,265
179,265
220,265
325,265
327,265
80,266
178,266
221,266
327,266
80,267
177,267
222,267
327,267
80,268
177,268
179,268
222,268
224,268
327,268
79,269
178,269
180,269
223,269
225,269
327,269
79,270
178,270
179,270
222,270
224,270
327,270
80,271
177,271
223,271
327,271
80,272
177,272
224,272
325,272
327,272
80,273
178,273
224,273
324,273
326,273
81,274
178,274
225,274
324,274
80,275
82,275
177,275
226,275
227,275
323,275
81,276
175,276
176,276
228,276
316,276
317,276
318,276
319,276
320,276
321,276
324,276
80,277
173,277
174,277
229,277
231,277
232,277
292,277
293,277
296,277
297,277
298,277
304,277
305,277
306,277
307,277
308,277
309,277
310,277
311,277
312,277
313,277
314,277
315,277
322,277
323,277
81,278
171,278
172,278
230,278
233,278
234,278
235,278
280,278
281,278
282,278
283,278
284,278
285,278
286,278
287,278
288,278
289,278
290,278
291,278
294,278
295,278
299,278
300,278
301,278
302,278
303,278
82,279
160,279
170,279
236,279
237,279
238,279
239,279
243,279
244,279
245,279
246,279
247,279
255,279
256,279
257,279
267,279
268,279
269,279
270,279
271,279
272,279
273,279
274,279
275,279
276,279
277,279
278,279
279,279
82,280
159,280
161,280
167,280
169,280
240,280
241,280
242,280
248,280
249,280
250,280
251,280
252,280
253,280
254,280
258,280
259,280
260,280
261,280
262,280
263,280
264,280
265,280
266,280
81,281
160,281
166,281
168,281
80,282
158,282
159,282
161,282
162,282
163,282
164,282
165,282
80,283
157,283
160,283
80,284
146,284
147,284
148,284
149,284
150,284
151,284
152,284
153,284
154,284
155,284
156,284
81,285
133,285
134,285
135,285
136,285
137,285
138,285
139,285
140,285
141,285
142,285
143,285
144,285
145,285
82,286
108,286
121,286
122,286
123,286
124,286
125,286
126,286
127,286
128,286
129,286
130,286
131,286
132,286
83,287
107,287
109,287
110,287
111,287
112,287
113,287
114,287
115,287
116,287
117,287
118,287
119,287
120,287
83,288
87,288
97,288
98,288
99,288
100,288
101,288
102,288
103,288
104,288
105,288
106,288
108,288
84,289
86,289
88,289
96,289
83,290
87,290
88,290
90,290
91,290
92,290
93,290
94,290
95,290
84,291
85,291
86,291
89,291