5,0
5,1
5,2
5,3
5,4
5,5
5,6
5,7
4,8
4,9
4,10
4,11
4,12
4,13
4,14
3,15
3,16
3,17
3,18
3,19
3,20
3,21
3,22
3,23
3,24
3,25
3,26
2,27
2,28
2,29
2,30
2,31
2,32
2,33
2,34
2,35
2,36
2,37
2,38
2,39
2,40
2,41
1,42
1,43
1,44
1,45
1,46
2,47
1,48
1,49
1,50
1,51
1,52
1,53
1,54
1,55
1,56
1,57
1,58
1,59
1,60
1,61
1,62
0,63
0,64
0,65
0,66
0,67
0,68
0,69
0,70
0,71
0,72
0,73
0,74
2,74
1,75
3,75
0,76
2,76
0,77
0,78
0,79
0,80
49,80
0,81
48,81
50,81
53,81
54,81
55,81
56,81
57,81
58,81
60,81
0,82
47,82
51,82
52,82
59,82
61,82
62,82
0,83
48,83
63,83
0,84
48,84
64,84
65,84
66,84
67,84
0,85
2,85
47,85
68,85
1,86
3,86
46,86
69,86
70,86
3,87
45,87
71,87
3,88
44,88
72,88
1,89
2,89
43,89
73,89
0,90
42,90
74,90
0,91
41,91
75,91
1,92
40,92
75,92
1,93
39,93
76,93
1,94
37,94
38,94
76,94
1,95
36,95
76,95
1,96
35,96
76,96
1,97
34,97
77,97
1,98
28,98
33,98
78,98
80,98
2,99
27,99
29,99
32,99
79,99
81,99
3,100
28,100
30,100
31,100
80,100
3,101
24,101
29,101
79,101
4,102
23,102
25,102
28,102
80,102
5,103
24,103
27,103
80,103
5,104
24,104
25,104
26,104
80,104
6,105
10,105
11,105
14,105
16,105
22,105
23,105
81,105
7,106
9,106
12,106
13,106
15,106
17,106
20,106
21,106
81,106
8,107
14,107
16,107
18,107
19,107
82,107
82,108
82,109
82,110
83,111
83,112
83,113
84,114
84,115
84,116
84,117
84,118
85,119
85,120
85,121
85,122
86,123
86,124
86,125
86,126
85,127
86,128
85,129
86,130
86,131
85,132
85,133
85,134
85,135
85,136
85,137
85,138
85,139
84,140
84,141
84,142
83,143
83,144
83,145
82,146
17,147
18,147
19,147
20,147
21,147
22,147
23,147
24,147
25,147
28,147
82,147
15,148
16,148
26,148
27,148
29,148
81,148
14,149
30,149
80,149
13,150
31,150
32,150
33,150
34,150
79,150
13,151
35,151
79,151
12,152
36,152
37,152
78,152
12,153
38,153
78,153
11,154
39,154
78,154
11,155
40,155
41,155
78,155
11,156
42,156
43,156
77,156
10,157
44,157
45,157
77,157
10,158
46,158
77,158
9,159
47,159
48,159
49,159
77,159
10,160
50,160
75,160
76,160
9,161
51,161
74,161
9,162
52,162
53,162
72,162
73,162
9,163
54,163
55,163
70,163
71,163
9,164
56,164
57,164
67,164
68,164
69,164
9,165
58,165
66,165
9,166
59,166
60,166
61,166
62,166
63,166
64,166
65,166
9,167
9,168
9,169
9,170
9,171
9,172
9,173
8,174
8,175
7,176
8,177
7,178
7,179
7,180
7,181
7,182
7,183
7,184
7,185
7,186
7,187
7,188
7,189
7,190
7,191
7,192
7,193
7,194
7,195
7,196
7,197
7,198
7,199
7,200
7,201
7,202
7,203
6,204
6,205
6,206
6,207
6,208
6,209
6,210
6,211
6,212
6,213
6,214
6,215
6,216
6,217
6,218
6,219
6,220
6,221
6,222
6,223
6,224
6,225
6,226
6,227
6,228
6,229
6,230
6,231
6,232
6,233
5,234
5,235
5,236
5,237
7,237
6,238
8,238
5,239
7,239
5,240
5,241
6,242
6,243
5,244
5,245
5,246
5,247
5,248
5,249
4,250
4,251
4,252