106,0
114,0
115,0
124,0
129,0
130,0
131,0
132,0
133,0
137,0
139,0
140,0
141,0
142,0
145,0
146,0
147,0
148,0
149,0
150,0
153,0
154,0
155,0
156,0
157,0
158,0
159,0
168,0
102,1
103,1
104,1
105,1
107,1
108,1
109,1
110,1
111,1
112,1
113,1
116,1
117,1
118,1
119,1
120,1
121,1
122,1
123,1
125,1
126,1
127,1
128,1
134,1
135,1
136,1
138,1
143,1
144,1
151,1
152,1
160,1
161,1
162,1
163,1
164,1
165,1
166,1
167,1
169,1
170,1
171,1
172,1
173,1
174,1
175,1
176,1
177,1
96,2
97,2
98,2
99,2
100,2
101,2
178,2
179,2
180,2
181,2
182,2
183,2
184,2
95,3
185,3
254,3
255,3
256,3
265,3
95,4
186,4
187,4
246,4
247,4
248,4
249,4
250,4
251,4
252,4
253,4
257,4
258,4
259,4
260,4
261,4
262,4
263,4
264,4
266,4
267,4
268,4
269,4
270,4
271,4
272,4
273,4
275,4
276,4
277,4
278,4
279,4
280,4
281,4
282,4
283,4
284,4
285,4
286,4
287,4
288,4
289,4
290,4
291,4
298,4
299,4
96,5
188,5
244,5
245,5
274,5
292,5
293,5
294,5
295,5
296,5
297,5
300,5
305,5
306,5
307,5
308,5
309,5
313,5
314,5
315,5
316,5
317,5
96,6
189,6
242,6
243,6
301,6
302,6
303,6
304,6
310,6
311,6
312,6
318,6
319,6
320,6
321,6
322,6
323,6
324,6
325,6
326,6
330,6
331,6
332,6
333,6
334,6
335,6
343,6
344,6
352,6
353,6
96,7
190,7
241,7
327,7
328,7
329,7
336,7
337,7
338,7
339,7
340,7
341,7
342,7
345,7
346,7
347,7
348,7
349,7
350,7
351,7
354,7
355,7
356,7
357,7
358,7
359,7
360,7
361,7
368,7
369,7
370,7
96,8
189,8
240,8
362,8
363,8
364,8
365,8
366,8
367,8
371,8
372,8
373,8
374,8
375,8
376,8
377,8
378,8
379,8
385,8
386,8
387,8
388,8
96,9
189,9
238,9
239,9
380,9
381,9
382,9
383,9
384,9
389,9
390,9
391,9
392,9
393,9
394,9
395,9
396,9
96,10
189,10
237,10
397,10
398,10
399,10
96,11
189,11
237,11
400,11
95,12
189,12
237,12
399,12
95,13
188,13
237,13
399,13
95,14
188,14
237,14
399,14
95,15
188,15
237,15
399,15
95,16
187,16
238,16
399,16
95,17
186,17
238,17
399,17
95,18
185,18
239,18
400,18
95,19
185,19
239,19
400,19
95,20
185,20
239,20
399,20
94,21
184,21
240,21
400,21
94,22
183,22
240,22
400,22
94,23
183,23
241,23
400,23
94,24
183,24
242,24
400,24
94,25
182,25
242,25
401,25
94,26
181,26
243,26
401,26
94,27
180,27
243,27
402,27
93,28
180,28
243,28
402,28
92,29
179,29
243,29
401,29
92,30
179,30
243,30
401,30
92,31
178,31
244,31
402,31
92,32
178,32
245,32
402,32
92,33
177,33
246,33
403,33
92,34
176,34
246,34
403,34
92,35
175,35
246,35
403,35
92,36
175,36
247,36
403,36
92,37
174,37
247,37
404,37
91,38
174,38
247,38
403,38
91,39
174,39
248,39
403,39
90,40
174,40
248,40
403,40
90,41
174,41
249,41
404,41
90,42
174,42
249,42
404,42
90,43
173,43
250,43
404,43
90,44
173,44
250,44
405,44
90,45
174,45
251,45
405,45
90,46
174,46
251,46
405,46
89,47
174,47
250,47
405,47
89,48
174,48
250,48
405,48
89,49
175,49
250,49
405,49
89,50
175,50
250,50
405,50
89,51
176,51
250,51
405,51
88,52
176,52
249,52
406,52
88,53
177,53
249,53
406,53
88,54
178,54
248,54
407,54
87,55
179,55
246,55
247,55
407,55
87,56
180,56
181,56
245,56
406,56
31,57
32,57
33,57
87,57
182,57
244,57
407,57
29,58
30,58
34,58
35,58
36,58
37,58
38,58
39,58
40,58
41,58
42,58
43,58
87,58
183,58
243,58
407,58
23,59
24,59
26,59
27,59
28,59
44,59
45,59
46,59
47,59
48,59
49,59
86,59
184,59
242,59
407,59
21,60
22,60
25,60
50,60
85,60
185,60
186,60
187,60
241,60
407,60
20,61
51,61
85,61
188,61
240,61
408,61
17,62
18,62
19,62
51,62
85,62
189,62
190,62
239,62
408,62
16,63
52,63
53,63
84,63
191,63
238,63
408,63
15,64
54,64
55,64
83,64
192,64
234,64
235,64
236,64
237,64
408,64
14,65
56,65
57,65
82,65
193,65
194,65
233,65
408,65
13,66
58,66
59,66
82,66
195,66
196,66
197,66
198,66
229,66
230,66
231,66
232,66
408,66
13,67
60,67
81,67
199,67
225,67
226,67
227,67
228,67
408,67
12,68
61,68
62,68
63,68
64,68
65,68
66,68
79,68
80,68
200,68
201,68
202,68
223,68
224,68
409,68
11,69
67,69
76,69
78,69
203,69
204,69
205,69
206,69
207,69
208,69
215,69
216,69
217,69
221,69
222,69
409,69
10,70
68,70
69,70
70,70
71,70
72,70
73,70
74,70
75,70
77,70
209,70
210,70
211,70
212,70
213,70
214,70
218,70
219,70
220,70
409,70
9,71
409,71
9,72
409,72
8,73
409,73
8,74
409,74
8,75
409,75
8,76
409,76
6,77
7,77
409,77
5,78
409,78
5,79
409,79
4,80
409,80
4,81
346,81
347,81
348,81
349,81
350,81
351,81
352,81
353,81
354,81
355,81
356,81
357,81
409,81
4,82
343,82
344,82
345,82
358,82
409,82
3,83
341,83
342,83
359,83
360,83
361,83
408,83
3,84
339,84
340,84
362,84
363,84
364,84
365,84
407,84
3,85
338,85
366,85
407,85
2,86
336,86
337,86
367,86
407,86
1,87
335,87
368,87
369,87
370,87
371,87
407,87
1,88
335,88
372,88
407,88
0,89
334,89
373,89
374,89
407,89
0,90
333,90
375,90
406,90
1,91
333,91
376,91
377,91
405,91
2,92
332,92
378,92
379,92
405,92
3,93
332,93
380,93
381,93
405,93
3,94
331,94
382,94
404,94
2,95
330,95
383,95
403,95
2,96
329,96
384,96
385,96
386,96
387,96
403,96
3,97
329,97
388,97
389,97
390,97
391,97
400,97
401,97
402,97
3,98
328,98
392,98
396,98
397,98
398,98
399,98
4,99
328,99
393,99
394,99
395,99
4,100
328,100
4,101
327,101
5,102
327,102
5,103
326,103
4,104
325,104
4,105
325,105
5,106
325,106
6,107
325,107
7,108
325,108
7,109
326,109
7,110
325,110
8,111
325,111
9,112
325,112
9,113
324,113
10,114
323,114
11,115
323,115
12,116
324,116
13,117
69,117
70,117
71,117
72,117
73,117
324,117
13,118
61,118
62,118
63,118
64,118
66,118
67,118
68,118
74,118
75,118
76,118
77,118
78,118
324,118
14,119
15,119
60,119
65,119
79,119
80,119
324,119
16,120
58,120
59,120
81,120
324,120
17,121
54,121
55,121
57,121
82,121
324,121
18,122
19,122
53,122
56,122
82,122
323,122
20,123
51,123
52,123
83,123
324,123
21,124
22,124
49,124
50,124
83,124
325,124
23,125
24,125
25,125
48,125
84,125
325,125
26,126
27,126
28,126
29,126
47,126
84,126
325,126
30,127
31,127
32,127
33,127
34,127
35,127
36,127
37,127
41,127
42,127
43,127
44,127
45,127
46,127
85,127
325,127
38,128
39,128
40,128
86,128
325,128
86,129
326,129
86,130
326,130
87,131
326,131
87,132
326,132
87,133
327,133
88,134
328,134
87,135
328,135
87,136
329,136
87,137
330,137
87,138
331,138
88,139
332,139
88,140
332,140
88,141
333,141
88,142
333,142
89,143
333,143
88,144
334,144
88,145
335,145
88,146
336,146
384,146
385,146
386,146
387,146
388,146
389,146
391,146
88,147
336,147
382,147
383,147
390,147
392,147
393,147
394,147
395,147
396,147
88,148
194,148
195,148
198,148
199,148
200,148
201,148
202,148
203,148
337,148
379,148
380,148
381,148
397,148
89,149
183,149
184,149
185,149
186,149
188,149
189,149
190,149
191,149
192,149
193,149
196,149
197,149
204,149
205,149
206,149
207,149
208,149
209,149
210,149
211,149
212,149
337,149
377,149
378,149
397,149
89,150
177,150
179,150
180,150
181,150
182,150
187,150
213,150
214,150
215,150
216,150
217,150
218,150
219,150
220,150
221,150
338,150
375,150
376,150
398,150
399,150
89,151
174,151
175,151
176,151
178,151
222,151
339,151
371,151
373,151
374,151
400,151
88,152
172,152
173,152
223,152
224,152
225,152
226,152
227,152
228,152
229,152
340,152
341,152
342,152
343,152
344,152
369,152
370,152
372,152
400,152
88,153
171,153
230,153
345,153
368,153
400,153
89,154
167,154
168,154
169,154
170,154
231,154
232,154
233,154
234,154
346,154
365,154
366,154
367,154
400,154
89,155
165,155
166,155
235,155
236,155
237,155
347,155
360,155
361,155
362,155
363,155
364,155
400,155
89,156
164,156
238,156
348,156
349,156
350,156
353,156
357,156
358,156
359,156
400,156
89,157
163,157
238,157
351,157
352,157
354,157
355,157
356,157
401,157
89,158
162,158
239,158
240,158
241,158
242,158
401,158
89,159
161,159
243,159
244,159
402,159
90,160
159,160
160,160
245,160
402,160
89,161
158,161
246,161
401,161
89,162
157,162
247,162
401,162
89,163
157,163
248,163
401,163
90,164
156,164
248,164
401,164
90,165
155,165
249,165
401,165
90,166
155,166
250,166
401,166
90,167
155,167
251,167
401,167
90,168
155,168
252,168
401,168
91,169
154,169
253,169
401,169
90,170
154,170
253,170
400,170
90,171
154,171
253,171
400,171
90,172
154,172
254,172
400,172
91,173
154,173
254,173
400,173
91,174
153,174
254,174
400,174
91,175
153,175
255,175
399,175
91,176
153,176
255,176
399,176
91,177
154,177
255,177
399,177
91,178
154,178
255,178
399,178
90,179
155,179
254,179
398,179
91,180
156,180
254,180
398,180
91,181
157,181
254,181
398,181
91,182
157,182
253,182
398,182
91,183
157,183
253,183
398,183
92,184
157,184
252,184
398,184
92,185
158,185
252,185
398,185
92,186
159,186
251,186
397,186
92,187
159,187
251,187
397,187
91,188
160,188
249,188
250,188
396,188
92,189
160,189
248,189
396,189
92,190
161,190
247,190
396,190
92,191
162,191
247,191
396,191
92,192
162,192
245,192
246,192
396,192
93,193
163,193
244,193
396,193
93,194
164,194
244,194
396,194
93,195
164,195
243,195
395,195
93,196
164,196
242,196
394,196
92,197
165,197
241,197
394,197
92,198
165,198
240,198
394,198
93,199
166,199
240,199
394,199
93,200
166,200
239,200
394,200
93,201
165,201
238,201
394,201
93,202
166,202
238,202
394,202
93,203
166,203
238,203
394,203
93,204
166,204
237,204
394,204
92,205
167,205
236,205
393,205
93,206
167,206
235,206
393,206
93,207
167,207
235,207
392,207
93,208
167,208
235,208
392,208
93,209
167,209
235,209
392,209
94,210
166,210
235,210
392,210
95,211
96,211
97,211
98,211
167,211
235,211
392,211
99,212
100,212
101,212
102,212
103,212
167,212
234,212
392,212
104,213
105,213
106,213
107,213
167,213
233,213
391,213
108,214
109,214
110,214
111,214
112,214
167,214
233,214
390,214
113,215
114,215
115,215
116,215
117,215
118,215
167,215
234,215
390,215
119,216
120,216
166,216
234,216
390,216
121,217
122,217
123,217
124,217
163,217
164,217
165,217
235,217
390,217
125,218
126,218
127,218
128,218
129,218
130,218
161,218
162,218
235,218
390,218
131,219
132,219
133,219
134,219
135,219
136,219
137,219
138,219
155,219
159,219
160,219
236,219
390,219
139,220
140,220
141,220
142,220
143,220
144,220
153,220
154,220
156,220
157,220
158,220
237,220
390,220
145,221
146,221
148,221
149,221
150,221
151,221
152,221
238,221
390,221
147,222
239,222
389,222
240,223
389,223
241,224
242,224
243,224
389,224
244,225
389,225
245,226
246,226
247,226
248,226
249,226
250,226
389,226
251,227
252,227
257,227
258,227
259,227
260,227
261,227
388,227
253,228
254,228
255,228
256,228
262,228
263,228
264,228
265,228
266,228
267,228
268,228
269,228
388,228
270,229
271,229
272,229
273,229
274,229
275,229
276,229
277,229
278,229
388,229
279,230
280,230
281,230
282,230
283,230
284,230
285,230
286,230
287,230
292,230
293,230
294,230
295,230
296,230
388,230
288,231
289,231
290,231
291,231
297,231
298,231
299,231
300,231
301,231
302,231
303,231
304,231
387,231
305,232
306,232
307,232
308,232
309,232
310,232
311,232
312,232
313,232
387,232
314,233
315,233
316,233
317,233
318,233
319,233
320,233
321,233
322,233
386,233
323,234
324,234
325,234
326,234
327,234
328,234
329,234
330,234
331,234
386,234
332,235
333,235
334,235
335,235
336,235
337,235
338,235
339,235
386,235
340,236
341,236
342,236
343,236
344,236
345,236
346,236
347,236
348,236
350,236
357,236
386,236
349,237
351,237
352,237
353,237
354,237
355,237
356,237
358,237
359,237
360,237
361,237
362,237
363,237
364,237
365,237
366,237
386,237
367,238
368,238
369,238
370,238
371,238
372,238
373,238
374,238
386,238
375,239
376,239
377,239
378,239
379,239
380,239
381,239
382,239
383,239
385,239
384,240