5,0
5,1
5,2
5,3
5,4
5,5
4,6
4,7
4,8
4,9
4,10
4,11
4,12
3,13
3,14
3,15
3,16
3,17
4,18
3,19
3,20
5,20
4,21
6,21
3,22
5,22
3,23
3,24
3,25
3,26
3,27
2,28
2,29
1,30
2,31
2,32
2,33
2,34
2,35
2,36
1,37
2,38
2,39
2,40
1,41
3,41
2,42
1,43
1,44
1,45
1,46
0,47
0,48
0,49
0,50
0,51
0,52
0,53
0,54
46,54
47,54
0,55
44,55
45,55
48,55
49,55
50,55
51,55
52,55
55,55
1,56
43,56
53,56
54,56
56,56
57,56
1,57
42,57
58,57
59,57
1,58
41,58
60,58
1,59
40,59
61,59
1,60
39,60
61,60
1,61
37,61
38,61
62,61
63,61
1,62
35,62
36,62
64,62
1,63
34,63
65,63
2,64
32,64
33,64
66,64
2,65
30,65
31,65
67,65
3,66
24,66
29,66
67,66
2,67
23,67
25,67
26,67
27,67
29,67
68,67
3,68
24,68
28,68
68,68
4,69
22,69
24,69
69,69
5,70
20,70
21,70
23,70
70,70
6,71
7,71
8,71
10,71
11,71
12,71
13,71
14,71
15,71
16,71
17,71
18,71
19,71
71,71
9,72
72,72
72,73
73,74
73,75
73,76
73,77
74,78
74,79
74,80
74,81
74,82
75,83
76,84
75,85
76,86
75,87
78,87
75,88
77,88
79,88
76,89
79,89
79,90
79,91
78,92
77,93
77,94
77,95
77,96
77,97
77,98
77,99
77,100
77,101
77,102
77,103
77,104
77,105
77,106
77,107
77,108
77,109
77,110
77,111
77,112
77,113
77,114
77,115
77,116
77,117
77,118
77,119
76,120
76,121
76,122
76,123
76,124
77,125
77,126
76,127
76,128
76,129
75,130
75,131
74,132
74,133
74,134
74,135
74,136
73,137
72,138
12,139
13,139
14,139
15,139
16,139
17,139
18,139
19,139
20,139
72,139
11,140
21,140
22,140
23,140
24,140
72,140
10,141
25,141
26,141
72,141
9,142
27,142
28,142
29,142
71,142
8,143
30,143
70,143
7,144
31,144
70,144
6,145
32,145
70,145
6,146
33,146
34,146
69,146
5,147
35,147
36,147
67,147
68,147
5,148
37,148
66,148
5,149
38,149
65,149
5,150
39,150
64,150
4,151
40,151
63,151
4,152
41,152
62,152
3,153
42,153
43,153
44,153
61,153
3,154
45,154
46,154
58,154
59,154
60,154
3,155
47,155
48,155
56,155
57,155
3,156
49,156
55,156
3,157
48,157
54,157
3,158
49,158
55,158
3,159
50,159
51,159
54,159
56,159
57,159
3,160
52,160
55,160
58,160
3,161
52,161
58,161
3,162
52,162
57,162
3,163
53,163
56,163
3,164
54,164
55,164
3,165
3,166
3,167
3,168
3,169
3,170
3,171
3,172
3,173
3,174
3,175
3,176
3,177
3,178
3,179
4,180
4,181
4,182
4,183
4,184
4,185
4,186
4,187
4,188
4,189
4,190
4,191
4,192
3,193
3,194
3,195
3,196
3,197
3,198
3,199
4,200
4,201
4,202
4,203
4,204
3,205
3,206
3,207
3,208
3,209
3,210
3,211
3,212
3,213
3,214
3,215
3,216
3,217
3,218
3,219
3,220
3,221
3,222
3,223
3,224
3,225
3,226
3,227
3,228
2,229
2,230
2,231
2,232
3,233
4,234
4,235
3,236
3,237
5,237
4,238
6,238
3,239
5,239
3,240
3,241
3,242
3,243
3,244
3,245
3,246
3,247
3,248
3,249
3,250
3,251
3,252
3,253
3,254
3,255
3,256
3,257
2,258
2,259
2,260
2,261
3,262
3,263
3,264
3,265
3,266
3,267
3,268
3,269
3,270
3,271
3,272
2,273
3,274
3,275
3,276
3,277
2,278
2,279
3,280
2,281
2,282
2,283
3,284
2,285
3,286
2,287
3,288
3,289
3,290
3,291
4,292