86,0
86,1
86,2
85,3
85,4
85,5
85,6
84,7
84,8
84,9
84,10
84,11
84,12
84,13
84,14
83,15
83,16
83,17
83,18
83,19
83,20
83,21
83,22
83,23
83,24
82,25
82,26
82,27
82,28
82,29
82,30
82,31
82,32
81,33
81,34
81,35
81,36
81,37
81,38
81,39
81,40
81,41
80,42
80,43
80,44
80,45
80,46
80,47
80,48
80,49
80,50
80,51
79,52
80,53
80,54
80,55
80,56
80,57
80,58
80,59
80,60
79,61
79,62
79,63
79,64
79,65
79,66
26,67
79,67
24,68
25,68
27,68
28,68
29,68
78,68
22,69
23,69
30,69
31,69
32,69
33,69
34,69
78,69
20,70
21,70
35,70
78,70
19,71
36,71
78,71
17,72
18,72
37,72
77,72
16,73
38,73
77,73
15,74
17,74
39,74
40,74
77,74
14,75
16,75
18,75
41,75
77,75
13,76
17,76
42,76
76,76
12,77
43,77
44,77
76,77
11,78
45,78
76,78
11,79
45,79
75,79
10,80
46,80
47,80
75,80
9,81
48,81
49,81
74,81
8,82
50,82
74,82
7,83
51,83
73,83
7,84
52,84
73,84
7,85
53,85
54,85
73,85
6,86
55,86
72,86
5,87
56,87
72,87
5,88
57,88
58,88
59,88
70,88
71,88
4,89
60,89
68,89
69,89
4,90
61,90
62,90
63,90
64,90
65,90
66,90
67,90
4,91
3,92
3,93
2,94
2,95
2,96
2,97
1,98
1,99
2,100
1,101
1,102
0,103
0,104
0,105
0,106
0,107
0,108
0,109
0,110
0,111
0,112
0,113
0,114
0,115
0,116
0,117
0,118
0,119
0,120
0,121
0,122
0,123
0,124
0,125
0,126
0,127
0,128
1,129
1,130
1,131
1,132
1,133
1,134
4,134
2,135
3,135
5,135
2,136
4,136
2,137
3,138
3,139
3,140
69,140
4,141
64,141
65,141
66,141
67,141
68,141
70,141
4,142
61,142
62,142
63,142
71,142
5,143
58,143
59,143
60,143
72,143
73,143
5,144
56,144
57,144
74,144
6,145
55,145
74,145
6,146
52,146
53,146
54,146
75,146
7,147
51,147
75,147
7,148
49,148
50,148
76,148
8,149
47,149
48,149
76,149
9,150
46,150
77,150
9,151
45,151
77,151
10,152
44,152
77,152
11,153
43,153
77,153
12,154
41,154
42,154
78,154
13,155
40,155
78,155
14,156
37,156
38,156
39,156
78,156
15,157
36,157
78,157
16,158
35,158
78,158
17,159
18,159
19,159
33,159
34,159
78,159
20,160
32,160
78,160
21,161
22,161
23,161
24,161
25,161
26,161
27,161
28,161
29,161
30,161
31,161
78,161
79,162
79,163
79,164
79,165
79,166
79,167
79,168
79,169
79,170
79,171
79,172
79,173
80,174
80,175
80,176
80,177
80,178
80,179
80,180
80,181
80,182
80,183
80,184
80,185
80,186
80,187
80,188
80,189
80,190
80,191
80,192
80,193
81,194
81,195
81,196
81,197
81,198
81,199
81,200
81,201
81,202
81,203
81,204
81,205
81,206
81,207
81,208
81,209
81,210
81,211
82,212
82,213
82,214
82,215
82,216
82,217
82,218
82,219
82,220
82,221
82,222
82,223
83,224
83,225
83,226
83,227
83,228
83,229
84,230
83,231
83,232
84,233
85,234