198,0
199,0
200,0
201,0
202,0
203,0
204,0
205,0
206,0
207,0
195,1
196,1
197,1
208,1
190,2
191,2
192,2
193,2
194,2
209,2
210,2
211,2
188,3
189,3
212,3
213,3
214,3
185,4
186,4
187,4
215,4
216,4
217,4
183,5
184,5
218,5
219,5
220,5
180,6
181,6
182,6
221,6
179,7
222,7
177,8
178,8
223,8
175,9
176,9
224,9
173,10
174,10
225,10
171,11
172,11
226,11
227,11
170,12
228,12
229,12
170,13
230,13
169,14
231,14
168,15
232,15
168,16
233,16
167,17
234,17
167,18
235,18
167,19
235,19
167,20
236,20
166,21
237,21
166,22
237,22
166,23
238,23
166,24
237,24
166,25
238,25
166,26
238,26
166,27
238,27
166,28
238,28
166,29
239,29
166,30
239,30
167,31
239,31
167,32
239,32
167,33
239,33
167,34
239,34
168,35
239,35
168,36
239,36
168,37
239,37
168,38
238,38
168,39
237,39
169,40
237,40
169,41
237,41
169,42
236,42
170,43
236,43
171,44
235,44
171,45
235,45
171,46
234,46
172,47
234,47
173,48
233,48
173,49
233,49
174,50
233,50
174,51
233,51
174,52
232,52
174,53
232,53
174,54
231,54
175,55
230,55
175,56
229,56
175,57
229,57
175,58
229,58
176,59
228,59
176,60
228,60
176,61
228,61
177,62
228,62
177,63
228,63
177,64
228,64
77,65
79,65
177,65
228,65
76,66
78,66
80,66
177,66
228,66
76,67
81,67
82,67
83,67
84,67
85,67
86,67
87,67
88,67
89,67
177,67
228,67
76,68
90,68
91,68
92,68
93,68
94,68
95,68
96,68
176,68
228,68
76,69
97,69
98,69
99,69
100,69
101,69
102,69
103,69
176,69
229,69
76,70
104,70
105,70
106,70
107,70
108,70
109,70
176,70
228,70
76,71
110,71
111,71
175,71
229,71
76,72
112,72
113,72
114,72
115,72
116,72
117,72
118,72
119,72
120,72
121,72
122,72
123,72
174,72
229,72
77,73
124,73
125,73
126,73
127,73
173,73
230,73
77,74
128,74
129,74
130,74
131,74
132,74
133,74
172,74
231,74
77,75
134,75
135,75
136,75
137,75
138,75
139,75
140,75
141,75
142,75
170,75
171,75
232,75
77,76
143,76
144,76
168,76
169,76
233,76
234,76
77,77
145,77
146,77
147,77
148,77
149,77
150,77
151,77
152,77
153,77
154,77
155,77
156,77
157,77
158,77
163,77
164,77
165,77
166,77
167,77
235,77
77,78
159,78
160,78
161,78
162,78
236,78
77,79
237,79
238,79
239,79
77,80
240,80
241,80
242,80
243,80
244,80
77,81
245,81
246,81
247,81
248,81
249,81
250,81
251,81
77,82
252,82
253,82
254,82
255,82
256,82
257,82
258,82
259,82
260,82
261,82
262,82
263,82
264,82
265,82
266,82
267,82
77,83
268,83
269,83
270,83
271,83
272,83
273,83
274,83
275,83
276,83
277,83
278,83
279,83
280,83
281,83
282,83
77,84
283,84
284,84
285,84
286,84
287,84
288,84
289,84
290,84
291,84
292,84
293,84
294,84
295,84
296,84
297,84
77,85
298,85
77,86
299,86
300,86
301,86
302,86
303,86
304,86
305,86
306,86
307,86
308,86
309,86
310,86
311,86
312,86
313,86
78,87
314,87
315,87
316,87
317,87
318,87
319,87
320,87
321,87
322,87
323,87
324,87
325,87
326,87
327,87
328,87
329,87
78,88
330,88
331,88
332,88
333,88
334,88
335,88
336,88
337,88
338,88
339,88
340,88
341,88
342,88
343,88
344,88
78,89
345,89
346,89
347,89
348,89
349,89
350,89
351,89
352,89
353,89
354,89
355,89
356,89
357,89
358,89
359,89
360,89
78,90
361,90
362,90
363,90
368,90
369,90
79,91
364,91
365,91
366,91
367,91
370,91
79,92
371,92
79,93
371,93
79,94
371,94
79,95
371,95
78,96
371,96
78,97
371,97
78,98
371,98
78,99
371,99
79,100
371,100
79,101
371,101
79,102
371,102
79,103
371,103
79,104
371,104
79,105
370,105
79,106
369,106
79,107
369,107
79,108
369,108
79,109
369,109
79,110
369,110
80,111
369,111
79,112
369,112
80,113
369,113
80,114
368,114
80,115
368,115
80,116
368,116
80,117
368,117
80,118
368,118
80,119
368,119
80,120
368,120
80,121
367,121
80,122
367,122
80,123
367,123
81,124
367,124
81,125
366,125
81,126
366,126
81,127
366,127
80,128
366,128
80,129
366,129
80,130
366,130
80,131
366,131
80,132
366,132
81,133
366,133
81,134
366,134
81,135
366,135
81,136
365,136
81,137
364,137
81,138
364,138
81,139
364,139
81,140
364,140
82,141
364,141
82,142
364,142
81,143
364,143
81,144
364,144
81,145
363,145
81,146
363,146
81,147
363,147
81,148
363,148
82,149
363,149
82,150
363,150
82,151
305,151
306,151
307,151
308,151
309,151
310,151
311,151
363,151
82,152
304,152
312,152
362,152
82,153
302,153
303,153
313,153
314,153
315,153
361,153
82,154
300,154
301,154
316,154
361,154
82,155
299,155
317,155
360,155
82,156
298,156
318,156
319,156
360,156
82,157
297,157
320,157
360,157
83,158
295,158
296,158
321,158
359,158
82,159
294,159
322,159
323,159
324,159
359,159
82,160
293,160
325,160
326,160
359,160
82,161
293,161
327,161
358,161
82,162
292,162
328,162
357,162
82,163
292,163
329,163
330,163
356,163
22,164
23,164
24,164
25,164
26,164
27,164
28,164
29,164
30,164
82,164
291,164
331,164
332,164
355,164
20,165
21,165
31,165
82,165
290,165
333,165
355,165
19,166
32,166
33,166
82,166
288,166
289,166
334,166
335,166
354,166
17,167
18,167
34,167
35,167
81,167
287,167
336,167
337,167
338,167
352,167
353,167
16,168
36,168
37,168
81,168
287,168
339,168
340,168
341,168
342,168
350,168
351,168
15,169
38,169
39,169
81,169
287,169
343,169
348,169
349,169
14,170
40,170
81,170
287,170
344,170
345,170
346,170
347,170
13,171
41,171
42,171
81,171
287,171
11,172
12,172
43,172
80,172
287,172
10,173
44,173
80,173
286,173
9,174
45,174
79,174
286,174
9,175
45,175
79,175
286,175
9,176
46,176
79,176
286,176
8,177
47,177
48,177
78,177
286,177
8,178
49,178
77,178
285,178
7,179
50,179
77,179
285,179
7,180
51,180
52,180
76,180
285,180
7,181
53,181
75,181
284,181
6,182
54,182
55,182
74,182
284,182
6,183
56,183
57,183
58,183
74,183
283,183
5,184
59,184
73,184
283,184
5,185
60,185
61,185
72,185
283,185
5,186
62,186
63,186
64,186
69,186
70,186
71,186
282,186
5,187
65,187
66,187
67,187
68,187
282,187
4,188
282,188
4,189
282,189
4,190
282,190
3,191
282,191
3,192
282,192
3,193
282,193
3,194
282,194
3,195
282,195
2,196
281,196
2,197
281,197
2,198
282,198
2,199
282,199
2,200
282,200
2,201
282,201
2,202
282,202
1,203
282,203
1,204
282,204
1,205
282,205
1,206
282,206
1,207
282,207
1,208
282,208
1,209
282,209
1,210
283,210
1,211
283,211
1,212
282,212
1,213
282,213
1,214
282,214
1,215
283,215
1,216
283,216
1,217
283,217
1,218
283,218
0,219
284,219
0,220
284,220
0,221
284,221
1,222
285,222
1,223
285,223
1,224
285,224
1,225
285,225
1,226
286,226
2,227
286,227
2,228
286,228
2,229
286,229
3,230
286,230
3,231
286,231
3,232
287,232
337,232
338,232
339,232
340,232
342,232
343,232
344,232
345,232
346,232
347,232
348,232
349,232
4,233
288,233
335,233
336,233
341,233
350,233
351,233
3,234
289,234
333,234
334,234
352,234
353,234
4,235
58,235
59,235
61,235
62,235
63,235
64,235
65,235
66,235
289,235
330,235
331,235
332,235
354,235
4,236
56,236
57,236
60,236
67,236
290,236
329,236
354,236
4,237
55,237
68,237
69,237
70,237
71,237
291,237
328,237
355,237
4,238
54,238
72,238
292,238
327,238
355,238
5,239
51,239
52,239
53,239
73,239
293,239
323,239
324,239
325,239
326,239
356,239
6,240
49,240
50,240
73,240
293,240
322,240
356,240
6,241
48,241
74,241
294,241
295,241
321,241
357,241
6,242
47,242
75,242
296,242
320,242
357,242
7,243
45,243
46,243
75,243
297,243
319,243
358,243
7,244
43,244
44,244
76,244
298,244
315,244
316,244
317,244
318,244
358,244
8,245
42,245
77,245
299,245
300,245
302,245
303,245
304,245
305,245
306,245
314,245
359,245
9,246
10,246
41,246
77,246
301,246
307,246
308,246
312,246
313,246
358,246
11,247
40,247
77,247
309,247
310,247
311,247
358,247
12,248
39,248
78,248
359,248
13,249
38,249
78,249
359,249
13,250
36,250
37,250
79,250
359,250
13,251
34,251
35,251
79,251
359,251
14,252
33,252
78,252
359,252
15,253
16,253
32,253
79,253
360,253
17,254
31,254
79,254
360,254
18,255
19,255
20,255
21,255
27,255
31,255
79,255
360,255
22,256
23,256
24,256
25,256
26,256
28,256
29,256
30,256
79,256
360,256
79,257
360,257
79,258
360,258
79,259
360,259
79,260
360,260
80,261
359,261
80,262
180,262
181,262
182,262
183,262
359,262
80,263
178,263
179,263
184,263
185,263
186,263
359,263
80,264
176,264
177,264
187,264
188,264
359,264
80,265
174,265
175,265
189,265
190,265
191,265
192,265
193,265
194,265
195,265
198,265
359,265
80,266
173,266
196,266
197,266
199,266
200,266
359,266
80,267
169,267
170,267
171,267
172,267
201,267
202,267
203,267
359,267
79,268
165,268
166,268
167,268
168,268
204,268
359,268
79,269
163,269
164,269
205,269
206,269
207,269
359,269
79,270
160,270
161,270
162,270
208,270
359,270
79,271
158,271
159,271
209,271
359,271
79,272
157,272
210,272
211,272
359,272
80,273
156,273
212,273
359,273
79,274
155,274
213,274
214,274
359,274
79,275
154,275
215,275
359,275
79,276
154,276
215,276
359,276
79,277
154,277
216,277
358,277
79,278
153,278
216,278
358,278
79,279
152,279
217,279
218,279
358,279
79,280
151,280
219,280
359,280
80,281
150,281
220,281
359,281
80,282
150,282
220,282
359,282
79,283
150,283
220,283
359,283
78,284
150,284
220,284
359,284
78,285
150,285
220,285
359,285
78,286
149,286
221,286
359,286
78,287
149,287
221,287
359,287
79,288
149,288
221,288
359,288
79,289
149,289
221,289
359,289
79,290
149,290
222,290
359,290
79,291
150,291
223,291
359,291
79,292
150,292
223,292
359,292
79,293
150,293
222,293
359,293
79,294
150,294
223,294
359,294
78,295
150,295
224,295
358,295
78,296
151,296
224,296
358,296
79,297
151,297
224,297
359,297
79,298
151,298
223,298
359,298
78,299
151,299
223,299
359,299
78,300
152,300
222,300
359,300
78,301
151,301
222,301
359,301
78,302
152,302
222,302
359,302
78,303
152,303
222,303
359,303
78,304
153,304
221,304
359,304
78,305
153,305
221,305
359,305
78,306
154,306
220,306
359,306
78,307
154,307
220,307
359,307
78,308
155,308
219,308
358,308
78,309
155,309
219,309
358,309
78,310
156,310
218,310
358,310
78,311
156,311
218,311
358,311
78,312
157,312
217,312
358,312
78,313
157,313
217,313
358,313
78,314
158,314
216,314
359,314
77,315
158,315
215,315
359,315
77,316
158,316
215,316
359,316
77,317
158,317
214,317
359,317
77,318
158,318
214,318
359,318
77,319
158,319
213,319
359,319
77,320
159,320
212,320
359,320
77,321
159,321
212,321
359,321
77,322
159,322
211,322
359,322
77,323
160,323
211,323
359,323
77,324
160,324
211,324
358,324
77,325
161,325
211,325
358,325
77,326
161,326
210,326
358,326
77,327
161,327
210,327
358,327
77,328
161,328
210,328
358,328
77,329
161,329
210,329
358,329
76,330
161,330
210,330
358,330
76,331
161,331
210,331
359,331
77,332
161,332
211,332
359,332
76,333
160,333
211,333
359,333
76,334
161,334
210,334
358,334
76,335
160,335
211,335
359,335
76,336
159,336
212,336
359,336
76,337
159,337
213,337
359,337
76,338
158,338
214,338
348,338
349,338
350,338
359,338
76,339
156,339
157,339
215,339
216,339
217,339
299,339
300,339
301,339
302,339
303,339
311,339
312,339
313,339
314,339
315,339
316,339
317,339
318,339
319,339
320,339
321,339
329,339
330,339
331,339
335,339
336,339
344,339
345,339
346,339
347,339
351,339
352,339
356,339
357,339
358,339
76,340
155,340
218,340
219,340
220,340
221,340
258,340
272,340
273,340
274,340
284,340
285,340
286,340
287,340
288,340
289,340
295,340
296,340
297,340
298,340
304,340
305,340
306,340
307,340
308,340
309,340
310,340
322,340
323,340
324,340
325,340
326,340
327,340
328,340
332,340
333,340
334,340
337,340
338,340
339,340
340,340
341,340
342,340
343,340
353,340
354,340
355,340
76,341
149,341
152,341
153,341
154,341
222,341
223,341
224,341
225,341
226,341
227,341
235,341
236,341
237,341
238,341
239,341
240,341
241,341
242,341
243,341
247,341
248,341
249,341
250,341
251,341
252,341
253,341
254,341
255,341
256,341
257,341
259,341
260,341
261,341
262,341
263,341
264,341
265,341
266,341
267,341
268,341
269,341
270,341
271,341
275,341
276,341
277,341
278,341
279,341
280,341
281,341
282,341
283,341
290,341
291,341
292,341
293,341
294,341
76,342
146,342
147,342
148,342
150,342
151,342
228,342
229,342
230,342
231,342
232,342
233,342
234,342
244,342
245,342
246,342
76,343
134,343
140,343
141,343
142,343
143,343
144,343
145,343
76,344
126,344
127,344
128,344
129,344
130,344
131,344
132,344
133,344
135,344
136,344
137,344
138,344
139,344
76,345
110,345
112,345
113,345
115,345
116,345
117,345
118,345
120,345
121,345
122,345
123,345
124,345
125,345
77,346
78,346
79,346
80,346
81,346
86,346
87,346
91,346
92,346
93,346
94,346
95,346
96,346
97,346
98,346
99,346
100,346
101,346
102,346
106,346
107,346
108,346
109,346
111,346
114,346
119,346
82,347
83,347
84,347
85,347
88,347
89,347
90,347
103,347
104,347
105,347