73,0
73,1
73,2
74,3
74,4
74,5
74,6
74,7
74,8
74,9
74,10
74,11
74,12
74,13
74,14
74,15
74,16
75,17
75,18
75,19
75,20
75,21
75,22
75,23
74,24
74,25
74,26
76,26
75,27
77,27
74,28
76,28
74,29
74,30
74,31
74,32
74,33
76,33
75,34
77,34
74,35
76,35
74,36
74,37
74,38
75,39
75,40
75,41
74,42
74,43
74,44
74,45
74,46
73,47
74,48
75,49
75,50
75,51
75,52
75,53
75,54
75,55
75,56
75,57
75,58
75,59
75,60
75,61
74,62
74,63
74,64
74,65
74,66
74,67
74,68
74,69
74,70
73,71
73,72
72,73
74,73
73,74
75,74
20,75
21,75
22,75
23,75
24,75
25,75
26,75
27,75
28,75
75,75
19,76
29,76
30,76
72,76
75,76
17,77
18,77
31,77
32,77
71,77
73,77
74,77
16,78
33,78
71,78
14,79
15,79
34,79
35,79
36,79
37,79
70,79
13,80
38,80
39,80
70,80
12,81
40,81
69,81
10,82
11,82
41,82
42,82
67,82
68,82
9,83
43,83
66,83
8,84
44,84
45,84
46,84
65,84
7,85
47,85
63,85
64,85
7,86
48,86
49,86
50,86
61,86
62,86
6,87
51,87
52,87
53,87
54,87
55,87
56,87
57,87
58,87
59,87
60,87
6,88
60,88
5,89
7,89
59,89
61,89
4,90
6,90
8,90
60,90
4,91
7,91
4,92
3,93
3,94
3,95
3,96
3,97
3,98
3,99
2,100
2,101
1,102
1,103
1,104
1,105
1,106
0,107
0,108
0,109
0,110
0,111
0,112
0,113
0,114
0,115
0,116
0,117
0,118
1,119
0,120
0,121
0,122
0,123
0,124
0,125
0,126
1,127
1,128
1,129
1,130
1,131
1,132
1,133
1,134
2,135
2,136
2,137
2,138
4,138
3,139
5,139
2,140
4,140
2,141
3,141
1,142
2,143
2,144
2,145
2,146
2,147
5,147
3,148
4,148
6,148
3,149
5,149
7,149
4,150
6,150
64,150
4,151
63,151
65,151
69,151
70,151
4,152
63,152
65,152
67,152
68,152
71,152
5,153
61,153
63,153
64,153
66,153
71,153
5,154
58,154
59,154
60,154
62,154
65,154
72,154
6,155
55,155
56,155
57,155
72,155
7,156
52,156
53,156
54,156
72,156
75,156
7,157
49,157
50,157
51,157
73,157
74,157
76,157
7,158
45,158
47,158
48,158
77,158
8,159
44,159
46,159
76,159
9,160
42,160
43,160
75,160
9,161
41,161
74,161
10,162
14,162
38,162
39,162
40,162
74,162
77,162
11,163
13,163
15,163
37,163
75,163
76,163
78,163
12,164
14,164
28,164
35,164
36,164
79,164
14,165
27,165
29,165
34,165
78,165
80,165
15,166
28,166
30,166
33,166
77,166
79,166
16,167
17,167
29,167
31,167
32,167
77,167
18,168
19,168
20,168
23,168
24,168
25,168
26,168
27,168
28,168
78,168
21,169
22,169
78,169
78,170
78,171
78,172
78,173
78,174
78,175
79,176
79,177
79,178
79,179
79,180
79,181
79,182
79,183
78,184
78,185
78,186
78,187
78,188
78,189
78,190
78,191
78,192
78,193
78,194
78,195
78,196
78,197
78,198
77,199
77,200
77,201
76,202
76,203
76,204
76,205
76,206
76,207
76,208
76,209
76,210
76,211
76,212
76,213
76,214
76,215
76,216
75,217
75,218
76,219
76,220
76,221
76,222
76,223
76,224
76,225
75,226
75,227
75,228
75,229
75,230
75,231
75,232
75,233
75,234
75,235
75,236
75,237
75,238
75,239
75,240
75,241
74,242
74,243
74,244
74,245
74,246
74,247
74,248
76,248
75,249
77,249
74,250
76,250
74,251
74,252
74,253
74,254