2,0
3,1
3,2
3,3
3,4
3,5
3,6
3,7
2,8
2,9
2,10
2,11
2,12
2,13
2,14
2,15
2,16
3,17
2,18
2,19
2,20
2,21
2,22
2,23
2,24
2,25
2,26
2,27
3,28
3,29
2,30
2,31
2,32
3,33
3,34
3,35
4,36
3,37
5,37
4,38
3,39
3,40
2,41
2,42
2,43
2,44
2,45
2,46
2,47
3,48
3,49
3,50
3,51
2,52
2,53
2,54
2,55
3,56
3,57
3,58
3,59
3,60
3,61
3,62
2,63
2,64
2,65
2,66
2,67
2,68
3,69
3,70
3,71
3,72
3,73
2,74
2,75
2,76
2,77
2,78
3,79
3,80
3,81
3,82
3,83
4,84
55,84
56,84
57,84
58,84
3,85
51,85
52,85
53,85
54,85
59,85
60,85
61,85
3,86
49,86
50,86
62,86
63,86
3,87
46,87
47,87
48,87
64,87
4,88
45,88
65,88
66,88
4,89
41,89
43,89
44,89
67,89
68,89
5,90
40,90
42,90
69,90
5,91
39,91
70,91
6,92
38,92
71,92
6,93
35,93
36,93
37,93
72,93
7,94
34,94
72,94
7,95
32,95
33,95
73,95
8,96
28,96
29,96
30,96
31,96
74,96
9,97
26,97
27,97
74,97
9,98
24,98
25,98
74,98
10,99
11,99
12,99
13,99
14,99
15,99
16,99
17,99
18,99
22,99
23,99
74,99
19,100
20,100
21,100
75,100
75,101
76,102
76,103
77,104
78,105
78,106
79,107
79,108
80,109
80,110
79,111
80,112
80,113
80,114
80,115
80,116
80,117
80,118
80,119
81,120
81,121
81,122
81,123
81,124
82,125
82,126
82,127
82,128
82,129
81,130
81,131
80,132
80,133
80,134
79,135
79,136
79,137
79,138
79,139
78,140
77,141
77,142
11,143
12,143
13,143
14,143
15,143
16,143
76,143
9,144
10,144
17,144
75,144
8,145
18,145
19,145
75,145
6,146
7,146
20,146
21,146
22,146
75,146
5,147
23,147
24,147
74,147
4,148
25,148
26,148
74,148
4,149
27,149
73,149
4,150
28,150
29,150
73,150
3,151
30,151
72,151
2,152
30,152
71,152
1,153
31,153
70,153
2,154
32,154
33,154
34,154
69,154
2,155
35,155
68,155
2,156
36,156
37,156
68,156
2,157
38,157
67,157
1,158
39,158
40,158
66,158
1,159
41,159
65,159
1,160
42,160
43,160
64,160
1,161
44,161
45,161
63,161
0,162
46,162
47,162
59,162
62,162
0,163
48,163
58,163
60,163
61,163
0,164
49,164
53,164
54,164
55,164
56,164
57,164
0,165
50,165
51,165
52,165
0,166
0,167
0,168
1,169
1,170
1,171
1,172
0,173
0,174
0,175
0,176
0,177
1,178
1,179
1,180
1,181
1,182
1,183
0,184
0,185
0,186
0,187
0,188
0,189
1,190
1,191
1,192
1,193
1,194
0,195
0,196
1,197
1,198
1,199
1,200
1,201
1,202
1,203
1,204
0,205
0,206
1,207
1,208
1,209
2,210
2,211
2,212
2,213
2,214
4,214
2,215
3,215
5,215
1,216
4,216
2,217