2,0
2,1
2,2
1,3
1,4
1,5
1,6
1,7
1,8
1,9
1,10
1,11
1,12
1,13
1,14
1,15
1,16
1,17
1,18
1,19
0,20
0,21
0,22
0,23
1,24
1,25
1,26
1,27
1,28
1,29
1,30
1,31
1,32
1,33
1,34
1,35
1,36
2,37
2,38
2,39
1,40
1,41
1,42
2,43
1,44
1,45
1,46
1,47
1,48
1,49
2,50
2,51
1,52
1,53
1,54
1,55
1,56
1,57
1,58
1,59
1,60
1,61
1,62
2,63
2,64
2,65
2,66
2,67
2,68
1,69
1,70
1,71
2,72
2,73
2,74
2,75
3,76
3,77
59,77
63,77
64,77
65,77
66,77
67,77
3,78
55,78
56,78
57,78
58,78
60,78
61,78
62,78
68,78
69,78
3,79
51,79
52,79
53,79
54,79
70,79
71,79
72,79
3,80
50,80
73,80
4,81
48,81
49,81
74,81
4,82
45,82
46,82
47,82
75,82
4,83
43,83
44,83
76,83
5,84
39,84
40,84
41,84
42,84
77,84
5,85
38,85
78,85
5,86
37,86
79,86
6,87
36,87
80,87
7,88
8,88
34,88
35,88
81,88
9,89
31,89
32,89
33,89
81,89
10,90
11,90
12,90
13,90
14,90
28,90
29,90
30,90
81,90
15,91
16,91
25,91
26,91
27,91
82,91
17,92
18,92
19,92
20,92
21,92
22,92
23,92
24,92
82,92
83,93
84,94
84,95
84,96
84,97
85,98
86,99
86,100
86,101
87,102
87,103
87,104
88,105
88,106
88,107
88,108
88,109
88,110
88,111
89,112
89,113
88,114
88,115
88,116
88,117
87,118
87,119
86,120
86,121
86,122
85,123
85,124
86,125
85,126
84,127
84,128
83,129
83,130
82,131
82,132
81,133
80,134
80,135
79,136
79,137
13,138
14,138
15,138
16,138
17,138
18,138
19,138
20,138
21,138
78,138
12,139
22,139
23,139
24,139
26,139
79,139
11,140
25,140
27,140
28,140
78,140
10,141
29,141
30,141
31,141
77,141
9,142
32,142
77,142
9,143
33,143
34,143
35,143
75,143
76,143
8,144
36,144
74,144
8,145
37,145
38,145
72,145
73,145
7,146
39,146
40,146
71,146
7,147
41,147
42,147
70,147
6,148
43,148
44,148
45,148
68,148
69,148
6,149
46,149
67,149
5,150
47,150
48,150
66,150
5,151
49,151
50,151
65,151
5,152
51,152
52,152
53,152
54,152
55,152
56,152
62,152
63,152
64,152
4,153
57,153
58,153
59,153
60,153
61,153
4,154
5,155
4,156
4,157
4,158
4,159
4,160
4,161
4,162
4,163
3,164
3,165
3,166
3,167
4,168
4,169
4,170
4,171
3,172
4,173
3,174
3,175
3,176
3,177
3,178
3,179
3,180
4,181
3,182
3,183
3,184
3,185
3,186
2,187
3,188
2,189
2,190
2,191
2,192
2,193
2,194
2,195
2,196
2,197
2,198
2,199
2,200
2,201
2,202
2,203
1,204
1,205
1,206
2,207
2,208
1,209
1,210
1,211
1,212
1,213
1,214
0,215
0,216
0,217
0,218
1,219