84,0
83,1
85,1
82,2
86,2
87,2
82,3
88,3
89,3
90,3
91,3
92,3
93,3
94,3
95,3
96,3
97,3
98,3
99,3
100,3
101,3
102,3
103,3
104,3
105,3
106,3
107,3
108,3
109,3
110,3
82,4
111,4
112,4
113,4
114,4
115,4
300,4
301,4
82,5
116,5
117,5
118,5
119,5
120,5
121,5
122,5
123,5
124,5
125,5
126,5
127,5
128,5
129,5
130,5
131,5
132,5
133,5
134,5
135,5
139,5
140,5
143,5
144,5
145,5
284,5
285,5
286,5
287,5
288,5
289,5
290,5
294,5
295,5
296,5
297,5
298,5
299,5
302,5
82,6
136,6
137,6
138,6
141,6
142,6
146,6
147,6
258,6
259,6
260,6
261,6
262,6
263,6
264,6
265,6
266,6
267,6
268,6
269,6
270,6
271,6
277,6
278,6
279,6
280,6
281,6
282,6
283,6
291,6
292,6
293,6
303,6
81,7
148,7
149,7
150,7
151,7
152,7
230,7
231,7
232,7
233,7
234,7
235,7
236,7
237,7
238,7
239,7
240,7
241,7
242,7
243,7
244,7
245,7
246,7
247,7
248,7
249,7
250,7
251,7
252,7
253,7
254,7
255,7
256,7
257,7
272,7
273,7
274,7
275,7
276,7
303,7
81,8
153,8
154,8
155,8
156,8
157,8
158,8
159,8
160,8
161,8
223,8
224,8
225,8
226,8
227,8
228,8
229,8
303,8
81,9
162,9
220,9
221,9
222,9
304,9
81,10
163,10
164,10
165,10
166,10
167,10
218,10
219,10
304,10
81,11
168,11
169,11
170,11
174,11
216,11
217,11
304,11
81,12
171,12
172,12
173,12
175,12
215,12
304,12
81,13
175,13
214,13
304,13
81,14
170,14
174,14
213,14
304,14
81,15
169,15
171,15
174,15
212,15
304,15
81,16
170,16
172,16
174,16
212,16
304,16
81,17
170,17
172,17
174,17
212,17
304,17
81,18
170,18
173,18
211,18
304,18
81,19
170,19
211,19
304,19
81,20
169,20
211,20
303,20
81,21
169,21
211,21
303,21
80,22
169,22
212,22
303,22
80,23
168,23
212,23
303,23
80,24
167,24
211,24
303,24
79,25
167,25
211,25
302,25
79,26
167,26
211,26
302,26
79,27
166,27
212,27
302,27
79,28
166,28
213,28
302,28
79,29
165,29
213,29
302,29
79,30
164,30
214,30
302,30
79,31
164,31
214,31
302,31
79,32
163,32
215,32
302,32
79,33
163,33
215,33
302,33
79,34
163,34
216,34
302,34
79,35
163,35
216,35
302,35
79,36
162,36
217,36
302,36
79,37
161,37
217,37
302,37
79,38
161,38
218,38
302,38
79,39
160,39
218,39
301,39
79,40
160,40
219,40
301,40
79,41
159,41
220,41
301,41
79,42
159,42
220,42
301,42
79,43
159,43
221,43
301,43
78,44
158,44
221,44
301,44
78,45
158,45
222,45
301,45
78,46
157,46
222,46
301,46
78,47
157,47
223,47
301,47
78,48
157,48
223,48
301,48
78,49
157,49
223,49
300,49
78,50
156,50
224,50
300,50
78,51
156,51
224,51
301,51
78,52
155,52
224,52
300,52
77,53
155,53
224,53
300,53
77,54
154,54
224,54
300,54
77,55
154,55
223,55
300,55
77,56
154,56
223,56
300,56
77,57
155,57
222,57
299,57
77,58
156,58
221,58
299,58
77,59
156,59
221,59
299,59
77,60
157,60
220,60
299,60
76,61
158,61
219,61
299,61
76,62
159,62
218,62
299,62
76,63
160,63
161,63
218,63
299,63
76,64
162,64
217,64
299,64
76,65
162,65
216,65
299,65
76,66
163,66
215,66
299,66
76,67
164,67
165,67
213,67
214,67
299,67
76,68
166,68
167,68
168,68
211,68
212,68
299,68
76,69
169,69
170,69
210,69
299,69
76,70
171,70
205,70
206,70
207,70
208,70
209,70
299,70
76,71
172,71
173,71
174,71
175,71
176,71
203,71
204,71
299,71
76,72
177,72
201,72
202,72
299,72
76,73
178,73
181,73
197,73
198,73
199,73
200,73
299,73
345,73
346,73
347,73
348,73
349,73
350,73
351,73
352,73
353,73
76,74
179,74
180,74
182,74
183,74
184,74
185,74
186,74
187,74
188,74
189,74
190,74
191,74
192,74
193,74
194,74
195,74
196,74
299,74
344,74
354,74
355,74
76,75
299,75
342,75
343,75
356,75
357,75
76,76
300,76
341,76
358,76
76,77
300,77
340,77
359,77
76,78
301,78
338,78
339,78
360,78
76,79
301,79
336,79
337,79
361,79
362,79
76,80
301,80
335,80
363,80
76,81
301,81
335,81
363,81
75,82
302,82
332,82
333,82
334,82
364,82
75,83
302,83
330,83
331,83
365,83
74,84
303,84
329,84
366,84
74,85
304,85
326,85
327,85
328,85
367,85
74,86
305,86
325,86
368,86
75,87
305,87
323,87
324,87
368,87
74,88
306,88
320,88
321,88
322,88
369,88
21,89
74,89
307,89
315,89
316,89
317,89
318,89
319,89
368,89
18,90
19,90
20,90
22,90
23,90
24,90
25,90
26,90
74,90
308,90
309,90
310,90
311,90
312,90
313,90
314,90
368,90
16,91
17,91
27,91
28,91
29,91
30,91
74,91
369,91
15,92
31,92
32,92
33,92
74,92
369,92
14,93
34,93
35,93
36,93
74,93
370,93
13,94
37,94
73,94
370,94
12,95
38,95
39,95
73,95
370,95
11,96
40,96
73,96
371,96
11,97
41,97
42,97
72,97
371,97
10,98
43,98
44,98
45,98
71,98
372,98
10,99
46,99
47,99
71,99
372,99
9,100
48,100
49,100
71,100
372,100
8,101
50,101
70,101
372,101
8,102
51,102
69,102
372,102
7,103
52,103
68,103
373,103
7,104
53,104
54,104
68,104
373,104
7,105
55,105
56,105
57,105
58,105
63,105
64,105
67,105
373,105
6,106
59,106
60,106
61,106
62,106
65,106
66,106
373,106
6,107
373,107
5,108
373,108
5,109
373,109
4,110
374,110
4,111
374,111
4,112
374,112
3,113
374,113
2,114
374,114
2,115
374,115
2,116
375,116
1,117
375,117
1,118
375,118
1,119
375,119
1,120
374,120
1,121
374,121
0,122
374,122
0,123
374,123
0,124
374,124
0,125
374,125
0,126
374,126
0,127
374,127
0,128
374,128
0,129
374,129
0,130
374,130
0,131
374,131
0,132
374,132
0,133
373,133
0,134
373,134
0,135
373,135
0,136
374,136
0,137
374,137
0,138
373,138
0,139
373,139
1,140
373,140
2,141
373,141
2,142
373,142
2,143
373,143
3,144
373,144
2,145
373,145
2,146
373,146
3,147
373,147
3,148
372,148
4,149
372,149
4,150
371,150
5,151
370,151
5,152
370,152
5,153
370,153
6,154
370,154
7,155
62,155
312,155
313,155
314,155
315,155
316,155
317,155
318,155
370,155
8,156
56,156
57,156
58,156
59,156
60,156
61,156
63,156
64,156
65,156
66,156
67,156
310,156
311,156
319,156
320,156
321,156
369,156
8,157
55,157
68,157
69,157
308,157
309,157
322,157
323,157
324,157
369,157
9,158
51,158
52,158
53,158
54,158
70,158
307,158
325,158
368,158
10,159
50,159
71,159
306,159
326,159
327,159
328,159
368,159
10,160
47,160
48,160
49,160
72,160
305,160
329,160
330,160
368,160
11,161
45,161
46,161
73,161
304,161
331,161
367,161
12,162
44,162
73,162
303,162
332,162
367,162
12,163
42,163
43,163
74,163
303,163
332,163
366,163
13,164
14,164
40,164
41,164
74,164
302,164
333,164
334,164
365,164
15,165
16,165
37,165
38,165
39,165
75,165
174,165
175,165
176,165
177,165
178,165
179,165
180,165
181,165
182,165
183,165
184,165
185,165
186,165
302,165
335,165
336,165
364,165
17,166
36,166
75,166
170,166
171,166
172,166
173,166
187,166
188,166
189,166
190,166
302,166
337,166
338,166
362,166
363,166
18,167
19,167
34,167
35,167
75,167
168,167
169,167
191,167
192,167
301,167
339,167
361,167
20,168
30,168
31,168
32,168
33,168
76,168
166,168
167,168
193,168
194,168
195,168
301,168
340,168
341,168
360,168
21,169
22,169
23,169
24,169
25,169
27,169
28,169
29,169
76,169
164,169
165,169
196,169
197,169
198,169
301,169
342,169
358,169
359,169
26,170
76,170
162,170
163,170
199,170
301,170
343,170
344,170
357,170
76,171
160,171
161,171
200,171
201,171
202,171
301,171
345,171
346,171
347,171
355,171
356,171
76,172
158,172
159,172
203,172
301,172
348,172
349,172
350,172
351,172
352,172
353,172
354,172
76,173
157,173
204,173
205,173
301,173
76,174
156,174
206,174
300,174
76,175
155,175
207,175
300,175
76,176
154,176
208,176
300,176
77,177
153,177
209,177
300,177
76,178
151,178
152,178
210,178
300,178
76,179
150,179
211,179
300,179
76,180
149,180
211,180
301,180
76,181
148,181
212,181
300,181
76,182
147,182
213,182
300,182
76,183
146,183
214,183
300,183
76,184
146,184
215,184
300,184
76,185
145,185
215,185
300,185
77,186
145,186
216,186
300,186
77,187
145,187
216,187
300,187
76,188
144,188
217,188
301,188
77,189
144,189
217,189
301,189
77,190
144,190
217,190
300,190
77,191
144,191
217,191
300,191
77,192
144,192
217,192
300,192
77,193
144,193
218,193
301,193
77,194
144,194
218,194
301,194
77,195
144,195
218,195
301,195
77,196
144,196
218,196
301,196
77,197
144,197
218,197
301,197
77,198
144,198
217,198
301,198
78,199
145,199
217,199
301,199
78,200
145,200
217,200
301,200
78,201
146,201
217,201
302,201
78,202
146,202
217,202
302,202
78,203
146,203
217,203
302,203
78,204
146,204
216,204
302,204
78,205
147,205
216,205
302,205
78,206
147,206
215,206
302,206
78,207
147,207
215,207
302,207
78,208
148,208
215,208
303,208
77,209
149,209
214,209
303,209
77,210
148,210
214,210
303,210
77,211
148,211
213,211
302,211
77,212
148,212
212,212
302,212
78,213
149,213
212,213
302,213
78,214
150,214
212,214
302,214
78,215
151,215
211,215
302,215
78,216
151,216
211,216
302,216
78,217
152,217
211,217
302,217
78,218
152,218
210,218
302,218
78,219
153,219
210,219
302,219
78,220
153,220
209,220
302,220
78,221
153,221
209,221
302,221
79,222
154,222
209,222
302,222
79,223
154,223
208,223
302,223
79,224
155,224
208,224
303,224
79,225
155,225
208,225
303,225
79,226
155,226
208,226
303,226
79,227
156,227
208,227
303,227
79,228
156,228
207,228
303,228
79,229
156,229
207,229
303,229
79,230
156,230
207,230
303,230
79,231
157,231
207,231
303,231
79,232
157,232
207,232
303,232
79,233
157,233
207,233
303,233
79,234
157,234
207,234
304,234
79,235
157,235
207,235
304,235
80,236
156,236
207,236
304,236
80,237
156,237
207,237
304,237
80,238
156,238
208,238
304,238
80,239
156,239
208,239
304,239
79,240
155,240
208,240
304,240
79,241
154,241
209,241
304,241
79,242
153,242
208,242
304,242
79,243
152,243
209,243
210,243
303,243
79,244
151,244
211,244
303,244
80,245
150,245
212,245
303,245
80,246
143,246
146,246
147,246
148,246
149,246
213,246
214,246
215,246
303,246
80,247
140,247
141,247
142,247
144,247
145,247
216,247
217,247
218,247
303,247
80,248
133,248
134,248
135,248
136,248
137,248
138,248
139,248
219,248
220,248
221,248
303,248
80,249
124,249
125,249
126,249
127,249
128,249
129,249
130,249
131,249
132,249
222,249
223,249
224,249
225,249
226,249
227,249
303,249
80,250
109,250
110,250
111,250
112,250
118,250
119,250
120,250
121,250
122,250
123,250
228,250
229,250
230,250
231,250
232,250
233,250
234,250
303,250
81,251
83,251
84,251
85,251
86,251
87,251
88,251
89,251
90,251
93,251
94,251
95,251
96,251
97,251
98,251
99,251
100,251
101,251
102,251
103,251
104,251
105,251
106,251
107,251
108,251
113,251
114,251
115,251
116,251
117,251
235,251
236,251
303,251
82,252
91,252
92,252
237,252
238,252
239,252
240,252
241,252
242,252
243,252
244,252
303,252
245,253
246,253
247,253
248,253
249,253
250,253
251,253
252,253
253,253
254,253
255,253
256,253
257,253
303,253
258,254
259,254
260,254
261,254
262,254
263,254
264,254
265,254
266,254
267,254
303,254
268,255
269,255
270,255
271,255
303,255
272,256
273,256
274,256
275,256
276,256
277,256
278,256
279,256
280,256
303,256
281,257
282,257
283,257
284,257
285,257
286,257
287,257
288,257
289,257
290,257
291,257
292,257
293,257
294,257
295,257
296,257
303,257
297,258
298,258
302,258
299,259
300,259
301,259