245,0
246,0
247,0
248,0
249,0
250,0
251,0
252,0
253,0
254,0
255,0
256,0
257,0
258,0
259,0
260,0
282,0
283,0
284,0
285,0
286,0
287,0
288,0
289,0
295,0
296,0
240,1
241,1
242,1
243,1
244,1
261,1
262,1
263,1
264,1
265,1
266,1
267,1
268,1
269,1
270,1
271,1
272,1
273,1
274,1
275,1
276,1
277,1
278,1
279,1
280,1
281,1
290,1
291,1
292,1
293,1
294,1
297,1
298,1
299,1
300,1
301,1
302,1
303,1
304,1
305,1
306,1
307,1
308,1
309,1
310,1
311,1
319,1
320,1
321,1
322,1
323,1
324,1
325,1
326,1
327,1
328,1
331,1
332,1
333,1
334,1
335,1
336,1
337,1
338,1
356,1
357,1
99,2
100,2
101,2
102,2
103,2
104,2
105,2
106,2
107,2
108,2
109,2
110,2
111,2
112,2
135,2
136,2
137,2
138,2
139,2
140,2
141,2
142,2
143,2
144,2
145,2
146,2
147,2
148,2
149,2
150,2
234,2
235,2
236,2
237,2
238,2
239,2
312,2
313,2
314,2
315,2
316,2
317,2
318,2
329,2
330,2
339,2
340,2
341,2
342,2
343,2
344,2
345,2
346,2
347,2
348,2
349,2
350,2
351,2
352,2
353,2
354,2
355,2
358,2
359,2
360,2
361,2
362,2
363,2
364,2
365,2
366,2
367,2
368,2
369,2
370,2
371,2
372,2
373,2
374,2
375,2
376,2
92,3
93,3
94,3
95,3
96,3
97,3
98,3
113,3
114,3
115,3
116,3
117,3
118,3
119,3
120,3
121,3
122,3
123,3
124,3
125,3
126,3
127,3
128,3
129,3
130,3
131,3
132,3
133,3
134,3
151,3
152,3
153,3
154,3
155,3
156,3
157,3
158,3
231,3
232,3
233,3
377,3
378,3
379,3
380,3
381,3
382,3
383,3
384,3
385,3
91,4
159,4
160,4
161,4
162,4
229,4
230,4
386,4
91,5
163,5
164,5
227,5
228,5
385,5
91,6
165,6
226,6
385,6
91,7
166,7
167,7
225,7
385,7
90,8
168,8
169,8
224,8
385,8
90,9
170,9
224,9
385,9
90,10
171,10
224,10
385,10
90,11
172,11
224,11
385,11
90,12
172,12
223,12
385,12
90,13
173,13
223,13
385,13
89,14
173,14
223,14
386,14
89,15
173,15
223,15
386,15
89,16
173,16
223,16
385,16
89,17
172,17
223,17
386,17
89,18
172,18
223,18
385,18
89,19
172,19
223,19
385,19
89,20
171,20
224,20
385,20
88,21
171,21
224,21
385,21
88,22
171,22
225,22
386,22
88,23
171,23
225,23
386,23
88,24
171,24
225,24
386,24
88,25
170,25
226,25
386,25
88,26
170,26
227,26
387,26
88,27
169,27
228,27
387,27
87,28
170,28
229,28
388,28
87,29
169,29
229,29
388,29
88,30
169,30
230,30
388,30
88,31
168,31
230,31
388,31
88,32
167,32
231,32
388,32
88,33
167,33
232,33
388,33
87,34
166,34
233,34
388,34
87,35
165,35
234,35
388,35
87,36
165,36
235,36
388,36
87,37
164,37
235,37
388,37
87,38
163,38
236,38
388,38
86,39
162,39
236,39
388,39
86,40
161,40
237,40
388,40
86,41
161,41
238,41
389,41
86,42
161,42
239,42
389,42
86,43
160,43
239,43
389,43
86,44
159,44
239,44
389,44
86,45
159,45
240,45
388,45
85,46
158,46
240,46
388,46
85,47
158,47
241,47
389,47
85,48
157,48
241,48
389,48
85,49
157,49
242,49
389,49
85,50
156,50
242,50
389,50
85,51
156,51
243,51
389,51
85,52
156,52
243,52
389,52
84,53
155,53
243,53
389,53
84,54
155,54
243,54
389,54
84,55
155,55
243,55
389,55
84,56
155,56
243,56
389,56
84,57
156,57
243,57
389,57
84,58
156,58
243,58
389,58
84,59
157,59
242,59
389,59
84,60
157,60
242,60
390,60
83,61
157,61
241,61
390,61
83,62
158,62
241,62
391,62
83,63
159,63
240,63
391,63
83,64
160,64
240,64
391,64
83,65
161,65
239,65
391,65
84,66
162,66
238,66
391,66
84,67
163,67
236,67
237,67
391,67
83,68
164,68
235,68
391,68
83,69
165,69
234,69
391,69
83,70
166,70
167,70
233,70
391,70
83,71
168,71
169,71
230,71
231,71
232,71
391,71
83,72
170,72
173,72
228,72
229,72
391,72
82,73
171,73
172,73
174,73
225,73
226,73
227,73
391,73
81,74
175,74
176,74
177,74
223,74
224,74
391,74
81,75
178,75
179,75
218,75
219,75
220,75
221,75
222,75
390,75
81,76
180,76
181,76
182,76
214,76
215,76
216,76
217,76
390,76
82,77
183,77
184,77
185,77
186,77
187,77
210,77
211,77
212,77
213,77
390,77
82,78
188,78
189,78
190,78
191,78
192,78
193,78
208,78
209,78
390,78
81,79
194,79
195,79
196,79
197,79
198,79
199,79
200,79
201,79
202,79
203,79
204,79
205,79
206,79
207,79
390,79
81,80
343,80
345,80
346,80
389,80
81,81
339,81
340,81
341,81
342,81
344,81
347,81
348,81
389,81
81,82
338,82
349,82
350,82
389,82
80,83
337,83
351,83
352,83
388,83
80,84
335,84
336,84
353,84
354,84
388,84
22,85
23,85
24,85
25,85
26,85
27,85
28,85
80,85
334,85
355,85
356,85
357,85
358,85
388,85
19,86
20,86
21,86
29,86
30,86
31,86
79,86
333,86
359,86
388,86
17,87
18,87
32,87
33,87
34,87
79,87
332,87
360,87
361,87
362,87
388,87
16,88
35,88
79,88
331,88
363,88
388,88
14,89
15,89
36,89
37,89
79,89
330,89
364,89
388,89
13,90
38,90
78,90
330,90
365,90
366,90
387,90
12,91
39,91
77,91
329,91
367,91
385,91
386,91
11,92
40,92
41,92
77,92
328,92
368,92
369,92
383,92
384,92
10,93
42,93
77,93
327,93
370,93
371,93
372,93
382,93
10,94
43,94
76,94
327,94
373,94
374,94
381,94
9,95
44,95
45,95
75,95
326,95
375,95
376,95
377,95
378,95
379,95
380,95
8,96
46,96
74,96
326,96
7,97
47,97
48,97
73,97
325,97
6,98
49,98
73,98
324,98
6,99
50,99
51,99
72,99
324,99
5,100
52,100
53,100
71,100
325,100
5,101
54,101
69,101
70,101
325,101
4,102
55,102
56,102
57,102
67,102
68,102
324,102
4,103
58,103
59,103
60,103
61,103
63,103
64,103
65,103
66,103
324,103
4,104
62,104
324,104
4,105
324,105
3,106
324,106
3,107
323,107
3,108
323,108
3,109
323,109
3,110
323,110
2,111
323,111
2,112
323,112
2,113
322,113
1,114
322,114
1,115
322,115
1,116
322,116
1,117
322,117
1,118
322,118
1,119
323,119
1,120
323,120
1,121
323,121
1,122
323,122
0,123
323,123
1,124
324,124
1,125
324,125
0,126
324,126
0,127
325,127
0,128
325,128
0,129
325,129
0,130
326,130
0,131
326,131
0,132
326,132
0,133
327,133
0,134
327,134
0,135
328,135
373,135
374,135
375,135
376,135
377,135
378,135
379,135
380,135
381,135
382,135
0,136
329,136
372,136
383,136
0,137
330,137
371,137
384,137
0,138
330,138
368,138
369,138
370,138
385,138
0,139
331,139
366,139
367,139
386,139
0,140
332,140
364,140
365,140
387,140
1,141
333,141
363,141
387,141
2,142
334,142
361,142
362,142
388,142
2,143
334,143
359,143
360,143
388,143
2,144
335,144
358,144
388,144
2,145
336,145
357,145
388,145
2,146
337,146
355,146
356,146
389,146
2,147
338,147
339,147
340,147
341,147
342,147
343,147
344,147
353,147
354,147
389,147
2,148
345,148
346,148
347,148
348,148
349,148
350,148
351,148
352,148
389,148
2,149
389,149
2,150
389,150
2,151
389,151
3,152
389,152
3,153
389,153
3,154
389,154
4,155
389,155
4,156
64,156
65,156
66,156
67,156
68,156
69,156
70,156
389,156
4,157
63,157
71,157
72,157
389,157
5,158
60,158
61,158
62,158
73,158
389,158
5,159
58,159
59,159
74,159
75,159
389,159
5,160
56,160
57,160
76,160
389,160
5,161
54,161
55,161
77,161
389,161
6,162
52,162
53,162
77,162
389,162
6,163
50,163
51,163
78,163
389,163
7,164
49,164
79,164
389,164
7,165
47,165
48,165
79,165
389,165
8,166
46,166
80,166
389,166
8,167
45,167
80,167
388,167
9,168
43,168
44,168
81,168
388,168
10,169
42,169
81,169
388,169
10,170
41,170
81,170
388,170
11,171
39,171
40,171
82,171
388,171
12,172
37,172
38,172
82,172
389,172
13,173
36,173
82,173
389,173
14,174
35,174
82,174
388,174
15,175
16,175
34,175
83,175
388,175
17,176
18,176
32,176
33,176
84,176
211,176
212,176
213,176
388,176
19,177
20,177
30,177
31,177
85,177
203,177
204,177
205,177
206,177
207,177
208,177
209,177
210,177
214,177
215,177
216,177
217,177
218,177
219,177
220,177
221,177
222,177
223,177
224,177
388,177
21,178
22,178
28,178
29,178
85,178
194,178
195,178
196,178
197,178
198,178
199,178
200,178
201,178
202,178
225,178
226,178
227,178
228,178
229,178
388,178
23,179
24,179
25,179
26,179
27,179
85,179
186,179
187,179
188,179
189,179
190,179
191,179
192,179
193,179
230,179
231,179
232,179
233,179
388,179
85,180
182,180
183,180
184,180
185,180
234,180
235,180
236,180
237,180
387,180
85,181
178,181
179,181
180,181
181,181
238,181
387,181
85,182
176,182
177,182
239,182
240,182
241,182
242,182
387,182
85,183
175,183
243,183
386,183
85,184
174,184
244,184
245,184
386,184
85,185
172,185
173,185
246,185
386,185
85,186
170,186
171,186
247,186
248,186
386,186
85,187
169,187
249,187
386,187
85,188
168,188
250,188
386,188
85,189
166,189
167,189
251,189
386,189
85,190
165,190
251,190
385,190
85,191
164,191
252,191
385,191
86,192
163,192
253,192
385,192
86,193
163,193
254,193
385,193
86,194
162,194
255,194
385,194
86,195
161,195
255,195
384,195
86,196
161,196
255,196
384,196
86,197
160,197
256,197
384,197
86,198
160,198
256,198
384,198
86,199
160,199
256,199
383,199
86,200
159,200
256,200
383,200
87,201
159,201
257,201
383,201
87,202
159,202
257,202
383,202
87,203
160,203
256,203
383,203
87,204
160,204
256,204
382,204
87,205
160,205
255,205
382,205
87,206
161,206
255,206
382,206
87,207
161,207
255,207
382,207
87,208
162,208
254,208
382,208
87,209
162,209
254,209
383,209
88,210
163,210
253,210
382,210
88,211
163,211
253,211
382,211
88,212
164,212
253,212
382,212
89,213
165,213
252,213
382,213
89,214
166,214
252,214
382,214
89,215
166,215
251,215
381,215
89,216
167,216
250,216
381,216
89,217
168,217
250,217
381,217
89,218
168,218
249,218
381,218
89,219
169,219
249,219
380,219
89,220
169,220
248,220
380,220
90,221
170,221
248,221
380,221
90,222
170,222
248,222
380,222
90,223
171,223
247,223
380,223
90,224
171,224
246,224
379,224
90,225
171,225
246,225
379,225
90,226
172,226
245,226
379,226
90,227
173,227
244,227
379,227
90,228
173,228
244,228
379,228
90,229
173,229
244,229
378,229
90,230
173,230
244,230
378,230
90,231
173,231
244,231
378,231
91,232
174,232
243,232
378,232
91,233
174,233
243,233
377,233
91,234
174,234
242,234
377,234
91,235
175,235
242,235
377,235
91,236
175,236
241,236
377,236
91,237
175,237
241,237
376,237
91,238
175,238
241,238
376,238
91,239
175,239
241,239
376,239
91,240
175,240
241,240
376,240
91,241
175,241
242,241
376,241
91,242
175,242
242,242
376,242
91,243
175,243
243,243
375,243
91,244
175,244
244,244
375,244
90,245
174,245
244,245
375,245
90,246
174,246
244,246
376,246
90,247
173,247
245,247
246,247
247,247
249,247
376,247
90,248
172,248
248,248
250,248
251,248
377,248
89,249
172,249
252,249
253,249
359,249
360,249
370,249
371,249
372,249
373,249
374,249
375,249
376,249
90,250
171,250
254,250
255,250
256,250
257,250
322,250
323,250
324,250
325,250
326,250
327,250
328,250
329,250
330,250
335,250
336,250
337,250
338,250
339,250
340,250
341,250
342,250
343,250
355,250
356,250
357,250
358,250
361,250
362,250
363,250
364,250
365,250
366,250
367,250
368,250
369,250
91,251
92,251
169,251
170,251
258,251
259,251
260,251
286,251
287,251
288,251
289,251
290,251
291,251
292,251
293,251
294,251
295,251
296,251
297,251
298,251
299,251
300,251
301,251
302,251
303,251
304,251
305,251
306,251
307,251
308,251
309,251
310,251
311,251
312,251
313,251
314,251
315,251
316,251
317,251
318,251
319,251
320,251
321,251
331,251
332,251
333,251
334,251
344,251
345,251
346,251
347,251
348,251
349,251
350,251
351,251
352,251
353,251
354,251
93,252
94,252
95,252
96,252
97,252
102,252
103,252
104,252
105,252
106,252
107,252
108,252
109,252
110,252
111,252
114,252
115,252
116,252
167,252
168,252
261,252
262,252
263,252
264,252
265,252
266,252
267,252
268,252
269,252
270,252
271,252
272,252
273,252
274,252
275,252
276,252
277,252
278,252
279,252
280,252
281,252
282,252
283,252
284,252
285,252
98,253
99,253
100,253
101,253
112,253
113,253
117,253
118,253
119,253
120,253
121,253
122,253
123,253
124,253
125,253
163,253
164,253
165,253
166,253
126,254
127,254
128,254
129,254
130,254
131,254
132,254
133,254
134,254
135,254
136,254
137,254
139,254
140,254
141,254
142,254
143,254
144,254
145,254
146,254
147,254
148,254
149,254
150,254
151,254
152,254
153,254
154,254
155,254
156,254
157,254
158,254
159,254
160,254
161,254
162,254
138,255