83,0
84,1
84,2
84,3
84,4
83,5
83,6
83,7
83,8
83,9
83,10
83,11
83,12
82,13
82,14
82,15
82,16
82,17
82,18
82,19
81,20
81,21
81,22
81,23
81,24
81,25
81,26
81,27
81,28
81,29
81,30
80,31
80,32
80,33
80,34
79,35
79,36
79,37
79,38
79,39
79,40
79,41
79,42
79,43
79,44
79,45
79,46
79,47
79,48
79,49
78,50
78,51
78,52
78,53
79,54
78,55
78,56
78,57
78,58
78,59
78,60
78,61
77,62
77,63
77,64
77,65
77,66
77,67
77,68
77,69
77,70
77,71
77,72
77,73
77,74
77,75
77,76
77,77
76,78
76,79
76,80
76,81
76,82
76,83
76,84
76,85
76,86
75,87
75,88
75,89
18,90
19,90
20,90
21,90
22,90
75,90
14,91
15,91
16,91
17,91
23,91
24,91
74,91
13,92
25,92
26,92
74,92
12,93
27,93
28,93
74,93
11,94
29,94
30,94
74,94
10,95
31,95
74,95
10,96
32,96
74,96
9,97
33,97
73,97
8,98
34,98
35,98
73,98
7,99
36,99
37,99
72,99
7,100
38,100
39,100
72,100
6,101
40,101
72,101
6,102
41,102
71,102
5,103
42,103
43,103
70,103
5,104
44,104
70,104
4,105
45,105
70,105
4,106
46,106
47,106
69,106
3,107
48,107
50,107
51,107
52,107
68,107
4,108
49,108
53,108
54,108
67,108
4,109
55,109
56,109
66,109
3,110
57,110
58,110
59,110
60,110
61,110
62,110
63,110
64,110
65,110
3,111
3,112
2,113
2,114
2,115
2,116
2,117
1,118
1,119
1,120
1,121
1,122
1,123
1,124
0,125
0,126
0,127
0,128
0,129
0,130
0,131
0,132
0,133
0,134
0,135
0,136
0,137
0,138
0,139
0,140
0,141
0,142
0,143
0,144
0,145
1,146
1,147
1,148
0,149
1,150
1,151
1,152
1,153
2,154
2,155
61,155
62,155
63,155
64,155
3,156
55,156
56,156
57,156
58,156
59,156
60,156
65,156
3,157
54,157
66,157
67,157
68,157
69,157
3,158
51,158
52,158
53,158
70,158
3,159
50,159
71,159
4,160
50,160
72,160
5,161
48,161
49,161
73,161
5,162
46,162
47,162
74,162
5,163
45,163
75,163
6,164
44,164
75,164
6,165
43,165
75,165
6,166
41,166
42,166
76,166
7,167
40,167
76,167
8,168
39,168
77,168
8,169
37,169
38,169
77,169
9,170
36,170
77,170
10,171
34,171
35,171
77,171
11,172
32,172
33,172
77,172
12,173
31,173
77,173
12,174
30,174
77,174
13,175
28,175
29,175
78,175
14,176
15,176
16,176
26,176
27,176
78,176
17,177
18,177
19,177
22,177
23,177
24,177
25,177
78,177
20,178
21,178
78,178
78,179
78,180
78,181
78,182
78,183
78,184
78,185
78,186
78,187
78,188
78,189
78,190
78,191
78,192
78,193
78,194
78,195
78,196
78,197
78,198
78,199
79,200
79,201
79,202
79,203
79,204
79,205
79,206
79,207
79,208
79,209
79,210
79,211
79,212
79,213
80,214
80,215
80,216
80,217
80,218
80,219
80,220
80,221
80,222
80,223
80,224
81,225
81,226
81,227
81,228
81,229
81,230
81,231
80,232
81,233
81,234
81,235
81,236
81,237
81,238
81,239
81,240
81,241
81,242
81,243
81,244
81,245
81,246
81,247
81,248
81,249
81,250
82,251
82,252
82,253
82,254
82,255
82,256
82,257
82,258
82,259
82,260