206,0
207,0
208,0
209,0
210,0
211,0
212,0
213,0
214,0
215,0
216,0
217,0
218,0
219,0
220,0
200,1
201,1
202,1
203,1
204,1
205,1
221,1
222,1
223,1
224,1
225,1
226,1
227,1
192,2
193,2
194,2
195,2
196,2
197,2
198,2
199,2
228,2
229,2
230,2
188,3
189,3
190,3
191,3
231,3
232,3
233,3
234,3
187,4
235,4
236,4
237,4
238,4
182,5
183,5
184,5
185,5
186,5
239,5
240,5
241,5
178,6
179,6
180,6
181,6
242,6
175,7
176,7
177,7
243,7
244,7
173,8
174,8
245,8
172,9
246,9
247,9
171,10
248,10
170,11
249,11
250,11
169,12
251,12
252,12
168,13
253,13
167,14
253,14
166,15
254,15
165,16
255,16
164,17
256,17
163,18
257,18
163,19
258,19
163,20
258,20
162,21
258,21
162,22
259,22
162,23
260,23
162,24
260,24
162,25
260,25
162,26
260,26
162,27
260,27
162,28
260,28
162,29
260,29
163,30
260,30
163,31
260,31
164,32
260,32
164,33
259,33
164,34
258,34
165,35
166,35
257,35
167,36
256,36
167,37
256,37
168,38
255,38
169,39
255,39
169,40
254,40
170,41
253,41
171,42
252,42
171,43
251,43
172,44
251,44
173,45
250,45
174,46
250,46
175,47
249,47
176,48
248,48
177,49
247,49
177,50
247,50
178,51
246,51
178,52
246,52
179,53
245,53
180,54
245,54
181,55
245,55
181,56
244,56
182,57
244,57
182,58
243,58
182,59
243,59
183,60
243,60
183,61
243,61
183,62
243,62
182,63
242,63
183,64
242,64
183,65
242,65
183,66
242,66
183,67
242,67
183,68
243,68
183,69
243,69
183,70
244,70
183,71
245,71
182,72
245,72
182,73
246,73
181,74
247,74
180,75
248,75
249,75
179,76
250,76
178,77
251,77
252,77
176,78
177,78
253,78
254,78
175,79
255,79
256,79
173,80
174,80
257,80
258,80
259,80
260,80
261,80
172,81
262,81
263,81
264,81
265,81
266,81
267,81
268,81
269,81
280,81
281,81
282,81
283,81
284,81
170,82
171,82
270,82
271,82
272,82
273,82
274,82
275,82
276,82
277,82
278,82
279,82
285,82
286,82
287,82
288,82
289,82
290,82
291,82
292,82
293,82
165,83
166,83
167,83
168,83
169,83
294,83
295,83
296,83
297,83
298,83
299,83
300,83
152,84
153,84
154,84
155,84
156,84
157,84
158,84
159,84
160,84
161,84
162,84
163,84
164,84
301,84
302,84
303,84
304,84
314,84
315,84
148,85
149,85
150,85
151,85
305,85
306,85
307,85
308,85
309,85
310,85
311,85
312,85
313,85
316,85
317,85
318,85
319,85
320,85
321,85
322,85
323,85
324,85
325,85
135,86
136,86
137,86
138,86
139,86
140,86
141,86
142,86
143,86
144,86
145,86
146,86
147,86
326,86
327,86
328,86
329,86
330,86
331,86
332,86
333,86
334,86
335,86
336,86
337,86
338,86
339,86
340,86
341,86
342,86
343,86
347,86
348,86
349,86
350,86
129,87
130,87
131,87
132,87
133,87
134,87
344,87
345,87
346,87
351,87
352,87
353,87
354,87
355,87
356,87
357,87
358,87
359,87
360,87
361,87
362,87
363,87
364,87
365,87
122,88
123,88
124,88
125,88
126,88
127,88
128,88
366,88
367,88
368,88
110,89
111,89
112,89
113,89
114,89
115,89
116,89
117,89
118,89
119,89
120,89
121,89
369,89
99,90
100,90
101,90
102,90
103,90
104,90
105,90
106,90
107,90
108,90
109,90
370,90
371,90
372,90
94,91
95,91
96,91
97,91
98,91
373,91
91,92
92,92
93,92
373,92
90,93
373,93
90,94
373,94
90,95
373,95
90,96
373,96
90,97
373,97
90,98
373,98
90,99
374,99
90,100
374,100
89,101
374,101
88,102
374,102
88,103
374,103
89,104
375,104
89,105
375,105
89,106
375,106
89,107
376,107
88,108
376,108
88,109
376,109
88,110
376,110
88,111
376,111
88,112
376,112
88,113
377,113
88,114
377,114
88,115
377,115
88,116
377,116
88,117
377,117
88,118
377,118
88,119
377,119
87,120
377,120
87,121
377,121
87,122
378,122
87,123
378,123
87,124
378,124
87,125
378,125
87,126
378,126
87,127
378,127
86,128
378,128
87,129
379,129
87,130
379,130
87,131
379,131
86,132
379,132
86,133
378,133
85,134
377,134
85,135
377,135
85,136
377,136
85,137
377,137
85,138
377,138
85,139
377,139
85,140
377,140
85,141
377,141
85,142
377,142
84,143
377,143
84,144
377,144
83,145
376,145
83,146
320,146
321,146
322,146
323,146
324,146
325,146
376,146
83,147
316,147
317,147
318,147
319,147
326,147
327,147
328,147
329,147
375,147
83,148
315,148
330,148
331,148
375,148
82,149
313,149
314,149
332,149
333,149
374,149
82,150
311,150
312,150
334,150
335,150
374,150
27,151
29,151
30,151
31,151
32,151
33,151
34,151
35,151
36,151
37,151
38,151
39,151
40,151
81,151
310,151
336,151
337,151
374,151
25,152
26,152
28,152
41,152
42,152
43,152
44,152
45,152
48,152
49,152
50,152
81,152
309,152
338,152
339,152
340,152
373,152
23,153
24,153
46,153
47,153
51,153
80,153
308,153
341,153
342,153
373,153
19,154
20,154
21,154
22,154
52,154
53,154
54,154
55,154
80,154
307,154
343,154
344,154
372,154
17,155
18,155
56,155
79,155
306,155
345,155
346,155
369,155
371,155
16,156
57,156
58,156
59,156
60,156
61,156
78,156
306,156
347,156
368,156
370,156
14,157
15,157
62,157
77,157
305,157
348,157
349,157
350,157
367,157
13,158
63,158
74,158
75,158
76,158
304,158
351,158
352,158
353,158
354,158
355,158
356,158
357,158
358,158
365,158
366,158
12,159
64,159
65,159
66,159
67,159
68,159
69,159
70,159
71,159
72,159
73,159
303,159
359,159
360,159
361,159
362,159
363,159
364,159
11,160
303,160
10,161
302,161
10,162
301,162
9,163
301,163
8,164
300,164
7,165
300,165
7,166
299,166
6,167
298,167
6,168
298,168
5,169
298,169
5,170
298,170
4,171
297,171
4,172
297,172
3,173
296,173
3,174
296,174
3,175
295,175
2,176
295,176
2,177
295,177
2,178
295,178
1,179
295,179
1,180
295,180
0,181
294,181
0,182
294,182
0,183
294,183
0,184
294,184
0,185
294,185
0,186
294,186
0,187
294,187
0,188
294,188
0,189
295,189
0,190
295,190
0,191
295,191
0,192
295,192
0,193
295,193
1,194
296,194
1,195
296,195
2,196
297,196
2,197
297,197
3,198
297,198
361,198
362,198
363,198
364,198
365,198
366,198
367,198
368,198
3,199
297,199
358,199
359,199
360,199
369,199
3,200
298,200
356,200
357,200
370,200
371,200
372,200
2,201
299,201
354,201
355,201
373,201
374,201
3,202
299,202
352,202
353,202
375,202
3,203
299,203
350,203
351,203
376,203
4,204
299,204
348,204
349,204
376,204
4,205
299,205
346,205
347,205
376,205
4,206
300,206
345,206
377,206
5,207
301,207
343,207
344,207
378,207
6,208
302,208
342,208
379,208
7,209
302,209
340,209
341,209
379,209
8,210
303,210
339,210
378,210
8,211
67,211
68,211
69,211
70,211
71,211
72,211
73,211
74,211
75,211
76,211
77,211
78,211
304,211
337,211
338,211
379,211
9,212
66,212
79,212
80,212
305,212
336,212
380,212
10,213
63,213
64,213
65,213
81,213
305,213
334,213
335,213
380,213
11,214
62,214
82,214
306,214
333,214
381,214
12,215
60,215
61,215
83,215
307,215
331,215
332,215
381,215
13,216
14,216
59,216
84,216
308,216
329,216
330,216
381,216
15,217
58,217
84,217
309,217
310,217
311,217
326,217
327,217
328,217
381,217
16,218
56,218
57,218
85,218
312,218
313,218
322,218
323,218
324,218
325,218
381,218
17,219
18,219
54,219
55,219
85,219
314,219
315,219
316,219
317,219
318,219
319,219
320,219
321,219
382,219
19,220
51,220
52,220
53,220
85,220
382,220
20,221
21,221
47,221
48,221
49,221
50,221
85,221
381,221
22,222
23,222
24,222
25,222
44,222
45,222
46,222
86,222
381,222
26,223
27,223
28,223
29,223
30,223
32,223
38,223
39,223
40,223
41,223
42,223
43,223
86,223
382,223
31,224
33,224
34,224
35,224
36,224
37,224
87,224
382,224
87,225
382,225
87,226
382,226
87,227
382,227
88,228
382,228
88,229
382,229
88,230
382,230
88,231
382,231
88,232
382,232
88,233
382,233
88,234
382,234
88,235
382,235
88,236
382,236
88,237
383,237
88,238
383,238
88,239
383,239
88,240
383,240
88,241
383,241
88,242
383,242
88,243
383,243
88,244
383,244
88,245
383,245
88,246
383,246
88,247
383,247
88,248
383,248
88,249
383,249
89,250
384,250
89,251
384,251
89,252
384,252
89,253
384,253
89,254
384,254
89,255
384,255
89,256
384,256
89,257
384,257
89,258
384,258
89,259
384,259
89,260
384,260
89,261
384,261
89,262
384,262
89,263
384,263
90,264
384,264
90,265
384,265
90,266
384,266
90,267
385,267
386,267
90,268
387,268
90,269
386,269
90,270
387,270
90,271
385,271
386,271
89,272
384,272
89,273
384,273
88,274
384,274
87,275
384,275
87,276
384,276
87,277
384,277
88,278
383,278
88,279
383,279
88,280
384,280
89,281
384,281
89,282
384,282
89,283
384,283
89,284
384,284
89,285
384,285
89,286
384,286
90,287
384,287
90,288
384,288
90,289
384,289
89,290
384,290
89,291
384,291
89,292
384,292
89,293
384,293
89,294
384,294
90,295
384,295
90,296
384,296
89,297
384,297
89,298
384,298
89,299
384,299
90,300
384,300
90,301
384,301
90,302
385,302
90,303
385,303
90,304
385,304
90,305
385,305
90,306
385,306
90,307
384,307
90,308
385,308
90,309
385,309
90,310
385,310
90,311
385,311
90,312
385,312
90,313
385,313
90,314
385,314
90,315
385,315
90,316
385,316
90,317
385,317
90,318
386,318
90,319
386,319
90,320
386,320
91,321
386,321
91,322
386,322
91,323
386,323
91,324
386,324
91,325
385,325
91,326
386,326
91,327
384,327
385,327
91,328
383,328
91,329
382,329
91,330
382,330
91,331
330,331
331,331
332,331
333,331
334,331
335,331
336,331
337,331
338,331
339,331
340,331
341,331
342,331
343,331
344,331
345,331
346,331
347,331
348,331
349,331
350,331
351,331
352,331
353,331
354,331
355,331
356,331
357,331
358,331
359,331
360,331
361,331
362,331
363,331
364,331
365,331
366,331
367,331
368,331
369,331
370,331
371,331
372,331
373,331
374,331
375,331
376,331
377,331
378,331
379,331
380,331
381,331
91,332
278,332
279,332
280,332
281,332
282,332
283,332
284,332
285,332
286,332
287,332
288,332
289,332
290,332
291,332
292,332
293,332
294,332
295,332
296,332
297,332
298,332
309,332
310,332
311,332
312,332
313,332
314,332
318,332
319,332
320,332
321,332
322,332
323,332
324,332
325,332
326,332
327,332
328,332
329,332
91,333
224,333
225,333
226,333
227,333
258,333
259,333
260,333
261,333
262,333
263,333
264,333
265,333
266,333
267,333
268,333
269,333
270,333
271,333
272,333
273,333
274,333
275,333
276,333
277,333
299,333
300,333
301,333
302,333
303,333
304,333
305,333
306,333
307,333
308,333
315,333
316,333
317,333
91,334
212,334
213,334
214,334
215,334
216,334
217,334
218,334
219,334
220,334
221,334
222,334
223,334
228,334
230,334
231,334
232,334
233,334
234,334
235,334
236,334
237,334
238,334
239,334
240,334
241,334
242,334
243,334
244,334
245,334
246,334
247,334
248,334
249,334
250,334
251,334
252,334
253,334
254,334
255,334
256,334
257,334
91,335
188,335
189,335
190,335
191,335
192,335
193,335
194,335
195,335
196,335
197,335
198,335
199,335
200,335
201,335
202,335
203,335
204,335
205,335
206,335
207,335
208,335
209,335
210,335
211,335
229,335
91,336
138,336
139,336
140,336
141,336
142,336
143,336
144,336
145,336
146,336
147,336
148,336
149,336
150,336
151,336
152,336
153,336
154,336
155,336
156,336
157,336
158,336
163,336
164,336
165,336
166,336
167,336
168,336
169,336
170,336
171,336
172,336
173,336
174,336
175,336
176,336
177,336
178,336
179,336
180,336
181,336
182,336
183,336
184,336
185,336
186,336
187,336
92,337
114,337
115,337
116,337
117,337
118,337
119,337
120,337
121,337
122,337
123,337
124,337
125,337
126,337
127,337
128,337
129,337
130,337
131,337
132,337
133,337
134,337
135,337
136,337
137,337
159,337
160,337
161,337
162,337
93,338
94,338
95,338
96,338
97,338
98,338
99,338
100,338
101,338
102,338
103,338
104,338
105,338
106,338
107,338
108,338
109,338
110,338
111,338
112,338
113,338