7,0
7,1
7,2
7,3
7,4
7,5
7,6
7,7
7,8
6,9
6,10
6,11
6,12
6,13
6,14
6,15
6,16
6,17
6,18
6,19
5,20
5,21
5,22
5,23
5,24
5,25
5,26
5,27
5,28
5,29
5,30
4,31
4,32
4,33
4,34
4,35
4,36
4,37
4,38
4,39
4,40
4,41
3,42
3,43
3,44
3,45
4,46
4,47
4,48
3,49
3,50
3,51
3,52
2,53
2,54
2,55
3,56
3,57
3,58
3,59
3,60
3,61
3,62
3,63
2,64
2,65
2,66
2,67
2,68
2,69
2,70
2,71
2,72
2,73
2,74
2,75
1,76
1,77
1,78
1,79
53,79
54,79
55,79
56,79
57,79
58,79
59,79
60,79
2,80
49,80
50,80
51,80
52,80
61,80
2,81
48,81
62,81
2,82
46,82
47,82
63,82
2,83
44,83
45,83
64,83
65,83
2,84
43,84
66,84
2,85
42,85
67,85
3,86
41,86
67,86
2,87
39,87
40,87
68,87
2,88
37,88
38,88
69,88
2,89
36,89
70,89
2,90
35,90
69,90
3,91
34,91
70,91
4,92
32,92
33,92
70,92
4,93
31,93
71,93
4,94
30,94
71,94
5,95
29,95
71,95
5,96
26,96
27,96
28,96
71,96
6,97
24,97
25,97
72,97
7,98
22,98
23,98
73,98
8,99
9,99
10,99
11,99
19,99
20,99
21,99
73,99
12,100
13,100
14,100
15,100
16,100
17,100
18,100
73,100
73,101
73,102
73,103
73,104
73,105
74,106
74,107
74,108
74,109
75,110
75,111
74,112
74,113
74,114
74,115
75,116
75,117
75,118
75,119
75,120
75,121
75,122
75,123
74,124
74,125
74,126
74,127
74,128
74,129
74,130
74,131
74,132
74,133
74,134
73,135
73,136
72,137
72,138
72,139
72,140
72,141
72,142
10,143
11,143
12,143
72,143
8,144
9,144
13,144
14,144
15,144
16,144
17,144
18,144
19,144
20,144
72,144
7,145
21,145
22,145
71,145
6,146
23,146
70,146
5,147
24,147
70,147
5,148
25,148
69,148
4,149
26,149
27,149
69,149
4,150
28,150
29,150
69,150
3,151
30,151
68,151
3,152
31,152
67,152
3,153
32,153
67,153
2,154
33,154
67,154
1,155
34,155
66,155
1,156
34,156
66,156
1,157
35,157
64,157
65,157
1,158
36,158
63,158
1,159
37,159
63,159
2,160
38,160
62,160
1,161
39,161
40,161
61,161
1,162
41,162
42,162
61,162
1,163
43,163
44,163
59,163
60,163
1,164
45,164
56,164
58,164
0,165
45,165
53,165
54,165
55,165
57,165
0,166
46,166
47,166
48,166
49,166
50,166
51,166
52,166
0,167
0,168
0,169
0,170
0,171
0,172
1,173
1,174
1,175
0,176
0,177
0,178
0,179
0,180
0,181
0,182
0,183
1,184
1,185
1,186
0,187
0,188
0,189
0,190
1,191
1,192
1,193
1,194
0,195
0,196
0,197
0,198
0,199
0,200
0,201
0,202
0,203
1,204
1,205
1,206
1,207
1,208
1,209
0,210
0,211
1,212
1,213
1,214
1,215
1,216
1,217
1,218
1,219
1,220
1,221
1,222
1,223
1,224
1,225
1,226
1,227
2,228
2,229
2,230
2,231
1,232
1,233
1,234
1,235
2,236
2,237
2,238
2,239
2,240
2,241
2,242
2,243
1,244
2,245
2,246
2,247
2,248
2,249
2,250
2,251
2,252
2,253
3,254
2,255
2,256
2,257
2,258
2,259
2,260
2,261
2,262
3,263
3,264
3,265
3,266
3,267
2,268
2,269
3,270
3,271
3,272
3,273
3,274
3,275
3,276
3,277
3,278
3,279
3,280
3,281
3,282
3,283
4,284
4,285
4,286
4,287
4,288
3,289
3,290
4,291
4,292
4,293
4,294
4,295
5,296
5,297
6,298