71,0
71,1
71,2
71,3
71,4
71,5
71,6
72,7
72,8
71,9
71,10
71,11
71,12
71,13
71,14
71,15
71,16
71,17
71,18
72,19
72,20
72,21
72,22
72,23
72,24
72,25
72,26
71,27
71,28
71,29
71,30
71,31
72,32
72,33
72,34
72,35
72,36
72,37
71,38
72,39
72,40
72,41
71,42
71,43
72,44
72,45
72,46
72,47
72,48
72,49
72,50
72,51
72,52
72,53
71,54
72,55
73,56
72,57
72,58
72,59
72,60
72,61
72,62
72,63
72,64
72,65
72,66
72,67
72,68
72,69
72,70
72,71
72,72
71,73
71,74
17,75
18,75
19,75
20,75
21,75
22,75
23,75
24,75
71,75
15,76
16,76
25,76
71,76
14,77
26,77
27,77
71,77
12,78
13,78
28,78
70,78
11,79
29,79
70,79
10,80
30,80
31,80
70,80
10,81
32,81
33,81
71,81
9,82
34,82
35,82
36,82
71,82
8,83
37,83
70,83
7,84
38,84
70,84
7,85
39,85
70,85
6,86
40,86
69,86
5,87
41,87
69,87
5,88
42,88
68,88
4,89
43,89
47,89
67,89
4,90
44,90
45,90
46,90
48,90
66,90
3,91
49,91
50,91
61,91
62,91
63,91
64,91
65,91
3,92
51,92
52,92
60,92
3,93
53,93
54,93
55,93
56,93
57,93
58,93
59,93
3,94
2,95
3,96
2,97
2,98
2,99
1,100
1,101
1,102
1,103
1,104
1,105
1,106
0,107
1,108
1,109
1,110
1,111
1,112
1,113
1,114
1,115
1,116
0,117
0,118
0,119
0,120
1,121
1,122
1,123
1,124
1,125
1,126
1,127
1,128
1,129
1,130
1,131
1,132
2,133
3,134
3,135
3,136
3,137
3,138
3,139
62,139
63,139
64,139
65,139
3,140
61,140
66,140
67,140
68,140
3,141
57,141
58,141
59,141
60,141
69,141
70,141
4,142
54,142
55,142
56,142
71,142
4,143
53,143
72,143
4,144
51,144
52,144
72,144
5,145
50,145
73,145
6,146
49,146
74,146
6,147
47,147
48,147
75,147
6,148
45,148
46,148
75,148
7,149
44,149
76,149
7,150
43,150
76,150
7,151
40,151
41,151
42,151
76,151
8,152
39,152
76,152
8,153
38,153
76,153
9,154
37,154
76,154
9,155
37,155
77,155
10,156
11,156
35,156
36,156
77,156
12,157
33,157
34,157
77,157
13,158
32,158
77,158
14,159
29,159
30,159
31,159
77,159
15,160
28,160
77,160
16,161
17,161
26,161
27,161
77,161
18,162
19,162
25,162
77,162
20,163
21,163
22,163
23,163
24,163
77,163
77,164
76,165
76,166
77,167
77,168
77,169
77,170
76,171
76,172
76,173
76,174
75,175
76,176
76,177
76,178
77,179
76,180
76,181
76,182
76,183
76,184
75,185
75,186
75,187
75,188
75,189
74,190
74,191
75,192
74,193
74,194
74,195
74,196
74,197
74,198
74,199
74,200
74,201
74,202
74,203
74,204
74,205
74,206
74,207
74,208
73,209
73,210
73,211
73,212
73,213
73,214
73,215
73,216
73,217
73,218
73,219
73,220
72,221
72,222
72,223
72,224
72,225
72,226
71,227
71,228
72,229
72,230
72,231
72,232
71,233
71,234
71,235
71,236
71,237
70,238
70,239
70,240
71,241
71,242
71,243
71,244
71,245
70,246
70,247
70,248
70,249
70,250
69,251
69,252
70,253
70,254
70,255
70,256
70,257
70,258
69,259
69,260
69,261
69,262
69,263
69,264
68,265
69,266
69,267
69,268
68,269
68,270
68,271
68,272
68,273
68,274
68,275
68,276
69,277
70,278