333,0
334,0
335,0
336,0
337,0
338,0
329,1
330,1
331,1
332,1
339,1
340,1
322,2
323,2
324,2
325,2
326,2
327,2
328,2
341,2
300,3
301,3
302,3
303,3
304,3
305,3
306,3
307,3
308,3
309,3
310,3
311,3
312,3
313,3
314,3
315,3
316,3
317,3
318,3
319,3
320,3
321,3
342,3
285,4
286,4
287,4
288,4
289,4
290,4
291,4
292,4
293,4
294,4
295,4
296,4
297,4
298,4
299,4
343,4
284,5
343,5
262,6
263,6
264,6
265,6
266,6
267,6
268,6
269,6
270,6
271,6
272,6
273,6
274,6
275,6
276,6
277,6
278,6
279,6
280,6
281,6
282,6
283,6
343,6
244,7
245,7
246,7
247,7
248,7
249,7
250,7
251,7
252,7
253,7
254,7
255,7
256,7
257,7
258,7
259,7
260,7
261,7
343,7
128,8
129,8
130,8
131,8
132,8
133,8
134,8
241,8
242,8
243,8
343,8
113,9
114,9
115,9
116,9
117,9
118,9
119,9
120,9
121,9
122,9
123,9
124,9
125,9
126,9
127,9
135,9
136,9
137,9
138,9
139,9
140,9
141,9
142,9
143,9
240,9
343,9
83,10
84,10
85,10
109,10
110,10
111,10
112,10
144,10
145,10
146,10
237,10
238,10
239,10
343,10
80,11
81,11
82,11
86,11
87,11
88,11
94,11
95,11
96,11
97,11
98,11
99,11
100,11
101,11
102,11
103,11
104,11
105,11
106,11
107,11
108,11
147,11
148,11
149,11
235,11
236,11
343,11
79,12
89,12
90,12
91,12
92,12
93,12
150,12
234,12
344,12
80,13
151,13
153,13
154,13
232,13
233,13
344,13
80,14
152,14
155,14
231,14
344,14
81,15
156,15
230,15
344,15
81,16
156,16
229,16
344,16
80,17
156,17
227,17
228,17
344,17
80,18
157,18
226,18
344,18
80,19
157,19
225,19
344,19
80,20
157,20
225,20
344,20
80,21
158,21
224,21
344,21
80,22
158,22
224,22
344,22
80,23
157,23
223,23
344,23
80,24
157,24
223,24
343,24
80,25
157,25
223,25
343,25
80,26
157,26
223,26
344,26
80,27
157,27
223,27
344,27
79,28
156,28
223,28
344,28
79,29
156,29
223,29
344,29
79,30
156,30
223,30
344,30
79,31
155,31
223,31
344,31
79,32
155,32
224,32
344,32
79,33
154,33
224,33
344,33
79,34
154,34
224,34
344,34
79,35
153,35
224,35
344,35
79,36
153,36
225,36
344,36
79,37
152,37
225,37
344,37
79,38
152,38
226,38
344,38
79,39
152,39
226,39
344,39
78,40
151,40
226,40
344,40
78,41
150,41
226,41
344,41
78,42
150,42
227,42
344,42
78,43
149,43
228,43
344,43
78,44
149,44
228,44
344,44
78,45
148,45
228,45
344,45
78,46
148,46
229,46
344,46
78,47
147,47
229,47
344,47
78,48
146,48
230,48
344,48
78,49
145,49
230,49
344,49
78,50
144,50
231,50
344,50
78,51
144,51
231,51
344,51
78,52
143,52
231,52
344,52
78,53
143,53
232,53
343,53
77,54
142,54
233,54
343,54
77,55
142,55
233,55
343,55
77,56
142,56
233,56
344,56
77,57
142,57
234,57
344,57
77,58
142,58
235,58
344,58
78,59
143,59
236,59
344,59
78,60
142,60
236,60
344,60
78,61
142,61
236,61
344,61
78,62
141,62
236,62
345,62
78,63
141,63
236,63
345,63
78,64
142,64
236,64
345,64
78,65
142,65
235,65
345,65
78,66
143,66
235,66
344,66
78,67
143,67
235,67
344,67
78,68
143,68
234,68
344,68
78,69
144,69
234,69
344,69
77,70
145,70
234,70
344,70
77,71
146,71
233,71
344,71
77,72
147,72
232,72
344,72
77,73
148,73
231,73
344,73
77,74
148,74
231,74
344,74
77,75
149,75
230,75
344,75
77,76
150,76
229,76
344,76
77,77
150,77
153,77
228,77
344,77
77,78
151,78
152,78
154,78
155,78
227,78
344,78
77,79
156,79
157,79
225,79
226,79
344,79
76,80
158,80
159,80
224,80
344,80
76,81
160,81
222,81
223,81
345,81
76,82
161,82
162,82
163,82
164,82
219,82
220,82
221,82
345,82
76,83
165,83
166,83
167,83
168,83
169,83
216,83
217,83
218,83
345,83
76,84
170,84
171,84
172,84
211,84
212,84
213,84
214,84
215,84
345,84
76,85
173,85
174,85
175,85
176,85
177,85
178,85
204,85
205,85
206,85
207,85
208,85
209,85
210,85
344,85
76,86
179,86
180,86
181,86
182,86
183,86
184,86
185,86
198,86
199,86
200,86
201,86
202,86
203,86
345,86
76,87
186,87
187,87
188,87
189,87
190,87
191,87
192,87
193,87
194,87
195,87
196,87
197,87
344,87
76,88
344,88
76,89
344,89
76,90
344,90
76,91
344,91
76,92
344,92
76,93
344,93
76,94
344,94
76,95
344,95
76,96
344,96
76,97
344,97
76,98
344,98
75,99
344,99
75,100
345,100
75,101
345,101
75,102
345,102
76,103
345,103
76,104
345,104
76,105
345,105
76,106
345,106
76,107
345,107
76,108
344,108
23,109
24,109
25,109
26,109
76,109
344,109
22,110
27,110
28,110
76,110
344,110
20,111
21,111
29,111
30,111
76,111
344,111
18,112
19,112
31,112
32,112
75,112
344,112
17,113
33,113
75,113
344,113
16,114
34,114
75,114
344,114
14,115
15,115
35,115
36,115
75,115
289,115
290,115
291,115
292,115
344,115
13,116
37,116
75,116
287,116
288,116
293,116
345,116
12,117
38,117
75,117
286,117
294,117
295,117
344,117
12,118
39,118
75,118
283,118
284,118
285,118
296,118
344,118
11,119
40,119
41,119
75,119
282,119
297,119
344,119
10,120
42,120
74,120
281,120
298,120
344,120
9,121
43,121
74,121
280,121
299,121
300,121
344,121
9,122
44,122
74,122
279,122
301,122
343,122
8,123
45,123
73,123
278,123
302,123
343,123
7,124
46,124
72,124
277,124
303,124
343,124
7,125
47,125
72,125
276,125
304,125
343,125
6,126
48,126
71,126
276,126
305,126
342,126
6,127
49,127
71,127
275,127
306,127
307,127
342,127
6,128
50,128
51,128
70,128
275,128
308,128
341,128
5,129
52,129
53,129
69,129
274,129
309,129
310,129
341,129
5,130
54,130
55,130
66,130
67,130
68,130
273,130
311,130
341,130
4,131
56,131
57,131
58,131
62,131
63,131
64,131
65,131
273,131
312,131
313,131
314,131
341,131
4,132
59,132
60,132
61,132
273,132
315,132
340,132
3,133
272,133
316,133
317,133
318,133
319,133
339,133
3,134
272,134
320,134
339,134
3,135
272,135
321,135
322,135
339,135
2,136
271,136
323,136
324,136
334,136
335,136
336,136
337,136
338,136
2,137
271,137
325,137
326,137
327,137
328,137
331,137
332,137
333,137
2,138
271,138
329,138
330,138
2,139
270,139
1,140
270,140
1,141
270,141
1,142
270,142
1,143
270,143
1,144
269,144
1,145
270,145
0,146
270,146
0,147
269,147
1,148
269,148
1,149
269,149
1,150
269,150
1,151
269,151
1,152
269,152
1,153
269,153
1,154
269,154
1,155
268,155
0,156
268,156
0,157
268,157
0,158
268,158
0,159
268,159
0,160
268,160
0,161
268,161
0,162
268,162
0,163
268,163
0,164
268,164
1,165
268,165
1,166
268,166
1,167
268,167
1,168
268,168
1,169
268,169
1,170
268,170
1,171
269,171
1,172
269,172
2,173
269,173
2,174
269,174
2,175
268,175
2,176
268,176
2,177
66,177
67,177
269,177
2,178
60,178
61,178
62,178
63,178
64,178
65,178
68,178
269,178
3,179
56,179
57,179
58,179
59,179
69,179
269,179
3,180
53,180
54,180
55,180
70,180
269,180
4,181
51,181
52,181
71,181
270,181
4,182
49,182
50,182
71,182
270,182
4,183
47,183
48,183
72,183
270,183
5,184
46,184
72,184
270,184
331,184
332,184
333,184
334,184
335,184
336,184
5,185
45,185
72,185
270,185
326,185
327,185
328,185
329,185
330,185
337,185
6,186
43,186
44,186
73,186
271,186
323,186
324,186
325,186
338,186
7,187
41,187
42,187
73,187
271,187
320,187
321,187
322,187
339,187
7,188
40,188
73,188
272,188
273,188
317,188
318,188
319,188
340,188
8,189
39,189
74,189
274,189
316,189
341,189
9,190
37,190
38,190
74,190
273,190
313,190
314,190
315,190
342,190
10,191
36,191
74,191
273,191
311,191
312,191
343,191
11,192
35,192
75,192
274,192
309,192
310,192
343,192
12,193
34,193
75,193
274,193
308,193
343,193
13,194
32,194
33,194
75,194
274,194
307,194
344,194
14,195
30,195
31,195
75,195
275,195
305,195
306,195
344,195
15,196
28,196
29,196
76,196
276,196
303,196
304,196
344,196
16,197
17,197
25,197
26,197
27,197
76,197
276,197
302,197
344,197
18,198
19,198
20,198
23,198
24,198
75,198
277,198
300,198
301,198
344,198
21,199
22,199
75,199
278,199
298,199
299,199
344,199
75,200
278,200
297,200
344,200
75,201
279,201
280,201
295,201
296,201
344,201
76,202
281,202
293,202
294,202
344,202
76,203
282,203
292,203
345,203
76,204
283,204
290,204
291,204
345,204
76,205
284,205
285,205
287,205
288,205
289,205
345,205
75,206
286,206
345,206
76,207
345,207
76,208
345,208
75,209
345,209
75,210
345,210
76,211
344,211
76,212
344,212
75,213
344,213
75,214
344,214
75,215
344,215
75,216
344,216
75,217
344,217
76,218
344,218
76,219
344,219
76,220
344,220
76,221
344,221
76,222
344,222
76,223
344,223
76,224
344,224
75,225
344,225
75,226
344,226
75,227
343,227
75,228
343,228
75,229
343,229
75,230
343,230
75,231
343,231
75,232
343,232
75,233
344,233
75,234
344,234
75,235
344,235
76,236
184,236
185,236
186,236
187,236
188,236
189,236
190,236
191,236
192,236
193,236
194,236
195,236
196,236
197,236
199,236
200,236
344,236
76,237
181,237
182,237
183,237
198,237
201,237
202,237
203,237
344,237
76,238
176,238
177,238
178,238
179,238
180,238
204,238
205,238
206,238
344,238
76,239
173,239
174,239
175,239
207,239
208,239
344,239
76,240
170,240
171,240
172,240
209,240
343,240
77,241
168,241
169,241
210,241
211,241
343,241
77,242
167,242
212,242
343,242
77,243
166,243
213,243
343,243
77,244
165,244
214,244
215,244
343,244
77,245
163,245
164,245
216,245
343,245
77,246
162,246
217,246
343,246
77,247
161,247
218,247
343,247
77,248
160,248
219,248
343,248
77,249
159,249
219,249
343,249
76,250
158,250
220,250
343,250
76,251
157,251
220,251
342,251
76,252
157,252
221,252
342,252
77,253
156,253
221,253
342,253
77,254
156,254
222,254
342,254
77,255
156,255
222,255
342,255
77,256
155,256
222,256
342,256
77,257
155,257
223,257
342,257
77,258
155,258
223,258
342,258
77,259
155,259
223,259
342,259
77,260
155,260
223,260
342,260
77,261
155,261
222,261
342,261
77,262
155,262
222,262
342,262
77,263
155,263
222,263
342,263
77,264
156,264
222,264
342,264
77,265
156,265
221,265
341,265
77,266
157,266
221,266
341,266
77,267
157,267
220,267
341,267
77,268
158,268
220,268
342,268
77,269
158,269
219,269
342,269
77,270
158,270
218,270
341,270
77,271
159,271
218,271
341,271
77,272
159,272
218,272
341,272
77,273
160,273
217,273
341,273
77,274
160,274
216,274
341,274
77,275
161,275
216,275
341,275
77,276
162,276
215,276
340,276
77,277
162,277
215,277
341,277
77,278
163,278
215,278
341,278
77,279
164,279
215,279
341,279
78,280
165,280
214,280
341,280
78,281
165,281
214,281
342,281
78,282
166,282
213,282
342,282
78,283
166,283
213,283
341,283
78,284
167,284
212,284
341,284
78,285
167,285
212,285
341,285
78,286
167,286
211,286
340,286
78,287
168,287
211,287
341,287
78,288
168,288
211,288
341,288
78,289
168,289
211,289
341,289
78,290
168,290
211,290
340,290
78,291
168,291
210,291
340,291
78,292
168,292
211,292
340,292
78,293
168,293
211,293
340,293
78,294
167,294
211,294
340,294
78,295
167,295
211,295
340,295
79,296
166,296
212,296
340,296
79,297
165,297
212,297
340,297
79,298
164,298
213,298
339,298
79,299
163,299
214,299
339,299
79,300
160,300
161,300
162,300
215,300
332,300
333,300
334,300
335,300
336,300
337,300
338,300
79,301
156,301
157,301
158,301
159,301
216,301
323,301
324,301
325,301
329,301
330,301
331,301
79,302
155,302
217,302
218,302
291,302
298,302
299,302
300,302
304,302
305,302
306,302
307,302
308,302
309,302
310,302
311,302
312,302
313,302
314,302
315,302
316,302
317,302
318,302
319,302
320,302
321,302
322,302
326,302
327,302
328,302
79,303
112,303
113,303
114,303
115,303
116,303
117,303
118,303
119,303
122,303
123,303
124,303
125,303
126,303
127,303
128,303
129,303
130,303
131,303
132,303
133,303
134,303
135,303
136,303
137,303
138,303
139,303
140,303
141,303
142,303
143,303
144,303
145,303
146,303
148,303
149,303
150,303
151,303
152,303
153,303
154,303
219,303
220,303
221,303
288,303
289,303
290,303
292,303
293,303
294,303
295,303
296,303
297,303
301,303
302,303
303,303
80,304
96,304
97,304
98,304
99,304
105,304
106,304
107,304
108,304
109,304
110,304
111,304
120,304
121,304
147,304
222,304
223,304
224,304
225,304
264,304
265,304
266,304
267,304
268,304
269,304
270,304
271,304
272,304
273,304
274,304
275,304
276,304
277,304
278,304
279,304
280,304
281,304
282,304
283,304
284,304
285,304
286,304
287,304
81,305
82,305
84,305
85,305
86,305
87,305
88,305
89,305
90,305
91,305
92,305
93,305
94,305
95,305
100,305
101,305
102,305
103,305
104,305
226,305
227,305
228,305
229,305
230,305
231,305
244,305
245,305
246,305
247,305
248,305
249,305
250,305
251,305
252,305
253,305
254,305
255,305
256,305
257,305
258,305
259,305
260,305
261,305
262,305
263,305
83,306
232,306
233,306
234,306
235,306
236,306
237,306
238,306
239,306
240,306
241,306
242,306
243,306