106,0
107,0
108,0
109,0
110,0
111,0
112,0
113,0
87,1
88,1
95,1
96,1
97,1
98,1
99,1
100,1
101,1
102,1
103,1
104,1
105,1
114,1
115,1
116,1
117,1
118,1
119,1
120,1
121,1
122,1
123,1
124,1
125,1
126,1
127,1
79,2
80,2
81,2
82,2
83,2
84,2
85,2
86,2
89,2
90,2
91,2
92,2
93,2
94,2
128,2
129,2
130,2
60,3
61,3
62,3
63,3
70,3
71,3
72,3
73,3
74,3
75,3
76,3
77,3
78,3
131,3
205,3
206,3
207,3
208,3
209,3
210,3
211,3
212,3
50,4
51,4
52,4
53,4
54,4
55,4
56,4
57,4
58,4
59,4
64,4
65,4
66,4
67,4
68,4
69,4
132,4
133,4
203,4
204,4
213,4
214,4
215,4
216,4
217,4
218,4
219,4
220,4
221,4
222,4
223,4
224,4
225,4
226,4
227,4
228,4
229,4
230,4
231,4
232,4
233,4
234,4
235,4
236,4
34,5
35,5
36,5
37,5
38,5
40,5
41,5
42,5
43,5
44,5
45,5
46,5
47,5
48,5
49,5
134,5
201,5
202,5
237,5
24,6
25,6
26,6
27,6
28,6
29,6
30,6
31,6
32,6
33,6
39,6
135,6
199,6
200,6
238,6
239,6
240,6
241,6
242,6
243,6
244,6
245,6
246,6
247,6
248,6
249,6
250,6
251,6
10,7
11,7
12,7
13,7
15,7
16,7
17,7
18,7
19,7
20,7
21,7
22,7
23,7
136,7
198,7
252,7
253,7
254,7
255,7
256,7
257,7
258,7
259,7
260,7
261,7
262,7
9,8
14,8
137,8
196,8
197,8
263,8
264,8
265,8
266,8
9,9
137,9
195,9
267,9
268,9
269,9
270,9
271,9
272,9
273,9
274,9
275,9
276,9
277,9
278,9
279,9
9,10
137,10
194,10
280,10
281,10
282,10
283,10
284,10
285,10
286,10
287,10
9,11
138,11
194,11
288,11
289,11
290,11
291,11
292,11
293,11
294,11
295,11
296,11
297,11
9,12
138,12
194,12
298,12
299,12
300,12
301,12
302,12
303,12
304,12
305,12
306,12
307,12
308,12
309,12
310,12
311,12
312,12
8,13
138,13
193,13
313,13
314,13
315,13
316,13
317,13
318,13
9,14
138,14
193,14
319,14
320,14
321,14
322,14
323,14
324,14
325,14
326,14
327,14
328,14
9,15
138,15
193,15
329,15
330,15
9,16
138,16
194,16
331,16
9,17
138,17
194,17
330,17
9,18
138,18
194,18
330,18
9,19
137,19
194,19
330,19
8,20
137,20
195,20
331,20
8,21
136,21
195,21
330,21
7,22
136,22
195,22
330,22
7,23
135,23
194,23
330,23
7,24
134,24
195,24
330,24
7,25
133,25
196,25
330,25
7,26
133,26
196,26
330,26
7,27
132,27
196,27
331,27
7,28
131,28
196,28
330,28
7,29
130,29
197,29
329,29
7,30
130,30
198,30
329,30
7,31
129,31
198,31
329,31
7,32
128,32
199,32
329,32
7,33
127,33
200,33
329,33
7,34
126,34
200,34
329,34
7,35
125,35
201,35
329,35
6,36
124,36
202,36
329,36
6,37
124,37
203,37
329,37
6,38
123,38
203,38
329,38
6,39
122,39
204,39
329,39
6,40
121,40
205,40
329,40
6,41
120,41
206,41
329,41
6,42
120,42
207,42
329,42
6,43
119,43
207,43
329,43
6,44
118,44
208,44
329,44
6,45
118,45
208,45
329,45
6,46
117,46
209,46
329,46
5,47
117,47
210,47
329,47
5,48
117,48
211,48
329,48
5,49
116,49
211,49
329,49
5,50
116,50
212,50
329,50
4,51
117,51
211,51
329,51
4,52
117,52
211,52
329,52
4,53
117,53
211,53
328,53
4,54
117,54
211,54
327,54
4,55
117,55
211,55
328,55
4,56
117,56
211,56
328,56
4,57
116,57
211,57
328,57
4,58
116,58
211,58
328,58
4,59
117,59
211,59
327,59
4,60
118,60
211,60
327,60
4,61
119,61
210,61
327,61
4,62
120,62
209,62
327,62
4,63
121,63
208,63
327,63
4,64
121,64
208,64
328,64
4,65
122,65
207,65
328,65
4,66
123,66
206,66
327,66
4,67
124,67
125,67
205,67
327,67
3,68
126,68
204,68
327,68
3,69
127,69
128,69
203,69
327,69
3,70
129,70
130,70
131,70
202,70
327,70
3,71
132,71
200,71
201,71
327,71
2,72
133,72
134,72
198,72
199,72
327,72
2,73
135,73
136,73
139,73
140,73
141,73
196,73
197,73
327,73
2,74
137,74
138,74
142,74
194,74
195,74
327,74
2,75
143,75
186,75
191,75
192,75
193,75
327,75
2,76
144,76
145,76
146,76
147,76
181,76
182,76
183,76
184,76
185,76
187,76
188,76
189,76
190,76
327,76
2,77
148,77
149,77
150,77
151,77
152,77
153,77
154,77
155,77
156,77
157,77
158,77
159,77
160,77
161,77
174,77
175,77
176,77
177,77
178,77
179,77
180,77
327,77
2,78
162,78
163,78
164,78
165,78
166,78
167,78
168,78
169,78
170,78
171,78
172,78
173,78
327,78
2,79
326,79
2,80
326,80
2,81
326,81
2,82
326,82
2,83
326,83
2,84
326,84
2,85
326,85
2,86
326,86
2,87
326,87
1,88
326,88
1,89
326,89
1,90
325,90
1,91
325,91
1,92
325,92
1,93
326,93
1,94
325,94
1,95
325,95
1,96
325,96
0,97
325,97
0,98
269,98
270,98
271,98
272,98
325,98
0,99
266,99
267,99
268,99
273,99
274,99
275,99
276,99
277,99
325,99
0,100
263,100
264,100
265,100
278,100
279,100
280,100
324,100
1,101
260,101
261,101
262,101
281,101
282,101
283,101
324,101
0,102
45,102
46,102
47,102
48,102
49,102
259,102
284,102
285,102
324,102
1,103
44,103
50,103
51,103
258,103
286,103
323,103
1,104
36,104
38,104
39,104
40,104
41,104
42,104
43,104
52,104
256,104
257,104
287,104
322,104
1,105
33,105
34,105
35,105
37,105
51,105
255,105
288,105
289,105
290,105
322,105
1,106
32,106
52,106
53,106
254,106
291,106
292,106
321,106
2,107
31,107
54,107
55,107
253,107
293,107
294,107
321,107
2,108
29,108
30,108
56,108
252,108
295,108
296,108
297,108
320,108
2,109
28,109
57,109
252,109
298,109
299,109
300,109
319,109
3,110
26,110
27,110
58,110
59,110
251,110
301,110
302,110
318,110
3,111
25,111
60,111
250,111
303,111
304,111
305,111
306,111
307,111
308,111
309,111
310,111
317,111
3,112
24,112
61,112
249,112
311,112
312,112
313,112
314,112
315,112
316,112
4,113
23,113
62,113
248,113
5,114
21,114
22,114
62,114
248,114
6,115
19,115
20,115
62,115
248,115
7,116
17,116
18,116
63,116
248,116
8,117
9,117
10,117
11,117
15,117
16,117
64,117
248,117
12,118
13,118
14,118
65,118
248,118
65,119
247,119
66,120
246,120
67,121
245,121
67,122
245,122
66,123
245,123
66,124
244,124
66,125
244,125
66,126
243,126
66,127
242,127
67,128
242,128
67,129
241,129
67,130
241,130
68,131
241,131
68,132
241,132
68,133
241,133
69,134
241,134
69,135
241,135
69,136
241,136
68,137
241,137
67,138
241,138
68,139
241,139
69,140
241,140
69,141
242,141
68,142
242,142
67,143
242,143
67,144
242,144
67,145
243,145
68,146
243,146
68,147
244,147
67,148
244,148
66,149
244,149
66,150
245,150
66,151
246,151
65,152
245,152
65,153
245,153
65,154
246,154
65,155
246,155
8,156
9,156
10,156
64,156
247,156
7,157
11,157
12,157
13,157
14,157
15,157
16,157
63,157
247,157
6,158
17,158
18,158
63,158
248,158
5,159
19,159
20,159
62,159
248,159
5,160
21,160
22,160
23,160
24,160
62,160
249,160
4,161
25,161
62,161
250,161
308,161
309,161
4,162
26,162
27,162
61,162
251,162
306,162
307,162
310,162
3,163
28,163
29,163
30,163
60,163
252,163
301,163
302,163
303,163
304,163
305,163
311,163
312,163
313,163
314,163
315,163
316,163
3,164
31,164
32,164
33,164
59,164
253,164
297,164
298,164
299,164
300,164
317,164
3,165
34,165
58,165
254,165
295,165
296,165
318,165
3,166
35,166
58,166
255,166
293,166
294,166
319,166
2,167
36,167
37,167
53,167
54,167
55,167
56,167
57,167
256,167
290,167
291,167
292,167
320,167
2,168
38,168
39,168
52,168
257,168
288,168
289,168
321,168
2,169
40,169
45,169
50,169
51,169
257,169
283,169
284,169
285,169
286,169
287,169
321,169
2,170
41,170
42,170
43,170
44,170
46,170
47,170
49,170
258,170
281,170
282,170
322,170
2,171
48,171
259,171
279,171
280,171
322,171
1,172
260,172
275,172
276,172
277,172
278,172
322,172
1,173
261,173
262,173
263,173
271,173
272,173
273,173
274,173
323,173
1,174
264,174
265,174
266,174
267,174
268,174
269,174
270,174
323,174
1,175
324,175
1,176
324,176
1,177
324,177
1,178
323,178
1,179
323,179
1,180
323,180
1,181
323,181
1,182
324,182
1,183
324,183
1,184
324,184
1,185
324,185
1,186
324,186
1,187
324,187
1,188
324,188
1,189
324,189
2,190
324,190
2,191
158,191
324,191
2,192
157,192
159,192
324,192
2,193
151,193
152,193
153,193
154,193
155,193
156,193
160,193
161,193
162,193
324,193
2,194
149,194
150,194
163,194
164,194
165,194
166,194
167,194
168,194
169,194
324,194
2,195
146,195
147,195
148,195
170,195
171,195
324,195
2,196
144,196
145,196
172,196
173,196
174,196
324,196
1,197
142,197
143,197
175,197
176,197
177,197
324,197
2,198
140,198
141,198
178,198
179,198
324,198
2,199
138,199
139,199
180,199
181,199
325,199
2,200
134,200
136,200
137,200
182,200
325,200
2,201
133,201
135,201
183,201
325,201
2,202
130,202
131,202
132,202
184,202
325,202
2,203
129,203
185,203
186,203
324,203
2,204
129,204
187,204
324,204
2,205
128,205
188,205
189,205
324,205
2,206
126,206
127,206
190,206
324,206
3,207
125,207
190,207
324,207
3,208
125,208
191,208
324,208
3,209
124,209
192,209
324,209
3,210
123,210
193,210
324,210
3,211
123,211
194,211
324,211
4,212
122,212
195,212
324,212
4,213
122,213
196,213
324,213
4,214
122,214
196,214
324,214
4,215
121,215
196,215
324,215
4,216
121,216
197,216
324,216
5,217
120,217
197,217
325,217
5,218
120,218
197,218
325,218
5,219
120,219
197,219
325,219
5,220
120,220
197,220
325,220
5,221
120,221
197,221
325,221
4,222
120,222
197,222
325,222
4,223
120,223
197,223
325,223
4,224
119,224
197,224
325,224
4,225
119,225
196,225
325,225
4,226
120,226
195,226
325,226
4,227
120,227
195,227
325,227
5,228
120,228
195,228
324,228
5,229
120,229
195,229
325,229
5,230
120,230
194,230
325,230
5,231
121,231
194,231
325,231
5,232
121,232
194,232
325,232
6,233
121,233
194,233
325,233
6,234
122,234
194,234
325,234
6,235
122,235
194,235
325,235
6,236
122,236
193,236
325,236
6,237
123,237
193,237
325,237
6,238
123,238
193,238
325,238
6,239
123,239
193,239
326,239
6,240
124,240
192,240
326,240
6,241
124,241
192,241
326,241
7,242
125,242
192,242
326,242
7,243
125,243
191,243
326,243
7,244
125,244
191,244
326,244
7,245
126,245
191,245
326,245
7,246
127,246
191,246
326,246
6,247
127,247
191,247
326,247
7,248
127,248
191,248
326,248
7,249
126,249
191,249
326,249
7,250
127,250
190,250
326,250
7,251
127,251
189,251
326,251
7,252
127,252
189,252
326,252
7,253
127,253
189,253
325,253
7,254
128,254
189,254
325,254
7,255
128,255
189,255
325,255
7,256
128,256
189,256
325,256
7,257
128,257
189,257
326,257
8,258
128,258
189,258
325,258
9,259
10,259
11,259
128,259
189,259
325,259
12,260
13,260
14,260
15,260
16,260
17,260
18,260
128,260
189,260
325,260
19,261
20,261
21,261
22,261
23,261
24,261
25,261
26,261
27,261
28,261
29,261
30,261
31,261
32,261
33,261
128,261
189,261
324,261
34,262
128,262
189,262
317,262
318,262
319,262
320,262
321,262
322,262
323,262
35,263
36,263
37,263
38,263
39,263
40,263
41,263
42,263
43,263
44,263
45,263
46,263
47,263
48,263
49,263
50,263
127,263
189,263
302,263
303,263
304,263
305,263
306,263
307,263
310,263
311,263
312,263
313,263
314,263
315,263
316,263
51,264
52,264
53,264
54,264
55,264
56,264
57,264
58,264
127,264
190,264
293,264
294,264
295,264
296,264
297,264
298,264
299,264
300,264
301,264
308,264
309,264
59,265
60,265
61,265
126,265
190,265
280,265
281,265
282,265
284,265
285,265
286,265
287,265
288,265
289,265
290,265
291,265
292,265
62,266
63,266
64,266
65,266
66,266
67,266
69,266
125,266
191,266
266,266
267,266
268,266
269,266
270,266
271,266
272,266
273,266
274,266
275,266
276,266
277,266
278,266
279,266
283,266
68,267
70,267
71,267
72,267
73,267
74,267
75,267
76,267
77,267
78,267
79,267
80,267
81,267
82,267
124,267
192,267
193,267
249,267
256,267
257,267
263,267
264,267
265,267
83,268
122,268
123,268
194,268
243,268
244,268
245,268
246,268
247,268
248,268
250,268
251,268
252,268
253,268
254,268
255,268
258,268
259,268
260,268
261,268
262,268
84,269
85,269
86,269
87,269
88,269
89,269
121,269
195,269
196,269
197,269
227,269
228,269
229,269
230,269
231,269
232,269
235,269
236,269
237,269
238,269
239,269
240,269
241,269
242,269
90,270
91,270
92,270
93,270
94,270
95,270
96,270
97,270
98,270
99,270
100,270
101,270
102,270
103,270
104,270
105,270
106,270
107,270
117,270
118,270
119,270
120,270
198,270
199,270
200,270
223,270
224,270
225,270
226,270
233,270
234,270
108,271
109,271
110,271
111,271
112,271
113,271
114,271
115,271
116,271
201,271
202,271
203,271
204,271
205,271
206,271
207,271
213,271
214,271
215,271
216,271
217,271
218,271
219,271
220,271
221,271
222,271
208,272
209,272
210,272
211,272
212,272