198,0
199,0
200,0
201,0
202,0
208,0
209,0
210,0
211,0
212,0
213,0
214,0
215,0
216,0
217,0
218,0
193,1
194,1
195,1
196,1
197,1
203,1
204,1
205,1
206,1
207,1
219,1
190,2
191,2
192,2
220,2
221,2
222,2
223,2
224,2
225,2
226,2
227,2
228,2
229,2
230,2
231,2
184,3
185,3
186,3
187,3
188,3
189,3
232,3
233,3
234,3
235,3
182,4
183,4
236,4
180,5
181,5
237,5
238,5
178,6
179,6
239,6
240,6
241,6
177,7
242,7
243,7
244,7
176,8
245,8
246,8
175,9
247,9
248,9
174,10
249,10
173,11
250,11
172,12
251,12
171,13
252,13
171,14
253,14
170,15
253,15
170,16
254,16
170,17
254,17
170,18
255,18
169,19
256,19
169,20
256,20
169,21
256,21
170,22
255,22
170,23
255,23
171,24
255,24
172,25
255,25
172,26
254,26
172,27
254,27
173,28
253,28
174,29
253,29
175,30
252,30
176,31
251,31
177,32
251,32
178,33
250,33
179,34
249,34
179,35
249,35
179,36
247,36
248,36
179,37
245,37
246,37
180,38
244,38
181,39
244,39
182,40
243,40
183,41
242,41
184,42
242,42
185,43
241,43
185,44
240,44
186,45
239,45
186,46
238,46
187,47
238,47
188,48
238,48
188,49
237,49
189,50
236,50
189,51
236,51
190,52
236,52
190,53
235,53
190,54
235,54
190,55
234,55
190,56
234,56
191,57
233,57
191,58
233,58
191,59
233,59
191,60
233,60
192,61
233,61
192,62
233,62
192,63
233,63
191,64
234,64
191,65
234,65
191,66
234,66
190,67
235,67
190,68
236,68
189,69
236,69
240,69
241,69
187,70
188,70
237,70
239,70
242,70
183,71
185,71
186,71
238,71
241,71
182,72
184,72
240,72
179,73
180,73
181,73
241,73
242,73
243,73
175,74
176,74
177,74
178,74
244,74
245,74
246,74
247,74
162,75
163,75
164,75
165,75
166,75
169,75
170,75
171,75
172,75
173,75
174,75
248,75
249,75
250,75
251,75
127,76
128,76
129,76
130,76
131,76
132,76
140,76
141,76
142,76
143,76
144,76
145,76
146,76
147,76
148,76
149,76
150,76
151,76
152,76
153,76
154,76
155,76
156,76
157,76
158,76
159,76
160,76
161,76
167,76
168,76
252,76
253,76
254,76
255,76
256,76
257,76
258,76
259,76
260,76
261,76
262,76
263,76
264,76
265,76
266,76
267,76
268,76
109,77
110,77
111,77
112,77
113,77
114,77
115,77
121,77
122,77
123,77
124,77
125,77
126,77
133,77
134,77
135,77
136,77
137,77
138,77
139,77
269,77
270,77
271,77
272,77
273,77
274,77
275,77
276,77
277,77
278,77
279,77
280,77
281,77
282,77
283,77
284,77
285,77
92,78
93,78
94,78
95,78
96,78
97,78
98,78
100,78
101,78
102,78
103,78
104,78
105,78
106,78
107,78
108,78
116,78
117,78
118,78
119,78
120,78
286,78
287,78
288,78
289,78
290,78
291,78
292,78
293,78
294,78
295,78
296,78
297,78
298,78
299,78
300,78
301,78
302,78
91,79
99,79
303,79
304,79
305,79
306,79
307,79
308,79
309,79
310,79
311,79
312,79
313,79
314,79
315,79
316,79
317,79
318,79
90,80
319,80
320,80
321,80
322,80
323,80
324,80
325,80
326,80
327,80
328,80
329,80
330,80
331,80
332,80
333,80
334,80
335,80
90,81
336,81
337,81
338,81
339,81
340,81
341,81
342,81
343,81
344,81
345,81
346,81
347,81
348,81
349,81
350,81
351,81
352,81
90,82
353,82
354,82
355,82
356,82
357,82
358,82
359,82
360,82
361,82
362,82
363,82
364,82
365,82
366,82
367,82
368,82
369,82
378,82
379,82
90,83
370,83
371,83
372,83
373,83
374,83
375,83
376,83
377,83
380,83
381,83
382,83
383,83
384,83
385,83
386,83
393,83
89,84
387,84
388,84
389,84
390,84
391,84
392,84
394,84
395,84
396,84
397,84
89,85
398,85
89,86
398,86
89,87
398,87
89,88
398,88
89,89
398,89
89,90
399,90
89,91
399,91
89,92
399,92
89,93
399,93
89,94
399,94
89,95
399,95
89,96
399,96
89,97
399,97
89,98
399,98
89,99
400,99
89,100
400,100
88,101
400,101
88,102
400,102
88,103
400,103
88,104
401,104
88,105
401,105
88,106
401,106
88,107
401,107
88,108
401,108
88,109
401,109
88,110
401,110
88,111
400,111
88,112
401,112
88,113
401,113
88,114
401,114
88,115
401,115
88,116
401,116
88,117
402,117
87,118
402,118
87,119
402,119
87,120
402,120
87,121
402,121
87,122
402,122
88,123
403,123
88,124
403,124
88,125
403,125
87,126
403,126
87,127
403,127
88,128
402,128
88,129
402,129
88,130
402,130
88,131
402,131
88,132
402,132
88,133
403,133
88,134
403,134
87,135
403,135
87,136
403,136
87,137
403,137
87,138
403,138
87,139
403,139
87,140
403,140
87,141
403,141
87,142
403,142
87,143
403,143
87,144
348,144
349,144
350,144
351,144
352,144
404,144
87,145
346,145
347,145
353,145
354,145
403,145
87,146
344,146
345,146
355,146
356,146
357,146
358,146
359,146
360,146
403,146
87,147
343,147
361,147
362,147
363,147
403,147
87,148
343,148
364,148
403,148
87,149
341,149
342,149
365,149
403,149
87,150
340,150
365,150
403,150
87,151
340,151
366,151
367,151
402,151
86,152
339,152
368,152
402,152
86,153
338,153
369,153
370,153
402,153
87,154
337,154
371,154
402,154
86,155
336,155
372,155
373,155
402,155
86,156
336,156
374,156
402,156
86,157
335,157
375,157
402,157
86,158
335,158
376,158
401,158
86,159
334,159
377,159
378,159
400,159
25,160
26,160
27,160
28,160
29,160
30,160
31,160
32,160
33,160
34,160
35,160
36,160
37,160
38,160
39,160
40,160
41,160
42,160
86,160
333,160
379,160
400,160
22,161
23,161
24,161
43,161
44,161
85,161
332,161
380,161
381,161
399,161
20,162
21,162
45,162
85,162
332,162
382,162
383,162
384,162
398,162
19,163
46,163
47,163
85,163
332,163
385,163
396,163
397,163
17,164
18,164
48,164
49,164
85,164
331,164
386,164
387,164
388,164
389,164
390,164
391,164
392,164
393,164
394,164
395,164
16,165
50,165
51,165
84,165
331,165
15,166
52,166
53,166
84,166
332,166
12,167
13,167
14,167
54,167
84,167
332,167
11,168
54,168
83,168
331,168
10,169
55,169
56,169
77,169
82,169
330,169
9,170
57,170
58,170
76,170
78,170
81,170
330,170
8,171
59,171
60,171
75,171
78,171
80,171
330,171
8,172
61,172
73,172
74,172
79,172
330,172
7,173
62,173
63,173
72,173
329,173
6,174
64,174
65,174
66,174
72,174
329,174
6,175
67,175
68,175
69,175
70,175
71,175
329,175
5,176
328,176
5,177
328,177
5,178
328,178
4,179
328,179
4,180
328,180
4,181
328,181
3,182
328,182
3,183
328,183
2,184
328,184
1,185
328,185
1,186
327,186
1,187
327,187
1,188
327,188
1,189
327,189
1,190
327,190
1,191
328,191
0,192
328,192
0,193
327,193
1,194
327,194
1,195
327,195
1,196
327,196
1,197
327,197
1,198
328,198
1,199
328,199
1,200
328,200
1,201
328,201
1,202
328,202
1,203
329,203
1,204
329,204
1,205
329,205
2,206
329,206
3,207
329,207
3,208
329,208
3,209
329,209
4,210
329,210
4,211
329,211
5,212
329,212
6,213
329,213
6,214
330,214
7,215
330,215
8,216
331,216
8,217
331,217
8,218
331,218
390,218
391,218
392,218
393,218
394,218
395,218
396,218
397,218
398,218
9,219
65,219
66,219
67,219
68,219
69,219
70,219
71,219
332,219
387,219
388,219
389,219
399,219
10,220
60,220
63,220
64,220
72,220
73,220
74,220
75,220
332,220
385,220
386,220
399,220
11,221
57,221
58,221
59,221
61,221
62,221
76,221
333,221
384,221
400,221
12,222
55,222
56,222
77,222
333,222
381,222
382,222
383,222
401,222
13,223
53,223
54,223
78,223
334,223
379,223
380,223
402,223
14,224
15,224
52,224
79,224
335,224
378,224
403,224
16,225
17,225
50,225
51,225
80,225
336,225
377,225
404,225
18,226
19,226
48,226
49,226
80,226
336,226
376,226
404,226
20,227
21,227
47,227
81,227
337,227
375,227
405,227
22,228
23,228
24,228
25,228
26,228
43,228
45,228
46,228
82,228
336,228
372,228
374,228
405,228
27,229
38,229
39,229
40,229
41,229
42,229
44,229
82,229
337,229
338,229
371,229
373,229
405,229
28,230
29,230
30,230
31,230
32,230
33,230
34,230
35,230
36,230
37,230
82,230
339,230
371,230
405,230
83,231
339,231
370,231
405,231
83,232
339,232
369,232
405,232
84,233
340,233
367,233
368,233
405,233
84,234
341,234
342,234
364,234
365,234
366,234
405,234
85,235
343,235
363,235
405,235
85,236
344,236
345,236
362,236
405,236
84,237
346,237
347,237
361,237
406,237
84,238
348,238
359,238
360,238
406,238
84,239
193,239
194,239
195,239
196,239
197,239
199,239
200,239
201,239
202,239
203,239
204,239
205,239
206,239
207,239
208,239
209,239
210,239
211,239
212,239
349,239
350,239
358,239
406,239
85,240
189,240
190,240
191,240
192,240
198,240
213,240
351,240
352,240
353,240
354,240
355,240
356,240
357,240
406,240
85,241
187,241
188,241
213,241
406,241
85,242
186,242
214,242
215,242
216,242
406,242
85,243
185,243
217,243
218,243
219,243
406,243
85,244
181,244
182,244
183,244
184,244
220,244
221,244
222,244
406,244
86,245
180,245
223,245
224,245
406,245
86,246
177,246
178,246
179,246
225,246
226,246
406,246
86,247
175,247
176,247
227,247
228,247
405,247
86,248
174,248
229,248
405,248
86,249
174,249
230,249
405,249
86,250
172,250
173,250
231,250
405,250
86,251
171,251
232,251
233,251
405,251
86,252
170,252
234,252
405,252
87,253
170,253
235,253
236,253
405,253
86,254
169,254
237,254
405,254
86,255
167,255
168,255
238,255
405,255
86,256
166,256
239,256
406,256
87,257
165,257
239,257
406,257
87,258
165,258
240,258
406,258
87,259
164,259
239,259
406,259
87,260
163,260
240,260
406,260
87,261
163,261
240,261
406,261
87,262
163,262
240,262
406,262
87,263
163,263
240,263
405,263
87,264
163,264
240,264
405,264
87,265
163,265
240,265
405,265
88,266
163,266
240,266
405,266
88,267
164,267
240,267
405,267
88,268
164,268
240,268
405,268
89,269
165,269
240,269
405,269
89,270
165,270
239,270
405,270
88,271
166,271
239,271
405,271
88,272
167,272
239,272
405,272
88,273
167,273
238,273
405,273
88,274
167,274
238,274
405,274
88,275
167,275
237,275
405,275
88,276
168,276
236,276
405,276
88,277
169,277
236,277
405,277
88,278
169,278
235,278
405,278
88,279
170,279
235,279
405,279
89,280
170,280
234,280
404,280
89,281
171,281
234,281
404,281
89,282
172,282
234,282
404,282
89,283
172,283
233,283
404,283
90,284
173,284
233,284
404,284
90,285
173,285
232,285
404,285
90,286
174,286
232,286
404,286
90,287
174,287
231,287
404,287
89,288
175,288
231,288
404,288
89,289
176,289
231,289
404,289
90,290
177,290
230,290
404,290
90,291
176,291
229,291
404,291
90,292
177,292
228,292
404,292
90,293
177,293
228,293
404,293
90,294
177,294
228,294
404,294
90,295
177,295
227,295
404,295
90,296
178,296
227,296
404,296
90,297
178,297
227,297
403,297
91,298
178,298
227,298
403,298
91,299
178,299
228,299
403,299
91,300
178,300
228,300
403,300
91,301
177,301
228,301
403,301
91,302
177,302
229,302
404,302
91,303
176,303
230,303
404,303
92,304
174,304
175,304
231,304
404,304
91,305
173,305
232,305
233,305
403,305
91,306
170,306
171,306
172,306
234,306
235,306
403,306
91,307
159,307
166,307
167,307
168,307
169,307
236,307
237,307
238,307
239,307
240,307
241,307
242,307
403,307
91,308
157,308
158,308
160,308
161,308
162,308
163,308
164,308
165,308
243,308
244,308
403,308
91,309
151,309
152,309
153,309
154,309
155,309
156,309
245,309
246,309
247,309
254,309
255,309
256,309
403,309
91,310
137,310
138,310
139,310
140,310
141,310
142,310
144,310
145,310
146,310
147,310
148,310
149,310
150,310
248,310
249,310
250,310
251,310
252,310
253,310
257,310
258,310
259,310
260,310
261,310
403,310
92,311
125,311
132,311
133,311
134,311
135,311
136,311
143,311
262,311
263,311
264,311
265,311
266,311
267,311
268,311
269,311
270,311
271,311
272,311
273,311
274,311
275,311
276,311
277,311
278,311
404,311
92,312
119,312
120,312
121,312
122,312
123,312
124,312
126,312
127,312
128,312
129,312
130,312
131,312
279,312
280,312
281,312
282,312
283,312
284,312
285,312
286,312
287,312
288,312
289,312
290,312
291,312
292,312
293,312
404,312
92,313
107,313
108,313
116,313
117,313
118,313
294,313
295,313
308,313
309,313
310,313
404,313
93,314
104,314
105,314
106,314
109,314
110,314
111,314
112,314
113,314
114,314
115,314
296,314
297,314
298,314
299,314
300,314
301,314
302,314
303,314
304,314
305,314
306,314
307,314
311,314
312,314
403,314
94,315
95,315
96,315
97,315
98,315
99,315
100,315
101,315
102,315
103,315
313,315
314,315
315,315
316,315
317,315
318,315
319,315
320,315
321,315
322,315
323,315
324,315
325,315
326,315
327,315
328,315
403,315
329,316
330,316
331,316
332,316
333,316
334,316
338,316
339,316
402,316
335,317
336,317
337,317
340,317
341,317
342,317
343,317
344,317
345,317
402,317
346,318
347,318
348,318
349,318
350,318
351,318
352,318
353,318
354,318
355,318
356,318
357,318
358,318
359,318
360,318
361,318
362,318
402,318
363,319
364,319
365,319
366,319
367,319
368,319
369,319
370,319
371,319
372,319
373,319
374,319
375,319
376,319
377,319
403,319
378,320
379,320
380,320
381,320
382,320
383,320
385,320
386,320
402,320
384,321
387,321
388,321
389,321
390,321
391,321
392,321
393,321
394,321
395,321
396,321
398,321
399,321
400,321
401,321
397,322