293,0
294,0
296,0
297,0
298,0
299,0
279,1
281,1
282,1
283,1
284,1
285,1
286,1
287,1
288,1
289,1
290,1
291,1
292,1
295,1
300,1
301,1
302,1
266,2
271,2
272,2
273,2
274,2
275,2
276,2
277,2
278,2
280,2
303,2
247,3
258,3
259,3
260,3
261,3
262,3
263,3
264,3
265,3
267,3
268,3
269,3
270,3
302,3
223,4
224,4
225,4
226,4
227,4
228,4
229,4
230,4
231,4
232,4
233,4
234,4
235,4
236,4
237,4
238,4
239,4
240,4
241,4
242,4
243,4
244,4
245,4
246,4
248,4
249,4
250,4
251,4
252,4
253,4
254,4
255,4
256,4
257,4
302,4
221,5
222,5
302,5
218,6
219,6
220,6
302,6
215,7
216,7
217,7
302,7
214,8
302,8
131,9
132,9
133,9
134,9
135,9
136,9
137,9
138,9
139,9
140,9
141,9
142,9
213,9
302,9
89,10
105,10
106,10
107,10
108,10
109,10
110,10
111,10
112,10
113,10
114,10
115,10
116,10
117,10
118,10
119,10
120,10
121,10
122,10
123,10
124,10
125,10
126,10
127,10
128,10
129,10
130,10
143,10
144,10
145,10
146,10
147,10
148,10
149,10
211,10
212,10
302,10
82,11
83,11
84,11
85,11
86,11
87,11
88,11
90,11
91,11
92,11
93,11
94,11
99,11
100,11
101,11
102,11
103,11
104,11
150,11
151,11
152,11
153,11
154,11
155,11
210,11
302,11
35,12
36,12
37,12
38,12
62,12
67,12
68,12
69,12
70,12
71,12
72,12
73,12
74,12
75,12
76,12
77,12
78,12
79,12
80,12
81,12
95,12
96,12
97,12
98,12
156,12
157,12
209,12
302,12
12,13
13,13
14,13
15,13
16,13
17,13
26,13
27,13
28,13
29,13
30,13
31,13
32,13
33,13
34,13
39,13
40,13
41,13
42,13
43,13
44,13
45,13
46,13
47,13
48,13
49,13
50,13
51,13
52,13
53,13
54,13
55,13
56,13
57,13
58,13
59,13
60,13
61,13
63,13
64,13
65,13
66,13
158,13
159,13
209,13
302,13
4,14
5,14
6,14
7,14
8,14
9,14
10,14
11,14
18,14
19,14
20,14
21,14
22,14
23,14
24,14
25,14
160,14
209,14
302,14
2,15
3,15
161,15
209,15
301,15
1,16
161,16
209,16
301,16
1,17
161,17
208,17
301,17
1,18
161,18
208,18
300,18
1,19
161,19
208,19
300,19
1,20
161,20
209,20
300,20
1,21
161,21
209,21
299,21
1,22
161,22
209,22
299,22
1,23
161,23
210,23
299,23
2,24
161,24
210,24
299,24
2,25
161,25
211,25
299,25
2,26
160,26
211,26
299,26
2,27
160,27
212,27
299,27
2,28
160,28
213,28
298,28
2,29
160,29
213,29
298,29
2,30
159,30
214,30
298,30
2,31
159,31
215,31
298,31
2,32
158,32
216,32
298,32
3,33
158,33
217,33
297,33
3,34
157,34
217,34
297,34
3,35
157,35
218,35
219,35
297,35
3,36
156,36
220,36
297,36
3,37
155,37
221,37
297,37
3,38
155,38
222,38
297,38
3,39
154,39
223,39
296,39
3,40
153,40
223,40
296,40
3,41
153,41
224,41
296,41
3,42
152,42
225,42
296,42
3,43
151,43
226,43
296,43
4,44
150,44
227,44
296,44
4,45
150,45
228,45
296,45
4,46
149,46
229,46
296,46
4,47
149,47
229,47
296,47
4,48
148,48
230,48
295,48
4,49
147,49
230,49
295,49
4,50
146,50
231,50
295,50
4,51
146,51
232,51
295,51
5,52
145,52
232,52
295,52
5,53
145,53
232,53
295,53
5,54
145,54
232,54
294,54
5,55
145,55
232,55
294,55
5,56
145,56
231,56
294,56
6,57
145,57
230,57
294,57
6,58
144,58
230,58
294,58
6,59
144,59
230,59
294,59
5,60
143,60
231,60
294,60
5,61
143,61
231,61
294,61
6,62
144,62
231,62
293,62
6,63
144,63
230,63
293,63
6,64
145,64
230,64
293,64
6,65
145,65
230,65
293,65
7,66
146,66
230,66
293,66
6,67
146,67
228,67
229,67
293,67
6,68
146,68
227,68
293,68
6,69
146,69
225,69
226,69
292,69
6,70
147,70
222,70
223,70
224,70
291,70
6,71
148,71
221,71
291,71
6,72
149,72
220,72
291,72
6,73
150,73
151,73
219,73
291,73
6,74
152,74
153,74
154,74
218,74
291,74
7,75
155,75
156,75
215,75
216,75
217,75
291,75
7,76
157,76
158,76
159,76
212,76
213,76
214,76
290,76
7,77
160,77
209,77
210,77
211,77
290,77
7,78
161,78
162,78
163,78
164,78
165,78
204,78
205,78
206,78
207,78
208,78
290,78
7,79
166,79
167,79
168,79
169,79
170,79
171,79
172,79
173,79
174,79
194,79
201,79
202,79
203,79
290,79
7,80
175,80
176,80
177,80
178,80
179,80
180,80
181,80
182,80
183,80
184,80
185,80
186,80
187,80
188,80
189,80
190,80
191,80
192,80
193,80
195,80
196,80
197,80
198,80
199,80
200,80
290,80
8,81
290,81
8,82
290,82
8,83
290,83
8,84
290,84
8,85
290,85
8,86
290,86
8,87
290,87
8,88
290,88
9,89
290,89
9,90
66,90
67,90
68,90
291,90
9,91
59,91
60,91
61,91
62,91
63,91
65,91
69,91
70,91
291,91
10,92
52,92
53,92
54,92
55,92
56,92
57,92
58,92
64,92
71,92
72,92
291,92
337,92
10,93
51,93
73,93
292,93
331,93
332,93
333,93
334,93
335,93
336,93
338,93
339,93
340,93
341,93
342,93
10,94
49,94
50,94
74,94
292,94
330,94
343,94
344,94
11,95
47,95
48,95
75,95
76,95
293,95
328,95
329,95
345,95
12,96
43,96
44,96
45,96
46,96
77,96
293,96
326,96
327,96
346,96
12,97
42,97
77,97
293,97
324,97
325,97
347,97
12,98
40,98
41,98
78,98
293,98
322,98
323,98
348,98
13,99
33,99
34,99
35,99
36,99
37,99
38,99
39,99
79,99
80,99
293,99
321,99
349,99
14,100
32,100
81,100
294,100
318,100
319,100
320,100
349,100
15,101
29,101
31,101
82,101
295,101
316,101
317,101
350,101
16,102
17,102
18,102
19,102
20,102
21,102
22,102
23,102
24,102
25,102
26,102
27,102
28,102
30,102
83,102
296,102
315,102
350,102
84,103
297,103
313,103
314,103
351,103
84,104
298,104
311,104
312,104
351,104
84,105
299,105
309,105
310,105
352,105
85,106
300,106
301,106
304,106
305,106
306,106
307,106
308,106
352,106
86,107
302,107
303,107
353,107
87,108
353,108
87,109
354,109
88,110
354,110
89,111
355,111
89,112
355,112
89,113
356,113
89,114
356,114
90,115
356,115
90,116
356,116
90,117
357,117
91,118
357,118
91,119
357,119
91,120
357,120
91,121
357,121
91,122
357,122
91,123
356,123
91,124
356,124
91,125
356,125
91,126
356,126
91,127
356,127
92,128
356,128
92,129
356,129
92,130
356,130
92,131
356,131
92,132
355,132
92,133
355,133
92,134
355,134
92,135
355,135
91,136
355,136
90,137
355,137
90,138
355,138
90,139
355,139
90,140
354,140
89,141
354,141
89,142
354,142
89,143
353,143
88,144
353,144
87,145
299,145
300,145
301,145
302,145
303,145
304,145
305,145
306,145
307,145
308,145
309,145
310,145
352,145
85,146
86,146
297,146
298,146
311,146
312,146
313,146
352,146
84,147
296,147
314,147
315,147
351,147
84,148
295,148
316,148
317,148
351,148
84,149
294,149
318,149
350,149
84,150
294,150
319,150
320,150
321,150
322,150
349,150
84,151
293,151
323,151
348,151
83,152
293,152
324,152
325,152
347,152
82,153
293,153
326,153
327,153
346,153
81,154
292,154
328,154
329,154
345,154
80,155
292,155
330,155
331,155
343,155
344,155
19,156
20,156
21,156
22,156
23,156
24,156
25,156
26,156
27,156
28,156
29,156
30,156
79,156
292,156
332,156
333,156
334,156
335,156
336,156
337,156
338,156
339,156
340,156
341,156
342,156
17,157
18,157
31,157
32,157
33,157
34,157
35,157
36,157
78,157
291,157
16,158
37,158
78,158
291,158
14,159
15,159
38,159
39,159
77,159
291,159
13,160
40,160
41,160
77,160
291,160
13,161
42,161
43,161
44,161
74,161
75,161
76,161
291,161
13,162
45,162
46,162
73,162
290,162
12,163
47,163
48,163
49,163
50,163
51,163
52,163
72,163
290,163
12,164
53,164
54,164
55,164
56,164
69,164
70,164
71,164
290,164
11,165
57,165
58,165
59,165
60,165
61,165
62,165
63,165
64,165
65,165
66,165
67,165
68,165
290,165
11,166
290,166
10,167
290,167
10,168
290,168
9,169
290,169
9,170
290,170
9,171
290,171
8,172
290,172
8,173
290,173
8,174
289,174
8,175
289,175
7,176
289,176
7,177
289,177
7,178
289,178
7,179
290,179
7,180
290,180
7,181
290,181
7,182
290,182
7,183
290,183
7,184
290,184
6,185
290,185
6,186
290,186
6,187
290,187
6,188
290,188
6,189
290,189
6,190
290,190
6,191
291,191
6,192
291,192
6,193
291,193
6,194
290,194
6,195
290,195
6,196
290,196
5,197
291,197
5,198
291,198
5,199
291,199
5,200
291,200
5,201
291,201
5,202
291,202
5,203
291,203
5,204
291,204
5,205
291,205
4,206
291,206
4,207
291,207
4,208
291,208
4,209
291,209
4,210
291,210
4,211
291,211
4,212
291,212
4,213
292,213
4,214
292,214
4,215
292,215
4,216
292,216
4,217
292,217
4,218
292,218
4,219
292,219
3,220
292,220
3,221
292,221
3,222
292,222
3,223
292,223
2,224
292,224
2,225
292,225
2,226
291,226
1,227
291,227
1,228
291,228
2,229
291,229
2,230
291,230
1,231
292,231
1,232
292,232
1,233
292,233
1,234
292,234
1,235
292,235
1,236
292,236
1,237
292,237
1,238
292,238
1,239
292,239
1,240
292,240
1,241
292,241
1,242
292,242
1,243
292,243
1,244
120,244
121,244
122,244
123,244
124,244
125,244
126,244
127,244
128,244
293,244
0,245
113,245
114,245
115,245
116,245
117,245
118,245
119,245
129,245
130,245
131,245
132,245
133,245
293,245
0,246
105,246
106,246
107,246
108,246
109,246
110,246
111,246
112,246
134,246
135,246
136,246
204,246
205,246
206,246
207,246
208,246
209,246
210,246
211,246
212,246
213,246
214,246
215,246
216,246
217,246
218,246
219,246
293,246
0,247
81,247
82,247
83,247
84,247
85,247
86,247
87,247
88,247
92,247
93,247
94,247
95,247
96,247
97,247
98,247
99,247
100,247
101,247
102,247
103,247
104,247
137,247
199,247
200,247
201,247
202,247
203,247
220,247
221,247
222,247
223,247
224,247
225,247
226,247
227,247
228,247
293,247
0,248
73,248
74,248
75,248
76,248
77,248
78,248
79,248
80,248
89,248
90,248
91,248
137,248
198,248
229,248
230,248
231,248
293,248
0,249
62,249
63,249
64,249
65,249
66,249
67,249
68,249
69,249
70,249
71,249
72,249
138,249
197,249
232,249
233,249
234,249
235,249
236,249
237,249
238,249
239,249
240,249
241,249
242,249
243,249
244,249
293,249
1,250
55,250
56,250
57,250
58,250
59,250
60,250
61,250
138,250
196,250
245,250
293,250
1,251
32,251
33,251
34,251
35,251
36,251
42,251
43,251
44,251
45,251
46,251
47,251
48,251
49,251
50,251
51,251
52,251
53,251
54,251
138,251
196,251
246,251
247,251
248,251
249,251
250,251
251,251
293,251
1,252
16,252
17,252
18,252
19,252
20,252
21,252
22,252
23,252
24,252
25,252
26,252
27,252
28,252
29,252
30,252
31,252
37,252
38,252
39,252
40,252
41,252
138,252
194,252
195,252
252,252
253,252
254,252
255,252
256,252
257,252
258,252
259,252
260,252
293,252
2,253
3,253
4,253
5,253
6,253
7,253
8,253
9,253
10,253
11,253
12,253
13,253
14,253
15,253
138,253
193,253
261,253
262,253
263,253
264,253
265,253
266,253
267,253
268,253
269,253
293,253
139,254
193,254
270,254
271,254
272,254
273,254
274,254
275,254
276,254
277,254
278,254
279,254
280,254
281,254
293,254
140,255
194,255
282,255
283,255
284,255
285,255
286,255
287,255
288,255
289,255
290,255
291,255
293,255
141,256
194,256
292,256
141,257
194,257
142,258
195,258
142,259
195,259
142,260
194,260
142,261
193,261
142,262
193,262
142,263
192,263
142,264
192,264
141,265
192,265
141,266
193,266
140,267
193,267
139,268
193,268
139,269
193,269
139,270
193,270
138,271
194,271
137,272
195,272
137,273
196,273
136,274
196,274
136,275
196,275
135,276
197,276
133,277
134,277
197,277
132,278
198,278
131,279
199,279
131,280
199,280
130,281
199,281
128,282
129,282
200,282
127,283
201,283
127,284
202,284
126,285
203,285
126,286
203,286
125,287
203,287
125,288
204,288
124,289
205,289
124,290
205,290
123,291
206,291
123,292
207,292
122,293
207,293
122,294
207,294
121,295
207,295
121,296
208,296
121,297
208,297
122,298
209,298
122,299
209,299
122,300
209,300
122,301
209,301
122,302
208,302
123,303
208,303
124,304
208,304
125,305
207,305
126,306
127,306
206,306
128,307
205,307
129,308
205,308
130,309
131,309
204,309
132,310
133,310
202,310
203,310
134,311
135,311
136,311
201,311
137,312
199,312
200,312
138,313
139,313
197,313
198,313
140,314
141,314
142,314
191,314
194,314
195,314
196,314
143,315
144,315
145,315
146,315
148,315
149,315
186,315
187,315
188,315
189,315
190,315
192,315
193,315
147,316
150,316
151,316
152,316
153,316
154,316
155,316
156,316
178,316
179,316
180,316
181,316
182,316
183,316
184,316
185,316
157,317
158,317
159,317
160,317
161,317
162,317
163,317
164,317
165,317
166,317
167,317
168,317
169,317
170,317
171,317
172,317
173,317
174,317
175,317
176,317
177,317