226,0
227,0
228,0
229,0
230,0
215,1
216,1
218,1
219,1
220,1
221,1
222,1
223,1
224,1
225,1
231,1
232,1
233,1
234,1
235,1
236,1
237,1
238,1
239,1
240,1
241,1
242,1
243,1
244,1
211,2
212,2
213,2
214,2
217,2
245,2
246,2
247,2
248,2
249,2
209,3
210,3
250,3
251,3
252,3
253,3
207,4
208,4
254,4
255,4
256,4
257,4
258,4
205,5
206,5
259,5
260,5
204,6
261,6
262,6
263,6
265,6
267,6
268,6
269,6
201,7
202,7
203,7
264,7
266,7
270,7
271,7
199,8
200,8
265,8
272,8
198,9
272,9
198,10
273,10
197,11
272,11
196,12
273,12
274,12
275,12
276,12
195,13
277,13
195,14
277,14
195,15
276,15
278,15
195,16
277,16
279,16
195,17
280,17
195,18
281,18
195,19
282,19
195,20
282,20
195,21
281,21
195,22
281,22
195,23
281,23
196,24
281,24
196,25
280,25
197,26
280,26
197,27
281,27
198,28
280,28
199,29
280,29
199,30
279,30
200,31
278,31
201,32
278,32
201,33
277,33
202,34
277,34
202,35
276,35
202,36
275,36
202,37
273,37
274,37
203,38
272,38
204,39
272,39
205,40
271,40
206,41
269,41
270,41
206,42
268,42
206,43
268,43
207,44
267,44
208,45
267,45
209,46
266,46
209,47
265,47
210,48
265,48
210,49
264,49
210,50
264,50
211,51
262,51
263,51
211,52
261,52
211,53
260,53
211,54
260,54
211,55
260,55
79,56
80,56
81,56
82,56
83,56
84,56
85,56
86,56
212,56
260,56
78,57
87,57
212,57
260,57
78,58
88,58
89,58
90,58
91,58
92,58
93,58
94,58
95,58
96,58
97,58
98,58
99,58
100,58
101,58
212,58
261,58
78,59
102,59
212,59
262,59
77,60
103,60
104,60
105,60
106,60
107,60
108,60
109,60
110,60
111,60
112,60
113,60
114,60
213,60
262,60
77,61
115,61
213,61
263,61
78,62
116,62
117,62
118,62
119,62
120,62
121,62
122,62
123,62
124,62
125,62
126,62
127,62
128,62
129,62
213,62
263,62
78,63
130,63
131,63
213,63
263,63
78,64
132,64
133,64
134,64
135,64
136,64
137,64
138,64
139,64
140,64
141,64
142,64
143,64
211,64
212,64
263,64
78,65
144,65
145,65
146,65
210,65
264,65
78,66
147,66
148,66
149,66
150,66
151,66
152,66
153,66
154,66
155,66
156,66
210,66
265,66
79,67
157,67
209,67
264,67
79,68
158,68
159,68
160,68
161,68
162,68
163,68
164,68
165,68
166,68
167,68
207,68
208,68
265,68
79,69
168,69
169,69
170,69
171,69
204,69
205,69
206,69
264,69
79,70
172,70
173,70
174,70
175,70
176,70
177,70
178,70
179,70
180,70
181,70
203,70
264,70
80,71
182,71
183,71
184,71
185,71
195,71
196,71
197,71
198,71
199,71
201,71
202,71
263,71
80,72
186,72
187,72
188,72
189,72
190,72
191,72
192,72
193,72
194,72
200,72
264,72
265,72
80,73
266,73
269,73
79,74
267,74
268,74
270,74
79,75
271,75
79,76
272,76
273,76
274,76
275,76
277,76
278,76
79,77
276,77
279,77
280,77
281,77
282,77
283,77
284,77
286,77
287,77
288,77
79,78
285,78
289,78
290,78
291,78
292,78
293,78
294,78
295,78
296,78
297,78
298,78
80,79
299,79
300,79
301,79
302,79
303,79
304,79
305,79
306,79
307,79
308,79
309,79
310,79
311,79
312,79
80,80
313,80
314,80
315,80
316,80
317,80
318,80
319,80
320,80
321,80
322,80
323,80
324,80
325,80
326,80
80,81
327,81
328,81
329,81
330,81
331,81
332,81
333,81
334,81
335,81
336,81
338,81
339,81
340,81
80,82
337,82
341,82
342,82
80,83
343,83
344,83
345,83
346,83
347,83
348,83
351,83
352,83
353,83
354,83
80,84
349,84
350,84
355,84
81,85
355,85
81,86
355,86
81,87
355,87
80,88
355,88
80,89
355,89
80,90
355,90
80,91
355,91
80,92
353,92
355,92
81,93
352,93
354,93
81,94
353,94
355,94
81,95
355,95
81,96
355,96
81,97
354,97
81,98
353,98
82,99
353,99
82,100
353,100
82,101
353,101
81,102
352,102
81,103
353,103
81,104
353,104
81,105
353,105
81,106
353,106
81,107
353,107
82,108
353,108
82,109
353,109
82,110
352,110
82,111
352,111
83,112
351,112
83,113
351,113
83,114
351,114
83,115
351,115
82,116
351,116
82,117
351,117
82,118
351,118
82,119
351,119
83,120
351,120
83,121
350,121
83,122
350,122
83,123
350,123
84,124
350,124
84,125
350,125
84,126
349,126
84,127
349,127
84,128
349,128
84,129
349,129
83,130
349,130
83,131
349,131
83,132
349,132
83,133
349,133
83,134
349,134
83,135
349,135
83,136
349,136
83,137
348,137
83,138
348,138
83,139
348,139
26,140
27,140
28,140
83,140
347,140
23,141
24,141
25,141
29,141
30,141
31,141
83,141
347,141
21,142
22,142
32,142
33,142
34,142
83,142
347,142
19,143
20,143
35,143
83,143
347,143
18,144
36,144
37,144
82,144
347,144
17,145
38,145
81,145
347,145
16,146
39,146
40,146
81,146
347,146
15,147
41,147
81,147
347,147
14,148
42,148
81,148
347,148
13,149
43,149
81,149
347,149
12,150
44,150
80,150
347,150
12,151
45,151
80,151
347,151
11,152
46,152
47,152
80,152
347,152
10,153
48,153
80,153
347,153
10,154
49,154
79,154
346,154
9,155
50,155
79,155
346,155
8,156
51,156
52,156
78,156
347,156
7,157
53,157
54,157
77,157
347,157
7,158
55,158
76,158
347,158
6,159
56,159
75,159
348,159
392,159
393,159
395,159
396,159
397,159
398,159
399,159
400,159
401,159
402,159
403,159
404,159
6,160
56,160
69,160
70,160
74,160
348,160
390,160
391,160
394,160
405,160
406,160
5,161
57,161
68,161
71,161
72,161
73,161
348,161
389,161
407,161
5,162
58,162
59,162
60,162
67,162
348,162
386,162
387,162
388,162
407,162
5,163
61,163
62,163
66,163
348,163
385,163
408,163
5,164
63,164
64,164
65,164
349,164
384,164
409,164
5,165
350,165
382,165
383,165
410,165
5,166
350,166
378,166
379,166
381,166
411,166
4,167
351,167
377,167
380,167
412,167
4,168
350,168
374,168
375,168
376,168
413,168
3,169
351,169
372,169
373,169
412,169
414,169
3,170
351,170
371,170
413,170
3,171
351,171
353,171
368,171
369,171
370,171
414,171
2,172
352,172
354,172
355,172
356,172
357,172
358,172
367,172
415,172
2,173
359,173
360,173
361,173
362,173
363,173
364,173
365,173
366,173
415,173
2,174
415,174
2,175
416,175
2,176
416,176
2,177
417,177
2,178
417,178
1,179
418,179
1,180
418,180
1,181
418,181
1,182
419,182
0,183
419,183
0,184
418,184
0,185
418,185
0,186
418,186
0,187
418,187
0,188
419,188
0,189
419,189
0,190
419,190
0,191
419,191
0,192
419,192
0,193
420,193
0,194
420,194
1,195
420,195
1,196
420,196
0,197
420,197
0,198
419,198
0,199
420,199
0,200
420,200
1,201
420,201
1,202
420,202
1,203
420,203
1,204
420,204
2,205
420,205
2,206
420,206
3,207
420,207
3,208
420,208
3,209
420,209
3,210
420,210
4,211
420,211
3,212
419,212
4,213
62,213
63,213
64,213
65,213
66,213
67,213
419,213
4,214
59,214
60,214
61,214
68,214
419,214
5,215
54,215
57,215
58,215
69,215
419,215
5,216
53,216
55,216
56,216
70,216
419,216
6,217
51,217
52,217
71,217
72,217
418,217
6,218
49,218
50,218
73,218
418,218
7,219
48,219
74,219
418,219
7,220
47,220
74,220
418,220
8,221
45,221
46,221
75,221
418,221
9,222
44,222
75,222
418,222
10,223
42,223
43,223
76,223
417,223
11,224
41,224
76,224
417,224
12,225
39,225
40,225
76,225
416,225
12,226
37,226
38,226
76,226
415,226
13,227
35,227
36,227
76,227
415,227
14,228
33,228
34,228
76,228
414,228
15,229
32,229
77,229
414,229
16,230
17,230
31,230
77,230
415,230
18,231
19,231
20,231
21,231
22,231
23,231
24,231
25,231
28,231
29,231
30,231
77,231
415,231
26,232
27,232
77,232
414,232
77,233
354,233
355,233
356,233
414,233
77,234
351,234
352,234
353,234
357,234
358,234
359,234
360,234
414,234
78,235
348,235
349,235
350,235
361,235
362,235
414,235
78,236
347,236
363,236
413,236
78,237
346,237
363,237
413,237
78,238
345,238
364,238
365,238
413,238
78,239
344,239
366,239
367,239
411,239
412,239
78,240
344,240
368,240
369,240
410,240
78,241
343,241
370,241
410,241
77,242
343,242
371,242
409,242
77,243
343,243
372,243
373,243
409,243
77,244
342,244
374,244
375,244
409,244
77,245
342,245
376,245
408,245
77,246
342,246
377,246
407,246
77,247
341,247
378,247
379,247
407,247
77,248
178,248
179,248
341,248
380,248
406,248
77,249
163,249
164,249
165,249
169,249
170,249
177,249
180,249
181,249
182,249
190,249
191,249
192,249
193,249
341,249
381,249
404,249
405,249
77,250
161,250
162,250
166,250
167,250
168,250
171,250
172,250
173,250
174,250
175,250
176,250
183,250
184,250
185,250
186,250
187,250
188,250
189,250
194,250
195,250
196,250
197,250
198,250
199,250
200,250
201,250
202,250
340,250
382,250
402,250
403,250
77,251
157,251
158,251
159,251
160,251
203,251
204,251
206,251
207,251
340,251
383,251
384,251
385,251
400,251
401,251
78,252
156,252
205,252
208,252
209,252
210,252
211,252
212,252
339,252
386,252
399,252
78,253
156,253
213,253
214,253
215,253
339,253
387,253
388,253
389,253
390,253
396,253
397,253
398,253
78,254
150,254
151,254
155,254
216,254
217,254
218,254
338,254
391,254
392,254
393,254
394,254
395,254
78,255
149,255
152,255
153,255
154,255
219,255
220,255
338,255
77,256
148,256
221,256
338,256
77,257
145,257
146,257
147,257
222,257
338,257
77,258
143,258
144,258
223,258
338,258
77,259
142,259
224,259
225,259
338,259
77,260
141,260
226,260
338,260
77,261
140,261
227,261
338,261
78,262
139,262
227,262
338,262
78,263
138,263
228,263
338,263
78,264
138,264
229,264
338,264
78,265
137,265
230,265
338,265
78,266
137,266
231,266
337,266
78,267
137,267
232,267
337,267
78,268
137,268
232,268
337,268
78,269
136,269
232,269
337,269
77,270
136,270
232,270
337,270
77,271
135,271
233,271
337,271
77,272
134,272
233,272
337,272
77,273
134,273
233,273
337,273
77,274
134,274
234,274
336,274
77,275
134,275
234,275
336,275
77,276
135,276
233,276
336,276
77,277
135,277
233,277
336,277
78,278
135,278
233,278
336,278
78,279
135,279
232,279
234,279
336,279
78,280
136,280
233,280
335,280
78,281
137,281
232,281
335,281
78,282
138,282
231,282
335,282
78,283
139,283
231,283
335,283
77,284
139,284
231,284
335,284
77,285
139,285
230,285
335,285
77,286
140,286
229,286
335,286
77,287
140,287
229,287
335,287
77,288
140,288
229,288
335,288
77,289
141,289
142,289
227,289
228,289
335,289
78,290
143,290
225,290
226,290
335,290
78,291
143,291
224,291
335,291
78,292
144,292
223,292
335,292
78,293
145,293
222,293
335,293
78,294
145,294
222,294
334,294
78,295
146,295
220,295
221,295
334,295
78,296
147,296
219,296
334,296
78,297
148,297
219,297
334,297
78,298
148,298
218,298
334,298
77,299
148,299
217,299
334,299
77,300
149,300
217,300
334,300
77,301
148,301
216,301
334,301
78,302
148,302
216,302
333,302
78,303
149,303
215,303
333,303
78,304
149,304
214,304
333,304
78,305
149,305
214,305
333,305
78,306
149,306
214,306
333,306
78,307
149,307
213,307
333,307
78,308
149,308
213,308
333,308
79,309
148,309
213,309
333,309
79,310
147,310
149,310
213,310
333,310
78,311
148,311
149,311
213,311
333,311
78,312
150,312
213,312
333,312
77,313
149,313
213,313
332,313
78,314
149,314
213,314
332,314
79,315
80,315
81,315
82,315
83,315
148,315
214,315
332,315
84,316
85,316
86,316
87,316
88,316
89,316
90,316
91,316
92,316
147,316
214,316
332,316
93,317
94,317
146,317
214,317
332,317
95,318
96,318
97,318
98,318
99,318
100,318
101,318
102,318
103,318
104,318
105,318
106,318
144,318
145,318
215,318
332,318
107,319
108,319
109,319
110,319
111,319
112,319
113,319
114,319
142,319
143,319
216,319
332,319
115,320
116,320
117,320
118,320
119,320
120,320
141,320
217,320
332,320
121,321
122,321
123,321
124,321
125,321
126,321
127,321
128,321
129,321
130,321
131,321
132,321
133,321
134,321
137,321
138,321
139,321
140,321
218,321
219,321
331,321
135,322
136,322
220,322
330,322
220,323
330,323
221,324
222,324
223,324
224,324
330,324
225,325
226,325
329,325
227,326
228,326
229,326
230,326
303,326
312,326
313,326
314,326
315,326
316,326
317,326
324,326
325,326
326,326
327,326
328,326
231,327
232,327
285,327
286,327
287,327
288,327
289,327
290,327
291,327
292,327
293,327
294,327
295,327
296,327
297,327
298,327
299,327
300,327
301,327
302,327
304,327
305,327
306,327
307,327
308,327
309,327
310,327
311,327
318,327
319,327
320,327
321,327
322,327
323,327
233,328
234,328
235,328
256,328
257,328
258,328
259,328
260,328
261,328
270,328
271,328
272,328
273,328
274,328
275,328
276,328
277,328
278,328
279,328
280,328
281,328
282,328
283,328
284,328
236,329
237,329
238,329
239,329
240,329
241,329
242,329
243,329
244,329
245,329
246,329
248,329
249,329
250,329
251,329
252,329
253,329
254,329
255,329
262,329
263,329
264,329
265,329
266,329
267,329
268,329
269,329
247,330