85,0
85,1
85,2
85,3
85,4
85,5
85,6
85,7
85,8
85,9
84,10
84,11
84,12
84,13
84,14
84,15
84,16
84,17
84,18
84,19
84,20
84,21
84,22
84,23
83,24
83,25
83,26
83,27
83,28
83,29
84,30
84,31
83,32
83,33
84,34
84,35
84,36
83,37
83,38
83,39
83,40
83,41
83,42
83,43
83,44
83,45
83,46
83,47
83,48
83,49
83,50
82,51
82,52
82,53
82,54
82,55
82,56
82,57
82,58
82,59
82,60
82,61
82,62
83,63
82,64
81,65
81,66
81,67
82,68
82,69
82,70
81,71
82,72
81,73
81,74
81,75
81,76
81,77
80,78
80,79
80,80
81,81
81,82
81,83
81,84
81,85
81,86
81,87
81,88
81,89
81,90
80,91
80,92
80,93
80,94
80,95
80,96
80,97
80,98
80,99
80,100
80,101
80,102
80,103
79,104
79,105
22,106
78,106
20,107
21,107
23,107
24,107
25,107
78,107
18,108
19,108
26,108
27,108
28,108
29,108
78,108
17,109
30,109
78,109
16,110
31,110
32,110
78,110
15,111
33,111
78,111
14,112
34,112
35,112
78,112
12,113
13,113
36,113
78,113
11,114
37,114
77,114
9,115
10,115
38,115
77,115
8,116
39,116
77,116
8,117
39,117
77,117
8,118
40,118
76,118
7,119
41,119
42,119
76,119
7,120
43,120
75,120
6,121
44,121
74,121
6,122
45,122
74,122
6,123
46,123
47,123
74,123
5,124
48,124
49,124
73,124
5,125
50,125
51,125
72,125
4,126
52,126
71,126
4,127
52,127
70,127
4,128
53,128
54,128
55,128
69,128
3,129
56,129
57,129
58,129
68,129
3,130
59,130
60,130
61,130
62,130
63,130
64,130
65,130
66,130
67,130
3,131
3,132
2,133
2,134
2,135
2,136
2,137
2,138
1,139
1,140
2,141
1,142
1,143
1,144
1,145
1,146
1,147
1,148
1,149
1,150
1,151
1,152
1,153
1,154
0,155
0,156
0,157
0,158
1,159
1,160
1,161
1,162
1,163
1,164
2,165
2,166
2,167
3,168
2,169
2,170
2,171
3,172
3,173
3,174
61,174
62,174
63,174
4,175
58,175
59,175
60,175
64,175
65,175
66,175
4,176
56,176
57,176
67,176
68,176
5,177
54,177
55,177
69,177
70,177
5,178
53,178
71,178
5,179
50,179
51,179
52,179
72,179
6,180
49,180
73,180
7,181
47,181
48,181
74,181
7,182
46,182
74,182
7,183
44,183
45,183
75,183
8,184
43,184
76,184
8,185
42,185
75,185
9,186
41,186
76,186
10,187
40,187
77,187
10,188
40,188
77,188
11,189
39,189
77,189
11,190
38,190
77,190
12,191
13,191
36,191
37,191
78,191
14,192
35,192
78,192
15,193
16,193
34,193
79,193
17,194
33,194
79,194
18,195
19,195
20,195
32,195
79,195
21,196
22,196
29,196
30,196
31,196
79,196
23,197
24,197
25,197
26,197
27,197
28,197
80,197
80,198
79,199
79,200
80,201
80,202
80,203
80,204
80,205
81,206
81,207
81,208
81,209
81,210
81,211
80,212
81,213
81,214
81,215
81,216
81,217
81,218
81,219
81,220
81,221
82,222
82,223
82,224
82,225
81,226
81,227
81,228
81,229
81,230
81,231
81,232
82,233
82,234
82,235
82,236
82,237
82,238
81,239
82,240
82,241
82,242
82,243
82,244
82,245
82,246
82,247
82,248
83,249
83,250
83,251
83,252
82,253
82,254
82,255
82,256
82,257
83,258
83,259
83,260
83,261
83,262
83,263
83,264
83,265
82,266
83,267
83,268
83,269
83,270
83,271
83,272
83,273
83,274
83,275
83,276
84,277
84,278
84,279
83,280
83,281
83,282
83,283
83,284
83,285
83,286
84,287
84,288
84,289
84,290
85,291