351,0
354,0
355,0
345,1
346,1
347,1
348,1
349,1
350,1
352,1
353,1
356,1
335,2
336,2
337,2
338,2
339,2
340,2
341,2
342,2
343,2
344,2
356,2
328,3
329,3
330,3
331,3
332,3
333,3
334,3
356,3
309,4
310,4
311,4
312,4
313,4
314,4
315,4
316,4
317,4
318,4
319,4
320,4
321,4
322,4
323,4
324,4
325,4
326,4
327,4
357,4
297,5
298,5
299,5
300,5
301,5
302,5
303,5
304,5
305,5
306,5
307,5
308,5
357,5
289,6
290,6
291,6
292,6
293,6
294,6
295,6
296,6
357,6
280,7
281,7
282,7
283,7
284,7
285,7
286,7
287,7
288,7
357,7
273,8
274,8
275,8
276,8
277,8
278,8
279,8
357,8
258,9
259,9
260,9
261,9
262,9
263,9
264,9
265,9
266,9
267,9
268,9
269,9
270,9
271,9
272,9
357,9
247,10
248,10
249,10
250,10
251,10
252,10
253,10
254,10
255,10
256,10
257,10
357,10
245,11
246,11
357,11
243,12
244,12
357,12
76,13
77,13
78,13
79,13
80,13
81,13
82,13
83,13
84,13
91,13
92,13
93,13
94,13
95,13
96,13
97,13
98,13
99,13
100,13
101,13
102,13
103,13
104,13
105,13
106,13
107,13
108,13
109,13
110,13
111,13
112,13
113,13
114,13
115,13
116,13
117,13
118,13
242,13
357,13
73,14
74,14
75,14
85,14
86,14
87,14
88,14
89,14
90,14
119,14
120,14
121,14
122,14
123,14
124,14
125,14
126,14
127,14
128,14
129,14
130,14
131,14
132,14
133,14
134,14
135,14
136,14
137,14
138,14
139,14
140,14
141,14
142,14
143,14
144,14
145,14
146,14
147,14
148,14
149,14
150,14
151,14
152,14
153,14
154,14
155,14
156,14
157,14
158,14
159,14
160,14
161,14
162,14
163,14
164,14
165,14
166,14
167,14
168,14
169,14
170,14
171,14
172,14
173,14
174,14
175,14
241,14
358,14
72,15
176,15
177,15
178,15
179,15
240,15
358,15
72,16
180,16
181,16
239,16
358,16
72,17
182,17
238,17
357,17
72,18
183,18
238,18
357,18
72,19
184,19
238,19
357,19
72,20
185,20
237,20
357,20
72,21
186,21
237,21
357,21
72,22
186,22
237,22
357,22
72,23
186,23
238,23
357,23
72,24
187,24
238,24
357,24
72,25
187,25
239,25
358,25
72,26
187,26
239,26
358,26
73,27
187,27
239,27
358,27
73,28
186,28
239,28
358,28
73,29
186,29
240,29
358,29
73,30
186,30
240,30
358,30
73,31
186,31
241,31
359,31
73,32
185,32
241,32
359,32
73,33
185,33
242,33
358,33
73,34
185,34
243,34
358,34
73,35
184,35
243,35
358,35
73,36
184,36
244,36
358,36
74,37
183,37
244,37
358,37
74,38
183,38
245,38
358,38
74,39
182,39
246,39
358,39
74,40
181,40
247,40
358,40
74,41
181,41
247,41
359,41
74,42
181,42
248,42
359,42
74,43
180,43
249,43
359,43
74,44
179,44
249,44
359,44
74,45
179,45
250,45
359,45
74,46
179,46
251,46
360,46
74,47
178,47
252,47
360,47
75,48
177,48
252,48
360,48
75,49
176,49
252,49
360,49
75,50
176,50
253,50
360,50
75,51
175,51
254,51
360,51
75,52
174,52
255,52
360,52
75,53
173,53
256,53
360,53
75,54
172,54
257,54
360,54
75,55
172,55
257,55
361,55
75,56
171,56
257,56
361,56
75,57
171,57
258,57
361,57
76,58
170,58
259,58
361,58
76,59
170,59
259,59
361,59
76,60
169,60
260,60
360,60
76,61
169,61
260,61
360,61
76,62
168,62
260,62
360,62
76,63
168,63
260,63
360,63
76,64
168,64
260,64
361,64
76,65
168,65
260,65
361,65
76,66
168,66
260,66
361,66
76,67
168,67
259,67
361,67
76,68
168,68
259,68
361,68
76,69
169,69
259,69
361,69
76,70
169,70
258,70
361,70
77,71
170,71
257,71
361,71
77,72
171,72
256,72
362,72
77,73
172,73
256,73
362,73
77,74
173,74
254,74
255,74
362,74
77,75
174,75
253,75
362,75
77,76
175,76
250,76
251,76
252,76
362,76
77,77
176,77
177,77
248,77
249,77
362,77
23,78
24,78
25,78
77,78
178,78
246,78
247,78
362,78
19,79
20,79
21,79
22,79
26,79
27,79
28,79
29,79
30,79
76,79
179,79
180,79
244,79
245,79
362,79
17,80
18,80
31,80
76,80
181,80
182,80
242,80
243,80
362,80
15,81
16,81
32,81
76,81
183,81
184,81
240,81
241,81
362,81
14,82
33,82
34,82
75,82
185,82
236,82
237,82
238,82
239,82
362,82
13,83
35,83
75,83
186,83
187,83
188,83
229,83
230,83
231,83
232,83
233,83
234,83
235,83
362,83
12,84
36,84
75,84
189,84
190,84
191,84
192,84
193,84
194,84
195,84
224,84
225,84
226,84
227,84
228,84
362,84
11,85
37,85
38,85
74,85
196,85
197,85
198,85
199,85
200,85
201,85
202,85
203,85
204,85
205,85
206,85
207,85
208,85
209,85
214,85
215,85
216,85
217,85
218,85
219,85
220,85
221,85
222,85
223,85
362,85
10,86
39,86
74,86
210,86
211,86
212,86
213,86
362,86
9,87
40,87
74,87
362,87
9,88
41,88
42,88
74,88
362,88
8,89
43,89
73,89
363,89
410,89
411,89
412,89
413,89
414,89
415,89
416,89
417,89
418,89
419,89
420,89
8,90
44,90
73,90
363,90
406,90
407,90
408,90
409,90
421,90
422,90
423,90
424,90
7,91
45,91
72,91
364,91
404,91
405,91
425,91
426,91
6,92
46,92
72,92
364,92
401,92
402,92
403,92
427,92
6,93
47,93
48,93
71,93
364,93
400,93
428,93
429,93
5,94
49,94
50,94
71,94
364,94
398,94
399,94
430,94
5,95
51,95
70,95
365,95
396,95
397,95
431,95
432,95
4,96
52,96
69,96
365,96
395,96
433,96
4,97
53,97
54,97
66,97
67,97
68,97
365,97
393,97
394,97
434,97
3,98
55,98
56,98
57,98
64,98
65,98
366,98
391,98
392,98
435,98
3,99
58,99
59,99
60,99
61,99
62,99
63,99
367,99
390,99
436,99
437,99
3,100
368,100
388,100
389,100
438,100
3,101
369,101
370,101
383,101
384,101
386,101
387,101
438,101
2,102
371,102
379,102
380,102
381,102
382,102
385,102
438,102
2,103
372,103
373,103
374,103
375,103
376,103
377,103
378,103
439,103
2,104
440,104
1,105
440,105
1,106
441,106
1,107
442,107
1,108
442,108
1,109
443,109
0,110
443,110
0,111
443,111
0,112
444,112
0,113
445,113
0,114
445,114
0,115
445,115
0,116
446,116
0,117
447,117
0,118
447,118
0,119
447,119
0,120
447,120
0,121
447,121
0,122
448,122
0,123
448,123
0,124
448,124
0,125
448,125
0,126
448,126
0,127
448,127
0,128
448,128
0,129
448,129
0,130
448,130
0,131
448,131
1,132
447,132
1,133
447,133
1,134
447,134
1,135
446,135
1,136
446,136
1,137
446,137
2,138
446,138
2,139
445,139
2,140
445,140
2,141
445,141
2,142
376,142
377,142
378,142
379,142
380,142
381,142
382,142
383,142
444,142
3,143
373,143
374,143
375,143
384,143
443,143
3,144
371,144
372,144
385,144
386,144
443,144
3,145
370,145
387,145
388,145
389,145
443,145
4,146
369,146
390,146
391,146
442,146
4,147
368,147
392,147
393,147
441,147
3,148
66,148
67,148
68,148
367,148
394,148
395,148
441,148
3,149
62,149
63,149
64,149
65,149
69,149
367,149
396,149
440,149
4,150
60,150
61,150
70,150
71,150
366,150
397,150
439,150
4,151
59,151
72,151
73,151
365,151
398,151
399,151
438,151
5,152
57,152
58,152
74,152
364,152
400,152
401,152
437,152
5,153
55,153
56,153
75,153
364,153
402,153
437,153
5,154
53,154
54,154
75,154
364,154
403,154
404,154
436,154
6,155
50,155
51,155
52,155
76,155
363,155
405,155
406,155
407,155
435,155
7,156
49,156
76,156
363,156
408,156
409,156
434,156
7,157
48,157
77,157
363,157
410,157
411,157
412,157
413,157
433,157
8,158
47,158
77,158
362,158
414,158
415,158
416,158
430,158
431,158
432,158
8,159
46,159
78,159
362,159
417,159
418,159
419,159
420,159
421,159
422,159
423,159
424,159
425,159
426,159
427,159
428,159
429,159
9,160
45,160
78,160
362,160
10,161
44,161
78,161
362,161
11,162
43,162
78,162
362,162
12,163
42,163
78,163
362,163
12,164
40,164
41,164
79,164
224,164
225,164
226,164
227,164
228,164
229,164
230,164
231,164
232,164
233,164
234,164
361,164
13,165
38,165
39,165
79,165
214,165
215,165
216,165
217,165
218,165
219,165
220,165
221,165
222,165
223,165
235,165
236,165
237,165
238,165
239,165
240,165
241,165
242,165
361,165
14,166
15,166
37,166
80,166
208,166
209,166
210,166
211,166
212,166
213,166
243,166
244,166
245,166
246,166
247,166
248,166
361,166
16,167
36,167
80,167
201,167
202,167
203,167
204,167
205,167
206,167
207,167
249,167
250,167
361,167
17,168
34,168
35,168
80,168
196,168
197,168
198,168
199,168
200,168
251,168
252,168
361,168
18,169
19,169
20,169
32,169
33,169
80,169
194,169
195,169
253,169
254,169
361,169
21,170
31,170
80,170
191,170
192,170
193,170
255,170
256,170
360,170
22,171
23,171
26,171
27,171
28,171
29,171
30,171
80,171
188,171
189,171
190,171
257,171
360,171
24,172
25,172
80,172
187,172
258,172
259,172
360,172
80,173
183,173
185,173
186,173
260,173
360,173
80,174
181,174
182,174
184,174
261,174
360,174
80,175
180,175
262,175
360,175
80,176
180,176
263,176
264,176
360,176
79,177
180,177
265,177
360,177
79,178
178,178
179,178
266,178
360,178
79,179
177,179
267,179
360,179
79,180
177,180
268,180
359,180
79,181
176,181
268,181
359,181
79,182
176,182
269,182
359,182
79,183
176,183
270,183
359,183
79,184
175,184
270,184
359,184
79,185
174,185
270,185
359,185
78,186
173,186
271,186
359,186
78,187
173,187
271,187
359,187
78,188
173,188
272,188
359,188
78,189
173,189
272,189
358,189
78,190
173,190
271,190
358,190
77,191
172,191
271,191
358,191
77,192
171,192
271,192
358,192
77,193
171,193
271,193
358,193
77,194
171,194
270,194
358,194
77,195
171,195
270,195
358,195
77,196
172,196
269,196
358,196
77,197
172,197
268,197
358,197
77,198
172,198
267,198
358,198
77,199
172,199
267,199
358,199
77,200
173,200
266,200
358,200
76,201
174,201
266,201
357,201
76,202
175,202
265,202
357,202
76,203
176,203
264,203
357,203
76,204
176,204
264,204
357,204
76,205
177,205
263,205
357,205
76,206
178,206
262,206
357,206
76,207
179,207
262,207
356,207
76,208
180,208
261,208
356,208
75,209
180,209
261,209
356,209
75,210
181,210
260,210
356,210
75,211
182,211
260,211
356,211
75,212
183,212
259,212
356,212
75,213
183,213
259,213
356,213
75,214
184,214
259,214
356,214
74,215
185,215
258,215
355,215
73,216
184,216
257,216
355,216
73,217
185,217
257,217
354,217
73,218
185,218
256,218
354,218
73,219
186,219
256,219
354,219
73,220
187,220
256,220
354,220
73,221
187,221
256,221
354,221
72,222
187,222
255,222
354,222
72,223
188,223
255,223
354,223
72,224
188,224
255,224
354,224
72,225
189,225
255,225
354,225
71,226
189,226
255,226
353,226
71,227
189,227
255,227
353,227
71,228
189,228
255,228
353,228
71,229
189,229
256,229
353,229
71,230
189,230
256,230
353,230
71,231
189,231
257,231
353,231
71,232
189,232
257,232
353,232
71,233
189,233
258,233
353,233
70,234
188,234
259,234
260,234
353,234
70,235
188,235
261,235
353,235
70,236
188,236
262,236
263,236
264,236
352,236
70,237
187,237
265,237
266,237
352,237
70,238
187,238
267,238
268,238
269,238
270,238
352,238
70,239
183,239
185,239
186,239
271,239
272,239
273,239
274,239
275,239
352,239
70,240
182,240
184,240
276,240
277,240
278,240
279,240
280,240
281,240
282,240
283,240
284,240
285,240
286,240
287,240
288,240
289,240
290,240
291,240
292,240
293,240
294,240
295,240
352,240
70,241
178,241
179,241
180,241
181,241
296,241
297,241
298,241
299,241
300,241
301,241
302,241
303,241
304,241
305,241
306,241
307,241
352,241
71,242
94,242
95,242
102,242
103,242
104,242
105,242
106,242
107,242
108,242
109,242
110,242
111,242
112,242
113,242
114,242
115,242
116,242
119,242
171,242
172,242
173,242
174,242
175,242
176,242
177,242
308,242
309,242
310,242
311,242
312,242
313,242
314,242
315,242
316,242
352,242
72,243
73,243
74,243
75,243
76,243
77,243
78,243
79,243
80,243
81,243
82,243
83,243
84,243
85,243
86,243
87,243
88,243
89,243
90,243
91,243
92,243
93,243
96,243
97,243
98,243
99,243
100,243
101,243
117,243
118,243
120,243
121,243
124,243
126,243
127,243
128,243
129,243
130,243
131,243
132,243
133,243
134,243
135,243
136,243
137,243
138,243
139,243
145,243
146,243
147,243
148,243
149,243
150,243
151,243
152,243
153,243
154,243
155,243
156,243
157,243
160,243
161,243
162,243
163,243
164,243
165,243
166,243
167,243
168,243
169,243
170,243
317,243
318,243
319,243
320,243
352,243
122,244
123,244
125,244
140,244
141,244
142,244
143,244
144,244
158,244
159,244
321,244
322,244
323,244
324,244
325,244
326,244
327,244
328,244
329,244
330,244
331,244
332,244
333,244
334,244
335,244
336,244
352,244
337,245
338,245
339,245
340,245
341,245
342,245
343,245
344,245
345,245
352,245
346,246
347,246
348,246
349,246
350,246
351,246