281,0
282,0
283,0
290,0
291,0
292,0
293,0
294,0
295,0
296,0
297,0
298,0
272,1
273,1
274,1
275,1
276,1
277,1
278,1
279,1
280,1
284,1
285,1
286,1
287,1
288,1
289,1
299,1
266,2
267,2
268,2
269,2
270,2
271,2
299,2
252,3
253,3
254,3
260,3
261,3
262,3
263,3
264,3
265,3
299,3
246,4
247,4
248,4
249,4
250,4
251,4
255,4
256,4
257,4
258,4
259,4
300,4
239,5
240,5
241,5
242,5
243,5
244,5
245,5
300,5
233,6
234,6
235,6
236,6
237,6
238,6
300,6
224,7
225,7
228,7
229,7
230,7
231,7
232,7
300,7
221,8
222,8
223,8
226,8
227,8
300,8
220,9
300,9
218,10
219,10
300,10
217,11
300,11
216,12
300,12
131,13
132,13
133,13
134,13
135,13
136,13
137,13
138,13
139,13
144,13
145,13
146,13
147,13
148,13
149,13
150,13
151,13
152,13
153,13
154,13
155,13
156,13
157,13
215,13
300,13
125,14
126,14
127,14
128,14
129,14
130,14
140,14
141,14
142,14
143,14
158,14
159,14
160,14
161,14
162,14
163,14
214,14
301,14
111,15
121,15
122,15
123,15
124,15
164,15
213,15
301,15
104,16
105,16
106,16
107,16
108,16
109,16
110,16
112,16
113,16
114,16
115,16
116,16
117,16
118,16
119,16
120,16
165,16
166,16
212,16
301,16
98,17
100,17
101,17
102,17
103,17
167,17
213,17
301,17
81,18
82,18
92,18
93,18
94,18
95,18
96,18
97,18
99,18
168,18
213,18
301,18
74,19
75,19
76,19
77,19
78,19
79,19
80,19
83,19
84,19
85,19
86,19
87,19
88,19
89,19
90,19
91,19
168,19
213,19
302,19
66,20
67,20
68,20
69,20
70,20
71,20
72,20
73,20
168,20
213,20
302,20
49,21
50,21
51,21
52,21
53,21
58,21
59,21
60,21
61,21
62,21
63,21
64,21
65,21
168,21
213,21
302,21
40,22
41,22
42,22
43,22
44,22
45,22
46,22
47,22
48,22
54,22
55,22
56,22
57,22
168,22
213,22
302,22
35,23
36,23
37,23
38,23
39,23
168,23
213,23
303,23
17,24
18,24
19,24
20,24
21,24
22,24
23,24
24,24
25,24
28,24
29,24
30,24
31,24
32,24
33,24
34,24
168,24
213,24
303,24
11,25
12,25
13,25
14,25
15,25
16,25
26,25
27,25
168,25
214,25
303,25
2,26
3,26
4,26
5,26
6,26
7,26
8,26
9,26
10,26
168,26
215,26
303,26
1,27
167,27
215,27
303,27
0,28
166,28
215,28
303,28
1,29
166,29
216,29
304,29
1,30
166,30
216,30
303,30
0,31
166,31
217,31
303,31
1,32
165,32
217,32
303,32
1,33
165,33
218,33
303,33
1,34
165,34
219,34
304,34
1,35
164,35
220,35
304,35
1,36
164,36
220,36
304,36
1,37
163,37
221,37
304,37
1,38
163,38
222,38
304,38
2,39
162,39
223,39
305,39
2,40
162,40
223,40
305,40
2,41
161,41
224,41
305,41
2,42
161,42
225,42
305,42
2,43
160,43
226,43
305,43
2,44
160,44
226,44
305,44
3,45
159,45
227,45
306,45
3,46
159,46
228,46
306,46
3,47
158,47
228,47
306,47
3,48
157,48
228,48
306,48
3,49
157,49
229,49
306,49
3,50
157,50
229,50
306,50
3,51
156,51
230,51
307,51
4,52
156,52
230,52
307,52
3,53
155,53
230,53
307,53
3,54
155,54
230,54
307,54
3,55
154,55
230,55
308,55
3,56
153,56
230,56
308,56
4,57
153,57
229,57
308,57
4,58
153,58
229,58
307,58
4,59
152,59
229,59
308,59
4,60
152,60
228,60
308,60
4,61
152,61
228,61
308,61
5,62
151,62
227,62
308,62
5,63
151,63
227,63
308,63
5,64
151,64
226,64
308,64
5,65
151,65
226,65
309,65
5,66
151,66
225,66
309,66
5,67
151,67
224,67
309,67
6,68
152,68
224,68
309,68
6,69
152,69
223,69
309,69
6,70
152,70
221,70
222,70
310,70
6,71
152,71
220,71
310,71
6,72
152,72
220,72
310,72
7,73
153,73
218,73
219,73
310,73
7,74
154,74
216,74
217,74
310,74
7,75
155,75
215,75
310,75
7,76
156,76
213,76
214,76
310,76
7,77
157,77
212,77
310,77
7,78
158,78
159,78
160,78
210,78
211,78
310,78
8,79
161,79
209,79
311,79
8,80
162,80
163,80
164,80
165,80
206,80
207,80
208,80
311,80
8,81
166,81
167,81
205,81
311,81
7,82
168,82
201,82
202,82
203,82
204,82
311,82
7,83
61,83
62,83
63,83
64,83
65,83
66,83
67,83
68,83
169,83
170,83
171,83
172,83
198,83
199,83
200,83
311,83
7,84
58,84
59,84
60,84
69,84
70,84
71,84
173,84
174,84
175,84
194,84
195,84
197,84
312,84
8,85
56,85
57,85
72,85
73,85
176,85
177,85
178,85
179,85
180,85
181,85
182,85
183,85
184,85
185,85
186,85
187,85
188,85
189,85
190,85
191,85
192,85
193,85
196,85
312,85
8,86
54,86
55,86
74,86
75,86
312,86
8,87
51,87
52,87
53,87
76,87
311,87
9,88
50,88
77,88
78,88
311,88
9,89
48,89
49,89
79,89
312,89
9,90
47,90
80,90
312,90
10,91
46,91
81,91
312,91
10,92
45,92
82,92
312,92
11,93
43,93
44,93
82,93
312,93
11,94
41,94
42,94
83,94
312,94
12,95
40,95
84,95
313,95
13,96
38,96
39,96
85,96
313,96
14,97
36,97
37,97
86,97
313,97
15,98
33,98
34,98
35,98
87,98
313,98
16,99
17,99
31,99
32,99
88,99
313,99
18,100
23,100
28,100
29,100
30,100
89,100
314,100
19,101
20,101
21,101
22,101
24,101
25,101
26,101
27,101
89,101
314,101
90,102
314,102
90,103
314,103
90,104
314,104
91,105
314,105
92,106
315,106
93,107
315,107
93,108
315,108
94,109
315,109
94,110
316,110
94,111
316,111
365,111
366,111
367,111
368,111
369,111
370,111
371,111
372,111
373,111
374,111
375,111
376,111
377,111
93,112
316,112
364,112
378,112
379,112
380,112
94,113
317,113
361,113
362,113
363,113
381,113
382,113
94,114
317,114
359,114
360,114
383,114
384,114
385,114
94,115
318,115
358,115
386,115
94,116
317,116
355,116
356,116
357,116
387,116
95,117
317,117
354,117
388,117
96,118
318,118
353,118
389,118
96,119
318,119
350,119
351,119
352,119
389,119
97,120
319,120
349,120
390,120
97,121
319,121
348,121
391,121
97,122
320,122
347,122
391,122
97,123
321,123
345,123
346,123
392,123
393,123
97,124
322,124
343,124
344,124
394,124
97,125
323,125
341,125
342,125
395,125
97,126
324,126
325,126
338,126
339,126
340,126
395,126
97,127
326,127
327,127
332,127
333,127
336,127
337,127
395,127
96,128
328,128
329,128
330,128
331,128
334,128
335,128
396,128
96,129
396,129
96,130
397,130
96,131
398,131
96,132
398,132
95,133
399,133
95,134
399,134
95,135
400,135
94,136
401,136
94,137
401,137
94,138
401,138
93,139
402,139
92,140
402,140
22,141
92,141
403,141
21,142
23,142
24,142
25,142
26,142
27,142
28,142
29,142
30,142
31,142
32,142
33,142
91,142
403,142
19,143
20,143
34,143
35,143
90,143
403,143
18,144
36,144
37,144
38,144
90,144
403,144
17,145
39,145
40,145
41,145
42,145
89,145
404,145
16,146
43,146
89,146
403,146
15,147
44,147
45,147
88,147
403,147
15,148
46,148
47,148
48,148
87,148
403,148
14,149
49,149
50,149
87,149
403,149
14,150
51,150
86,150
403,150
14,151
52,151
86,151
403,151
13,152
53,152
54,152
85,152
403,152
13,153
55,153
56,153
57,153
84,153
403,153
13,154
58,154
59,154
80,154
82,154
83,154
403,154
13,155
60,155
61,155
62,155
63,155
78,155
79,155
81,155
403,155
13,156
64,156
65,156
66,156
67,156
68,156
69,156
70,156
71,156
72,156
73,156
74,156
75,156
76,156
77,156
402,156
13,157
402,157
12,158
402,158
12,159
401,159
12,160
401,160
12,161
401,161
12,162
401,162
12,163
400,163
12,164
335,164
336,164
337,164
400,164
12,165
332,165
333,165
334,165
338,165
399,165
12,166
331,166
339,166
340,166
341,166
342,166
398,166
12,167
329,167
330,167
343,167
344,167
345,167
346,167
347,167
398,167
11,168
328,168
348,168
349,168
398,168
10,169
327,169
350,169
351,169
398,169
10,170
326,170
352,170
353,170
354,170
397,170
10,171
326,171
355,171
397,171
10,172
324,172
325,172
356,172
357,172
396,172
10,173
323,173
358,173
359,173
393,173
394,173
395,173
10,174
323,174
360,174
361,174
362,174
363,174
392,174
10,175
322,175
364,175
365,175
391,175
10,176
322,176
366,176
390,176
10,177
322,177
367,177
388,177
389,177
10,178
322,178
368,178
369,178
370,178
371,178
372,178
385,178
386,178
387,178
10,179
321,179
373,179
374,179
375,179
376,179
377,179
378,179
379,179
380,179
381,179
382,179
383,179
384,179
10,180
321,180
10,181
321,181
9,182
320,182
9,183
320,183
9,184
190,184
191,184
192,184
193,184
194,184
320,184
9,185
181,185
182,185
183,185
184,185
185,185
186,185
187,185
188,185
189,185
195,185
196,185
197,185
198,185
199,185
200,185
201,185
202,185
203,185
204,185
205,185
320,185
9,186
176,186
177,186
178,186
179,186
180,186
206,186
207,186
208,186
209,186
210,186
320,186
9,187
172,187
173,187
174,187
175,187
211,187
212,187
213,187
214,187
215,187
320,187
9,188
169,188
170,188
171,188
216,188
217,188
218,188
219,188
320,188
9,189
163,189
164,189
165,189
166,189
167,189
168,189
220,189
221,189
320,189
9,190
161,190
162,190
222,190
319,190
9,191
159,191
160,191
223,191
320,191
9,192
157,192
158,192
224,192
225,192
319,192
9,193
156,193
226,193
320,193
9,194
154,194
155,194
227,194
228,194
320,194
9,195
153,195
229,195
320,195
8,196
152,196
230,196
231,196
320,196
8,197
151,197
232,197
319,197
8,198
149,198
150,198
233,198
319,198
8,199
148,199
233,199
319,199
7,200
147,200
233,200
319,200
7,201
147,201
233,201
319,201
7,202
146,202
234,202
318,202
8,203
146,203
235,203
318,203
8,204
145,204
236,204
318,204
7,205
144,205
236,205
318,205
7,206
144,206
237,206
318,206
7,207
144,207
237,207
318,207
7,208
144,208
237,208
318,208
7,209
144,209
237,209
318,209
7,210
143,210
237,210
318,210
7,211
143,211
237,211
318,211
6,212
142,212
236,212
318,212
6,213
142,213
236,213
318,213
6,214
142,214
235,214
318,214
6,215
142,215
235,215
318,215
6,216
143,216
234,216
318,216
6,217
143,217
234,217
318,217
6,218
143,218
233,218
318,218
6,219
144,219
233,219
318,219
6,220
144,220
232,220
318,220
6,221
145,221
231,221
318,221
6,222
146,222
231,222
318,222
6,223
146,223
230,223
318,223
6,224
147,224
229,224
318,224
5,225
148,225
229,225
318,225
5,226
149,226
228,226
317,226
5,227
149,227
227,227
317,227
5,228
150,228
151,228
226,228
317,228
4,229
152,229
225,229
318,229
4,230
153,230
224,230
317,230
4,231
154,231
224,231
317,231
4,232
155,232
223,232
317,232
4,233
156,233
221,233
222,233
316,233
4,234
157,234
220,234
316,234
4,235
158,235
220,235
316,235
4,236
158,236
220,236
316,236
4,237
159,237
220,237
316,237
3,238
160,238
219,238
316,238
3,239
161,239
219,239
316,239
3,240
162,240
218,240
316,240
3,241
162,241
218,241
316,241
3,242
163,242
218,242
316,242
3,243
164,243
217,243
316,243
3,244
164,244
217,244
316,244
3,245
164,245
217,245
316,245
3,246
164,246
217,246
316,246
3,247
165,247
217,247
316,247
3,248
165,248
217,248
316,248
3,249
165,249
217,249
316,249
3,250
166,250
217,250
316,250
3,251
166,251
218,251
316,251
3,252
166,252
218,252
316,252
3,253
166,253
219,253
316,253
2,254
166,254
220,254
316,254
1,255
165,255
221,255
316,255
1,256
164,256
222,256
316,256
1,257
163,257
222,257
316,257
1,258
162,258
223,258
224,258
315,258
1,259
161,259
225,259
226,259
227,259
295,259
296,259
297,259
298,259
299,259
300,259
301,259
302,259
303,259
304,259
305,259
306,259
307,259
310,259
311,259
312,259
313,259
314,259
1,260
160,260
228,260
229,260
230,260
231,260
232,260
245,260
246,260
247,260
248,260
249,260
250,260
259,260
260,260
261,260
262,260
263,260
264,260
265,260
266,260
267,260
268,260
269,260
270,260
271,260
272,260
273,260
274,260
275,260
276,260
277,260
278,260
280,260
281,260
282,260
283,260
284,260
285,260
286,260
287,260
288,260
289,260
290,260
291,260
292,260
293,260
294,260
308,260
309,260
1,261
158,261
159,261
233,261
234,261
235,261
236,261
237,261
238,261
239,261
240,261
241,261
242,261
243,261
244,261
251,261
252,261
253,261
254,261
255,261
256,261
257,261
258,261
279,261
1,262
157,262
1,263
152,263
153,263
154,263
155,263
156,263
1,264
135,264
146,264
147,264
148,264
149,264
150,264
151,264
1,265
74,265
75,265
96,265
97,265
98,265
99,265
100,265
104,265
105,265
106,265
116,265
117,265
118,265
119,265
120,265
121,265
122,265
123,265
124,265
125,265
126,265
127,265
128,265
129,265
130,265
131,265
132,265
133,265
134,265
136,265
137,265
138,265
139,265
140,265
141,265
142,265
143,265
144,265
145,265
2,266
3,266
4,266
5,266
6,266
13,266
14,266
15,266
16,266
17,266
18,266
19,266
20,266
33,266
34,266
37,266
38,266
39,266
40,266
41,266
42,266
43,266
44,266
45,266
46,266
47,266
48,266
49,266
56,266
57,266
58,266
59,266
60,266
61,266
62,266
63,266
64,266
65,266
66,266
67,266
68,266
69,266
70,266
71,266
72,266
73,266
76,266
77,266
78,266
81,266
82,266
83,266
84,266
85,266
86,266
87,266
88,266
89,266
90,266
91,266
92,266
93,266
94,266
95,266
101,266
102,266
103,266
107,266
108,266
109,266
110,266
111,266
112,266
113,266
114,266
115,266
7,267
8,267
9,267
10,267
11,267
12,267
21,267
22,267
23,267
24,267
25,267
26,267
27,267
28,267
29,267
30,267
31,267
32,267
35,267
36,267
50,267
51,267
52,267
53,267
54,267
55,267
79,267
80,267