76,0
77,0
79,0
75,1
78,1
80,1
81,1
75,2
82,2
83,2
84,2
85,2
75,3
86,3
87,3
88,3
89,3
90,3
92,3
76,4
91,4
93,4
94,4
95,4
96,4
76,5
97,5
98,5
99,5
76,6
100,6
101,6
102,6
103,6
104,6
76,7
105,7
106,7
76,8
107,8
108,8
76,9
109,9
110,9
111,9
112,9
113,9
115,9
116,9
117,9
76,10
114,10
118,10
119,10
76,11
120,11
121,11
122,11
123,11
124,11
76,12
125,12
126,12
127,12
128,12
76,13
129,13
130,13
131,13
132,13
76,14
133,14
134,14
135,14
138,14
139,14
140,14
76,15
136,15
137,15
141,15
142,15
76,16
143,16
144,16
145,16
146,16
76,17
147,17
76,18
148,18
149,18
150,18
151,18
152,18
76,19
153,19
154,19
155,19
156,19
76,20
157,20
158,20
159,20
160,20
161,20
162,20
163,20
76,21
164,21
165,21
166,21
167,21
76,22
168,22
76,23
169,23
170,23
171,23
76,24
172,24
173,24
174,24
76,25
175,25
76,26
176,26
177,26
77,27
178,27
77,28
179,28
180,28
242,28
243,28
244,28
245,28
246,28
247,28
248,28
253,28
254,28
255,28
256,28
257,28
258,28
259,28
76,29
181,29
237,29
238,29
239,29
240,29
241,29
249,29
250,29
251,29
252,29
260,29
261,29
262,29
263,29
264,29
265,29
266,29
267,29
276,29
277,29
278,29
279,29
280,29
281,29
76,30
181,30
234,30
235,30
236,30
268,30
269,30
270,30
271,30
272,30
273,30
274,30
275,30
282,30
283,30
284,30
285,30
286,30
287,30
299,30
300,30
301,30
302,30
76,31
182,31
231,31
232,31
233,31
288,31
289,31
290,31
291,31
292,31
293,31
294,31
295,31
296,31
297,31
298,31
303,31
304,31
305,31
306,31
307,31
308,31
309,31
310,31
77,32
183,32
230,32
311,32
312,32
313,32
314,32
315,32
316,32
317,32
318,32
319,32
320,32
321,32
322,32
323,32
324,32
77,33
184,33
229,33
325,33
77,34
184,34
229,34
325,34
77,35
184,35
228,35
325,35
77,36
184,36
227,36
325,36
77,37
184,37
227,37
325,37
77,38
184,38
226,38
325,38
77,39
184,39
226,39
325,39
77,40
184,40
226,40
325,40
77,41
184,41
226,41
325,41
77,42
183,42
226,42
325,42
77,43
183,43
226,43
324,43
77,44
183,44
226,44
325,44
76,45
183,45
226,45
325,45
76,46
183,46
227,46
325,46
76,47
183,47
227,47
325,47
77,48
183,48
227,48
325,48
78,49
182,49
228,49
325,49
78,50
182,50
228,50
325,50
78,51
181,51
228,51
325,51
78,52
181,52
228,52
325,52
78,53
180,53
229,53
325,53
78,54
179,54
229,54
325,54
78,55
179,55
229,55
324,55
78,56
178,56
230,56
324,56
78,57
178,57
231,57
324,57
78,58
177,58
231,58
324,58
78,59
176,59
232,59
324,59
78,60
175,60
232,60
324,60
78,61
174,61
233,61
324,61
78,62
173,62
234,62
324,62
78,63
172,63
235,63
324,63
78,64
171,64
236,64
324,64
78,65
170,65
237,65
324,65
78,66
169,66
237,66
324,66
78,67
168,67
237,67
324,67
78,68
167,68
238,68
324,68
78,69
166,69
239,69
324,69
78,70
166,70
240,70
324,70
78,71
165,71
240,71
324,71
79,72
164,72
240,72
324,72
79,73
164,73
240,73
324,73
79,74
163,74
241,74
242,74
324,74
79,75
163,75
243,75
324,75
79,76
162,76
243,76
324,76
79,77
162,77
243,77
324,77
79,78
161,78
243,78
324,78
79,79
161,79
244,79
324,79
79,80
160,80
244,80
324,80
79,81
160,81
244,81
324,81
79,82
160,82
243,82
324,82
79,83
160,83
243,83
324,83
79,84
160,84
244,84
324,84
79,85
160,85
244,85
324,85
79,86
160,86
245,86
323,86
78,87
161,87
245,87
323,87
78,88
161,88
245,88
323,88
78,89
162,89
244,89
323,89
78,90
163,90
244,90
324,90
78,91
163,91
244,91
324,91
78,92
163,92
244,92
324,92
78,93
164,93
243,93
324,93
78,94
165,94
242,94
323,94
79,95
166,95
241,95
323,95
79,96
167,96
240,96
323,96
80,97
168,97
169,97
239,97
323,97
79,98
170,98
237,98
238,98
323,98
79,99
171,99
172,99
236,99
323,99
79,100
173,100
234,100
235,100
323,100
79,101
174,101
175,101
233,101
323,101
79,102
176,102
231,102
232,102
323,102
79,103
177,103
178,103
230,103
323,103
79,104
179,104
180,104
181,104
228,104
229,104
323,104
79,105
182,105
183,105
186,105
225,105
226,105
227,105
323,105
79,106
184,106
185,106
187,106
188,106
189,106
190,106
219,106
220,106
221,106
222,106
223,106
224,106
323,106
79,107
191,107
192,107
193,107
194,107
214,107
215,107
216,107
217,107
218,107
323,107
79,108
195,108
196,108
197,108
198,108
199,108
200,108
207,108
209,108
210,108
211,108
212,108
213,108
323,108
79,109
201,109
202,109
203,109
204,109
205,109
206,109
208,109
323,109
79,110
323,110
79,111
324,111
78,112
324,112
371,112
373,112
78,113
325,113
369,113
370,113
372,113
374,113
375,113
376,113
377,113
378,113
25,114
78,114
325,114
368,114
379,114
380,114
19,115
20,115
21,115
22,115
23,115
24,115
26,115
78,115
325,115
365,115
366,115
367,115
381,115
17,116
18,116
27,116
28,116
78,116
326,116
363,116
364,116
382,116
16,117
29,117
30,117
78,117
326,117
362,117
383,117
14,118
15,118
31,118
79,118
327,118
359,118
360,118
361,118
384,118
13,119
32,119
33,119
78,119
328,119
356,119
357,119
358,119
385,119
13,120
34,120
78,120
329,120
354,120
355,120
386,120
12,121
35,121
78,121
329,121
353,121
386,121
11,122
36,122
77,122
330,122
331,122
349,122
350,122
351,122
352,122
387,122
388,122
10,123
37,123
77,123
332,123
333,123
346,123
347,123
348,123
389,123
9,124
38,124
77,124
334,124
339,124
340,124
341,124
342,124
343,124
344,124
345,124
389,124
8,125
39,125
76,125
335,125
336,125
337,125
338,125
390,125
8,126
39,126
76,126
390,126
7,127
40,127
75,127
390,127
7,128
41,128
75,128
391,128
6,129
42,129
75,129
391,129
6,130
43,130
74,130
392,130
5,131
44,131
74,131
392,131
5,132
45,132
73,132
392,132
5,133
46,133
72,133
392,133
4,134
47,134
49,134
72,134
393,134
4,135
48,135
50,135
71,135
394,135
4,136
51,136
52,136
71,136
394,136
3,137
53,137
70,137
394,137
3,138
54,138
55,138
56,138
68,138
69,138
394,138
3,139
57,139
58,139
59,139
66,139
67,139
394,139
3,140
60,140
61,140
62,140
63,140
64,140
65,140
394,140
2,141
394,141
2,142
394,142
3,143
394,143
3,144
394,144
2,145
394,145
2,146
394,146
2,147
394,147
2,148
394,148
2,149
394,149
2,150
394,150
1,151
394,151
1,152
394,152
1,153
394,153
1,154
394,154
1,155
394,155
1,156
394,156
0,157
395,157
0,158
395,158
0,159
395,159
0,160
395,160
0,161
394,161
0,162
394,162
0,163
394,163
0,164
394,164
0,165
394,165
1,166
394,166
1,167
394,167
1,168
394,168
1,169
394,169
1,170
393,170
1,171
393,171
1,172
393,172
1,173
393,173
1,174
393,174
1,175
392,175
1,176
392,176
1,177
392,177
1,178
392,178
2,179
392,179
2,180
393,180
2,181
392,181
2,182
58,182
59,182
60,182
391,182
2,183
54,183
55,183
56,183
57,183
61,183
62,183
63,183
64,183
65,183
391,183
2,184
51,184
52,184
53,184
66,184
67,184
391,184
2,185
50,185
68,185
391,185
3,186
49,186
69,186
391,186
3,187
48,187
70,187
391,187
4,188
47,188
71,188
390,188
5,189
45,189
46,189
71,189
390,189
5,190
43,190
44,190
71,190
326,190
327,190
328,190
329,190
330,190
331,190
332,190
333,190
389,190
6,191
41,191
42,191
72,191
325,191
334,191
335,191
389,191
7,192
39,192
40,192
73,192
324,192
336,192
337,192
388,192
8,193
38,193
73,193
198,193
199,193
200,193
201,193
202,193
203,193
204,193
205,193
324,193
338,193
339,193
388,193
8,194
36,194
37,194
74,194
193,194
194,194
195,194
196,194
197,194
206,194
213,194
214,194
322,194
323,194
340,194
341,194
388,194
9,195
34,195
35,195
74,195
190,195
191,195
192,195
207,195
208,195
209,195
210,195
211,195
212,195
215,195
216,195
217,195
321,195
342,195
387,195
9,196
32,196
33,196
74,196
188,196
189,196
218,196
321,196
343,196
344,196
386,196
10,197
30,197
31,197
74,197
187,197
219,197
320,197
345,197
346,197
386,197
10,198
28,198
29,198
74,198
186,198
220,198
221,198
319,198
347,198
385,198
11,199
27,199
74,199
184,199
185,199
222,199
223,199
319,199
348,199
385,199
12,200
25,200
26,200
75,200
182,200
183,200
224,200
318,200
349,200
384,200
13,201
23,201
24,201
75,201
180,201
181,201
225,201
318,201
350,201
383,201
14,202
15,202
16,202
17,202
18,202
19,202
20,202
21,202
22,202
75,202
179,202
226,202
317,202
351,202
382,202
75,203
178,203
227,203
317,203
352,203
353,203
382,203
75,204
177,204
228,204
229,204
317,204
354,204
381,204
75,205
176,205
230,205
317,205
355,205
379,205
380,205
75,206
175,206
231,206
317,206
356,206
377,206
378,206
75,207
174,207
232,207
233,207
234,207
235,207
317,207
357,207
376,207
75,208
174,208
236,208
317,208
358,208
374,208
375,208
75,209
173,209
236,209
316,209
359,209
372,209
373,209
76,210
173,210
236,210
316,210
360,210
361,210
371,210
76,211
173,211
237,211
316,211
362,211
363,211
364,211
365,211
366,211
367,211
368,211
369,211
370,211
76,212
172,212
237,212
316,212
76,213
172,213
237,213
316,213
75,214
171,214
238,214
316,214
75,215
171,215
238,215
316,215
75,216
170,216
239,216
316,216
75,217
170,217
239,217
316,217
75,218
169,218
239,218
315,218
75,219
169,219
239,219
315,219
75,220
169,220
240,220
315,220
75,221
168,221
240,221
315,221
75,222
168,222
240,222
315,222
75,223
168,223
241,223
315,223
75,224
168,224
241,224
315,224
75,225
168,225
241,225
315,225
75,226
168,226
241,226
315,226
75,227
168,227
241,227
315,227
76,228
168,228
241,228
316,228
76,229
168,229
241,229
316,229
75,230
168,230
241,230
315,230
75,231
169,231
241,231
315,231
75,232
169,232
241,232
315,232
75,233
169,233
241,233
315,233
75,234
169,234
241,234
315,234
75,235
169,235
241,235
315,235
75,236
170,236
240,236
315,236
75,237
170,237
240,237
315,237
75,238
171,238
239,238
315,238
75,239
171,239
239,239
315,239
75,240
171,240
238,240
315,240
75,241
171,241
238,241
315,241
75,242
171,242
237,242
315,242
75,243
172,243
237,243
314,243
75,244
172,244
236,244
314,244
75,245
173,245
235,245
314,245
75,246
173,246
234,246
314,246
75,247
173,247
234,247
314,247
75,248
173,248
233,248
314,248
75,249
173,249
232,249
314,249
75,250
173,250
232,250
314,250
75,251
173,251
231,251
315,251
75,252
173,252
232,252
315,252
75,253
173,253
231,253
315,253
75,254
174,254
230,254
315,254
75,255
174,255
229,255
315,255
75,256
174,256
229,256
315,256
75,257
174,257
229,257
314,257
75,258
174,258
228,258
314,258
75,259
174,259
228,259
314,259
75,260
174,260
228,260
314,260
75,261
174,261
228,261
314,261
75,262
174,262
227,262
314,262
75,263
173,263
227,263
314,263
75,264
173,264
227,264
314,264
75,265
173,265
226,265
314,265
74,266
172,266
226,266
314,266
74,267
171,267
226,267
314,267
74,268
171,268
226,268
313,268
74,269
170,269
226,269
313,269
74,270
168,270
169,270
227,270
313,270
74,271
166,271
167,271
227,271
313,271
74,272
165,272
228,272
313,272
75,273
76,273
77,273
78,273
79,273
80,273
81,273
82,273
83,273
84,273
85,273
86,273
90,273
98,273
99,273
100,273
120,273
121,273
122,273
123,273
162,273
163,273
164,273
229,273
313,273
87,274
88,274
89,274
91,274
92,274
93,274
94,274
95,274
96,274
97,274
101,274
102,274
103,274
104,274
105,274
106,274
107,274
108,274
109,274
110,274
111,274
112,274
113,274
114,274
115,274
116,274
117,274
118,274
119,274
124,274
125,274
126,274
127,274
128,274
129,274
130,274
131,274
132,274
133,274
134,274
135,274
136,274
137,274
138,274
139,274
143,274
144,274
145,274
146,274
147,274
148,274
149,274
150,274
151,274
152,274
153,274
154,274
155,274
156,274
157,274
158,274
159,274
160,274
161,274
230,274
314,274
140,275
141,275
142,275
231,275
314,275
232,276
233,276
314,276
234,277
235,277
236,277
237,277
313,277
238,278
239,278
313,278
240,279
241,279
313,279
242,280
243,280
244,280
245,280
246,280
313,280
247,281
248,281
313,281
249,282
250,282
251,282
252,282
258,282
313,282
253,283
254,283
255,283
256,283
257,283
259,283
260,283
261,283
262,283
263,283
264,283
313,283
265,284
266,284
313,284
267,285
268,285
269,285
270,285
271,285
272,285
273,285
313,285
274,286
275,286
313,286
276,287
277,287
281,287
282,287
283,287
284,287
313,287
278,288
279,288
280,288
285,288
286,288
287,288
288,288
313,288
289,289
290,289
291,289
292,289
293,289
313,289
294,290
295,290
296,290
297,290
298,290
312,290
299,291
300,291
301,291
304,291
305,291
306,291
307,291
308,291
309,291
310,291
311,291
302,292
303,292