80,0
81,0
82,0
83,0
84,0
85,0
86,0
87,0
79,1
88,1
79,2
89,2
90,2
91,2
92,2
93,2
79,3
94,3
95,3
96,3
97,3
98,3
99,3
291,3
292,3
293,3
79,4
100,4
101,4
102,4
103,4
104,4
105,4
106,4
107,4
108,4
109,4
110,4
284,4
285,4
286,4
287,4
288,4
289,4
290,4
294,4
295,4
78,5
111,5
112,5
113,5
114,5
115,5
116,5
117,5
118,5
278,5
279,5
280,5
281,5
282,5
283,5
296,5
78,6
119,6
120,6
121,6
122,6
270,6
271,6
272,6
273,6
274,6
275,6
276,6
277,6
296,6
78,7
123,7
124,7
125,7
126,7
127,7
128,7
129,7
130,7
131,7
132,7
263,7
264,7
265,7
266,7
267,7
268,7
269,7
296,7
78,8
133,8
134,8
135,8
136,8
137,8
138,8
139,8
140,8
247,8
256,8
257,8
258,8
259,8
260,8
261,8
262,8
296,8
78,9
141,9
243,9
244,9
245,9
246,9
248,9
249,9
250,9
251,9
252,9
253,9
254,9
255,9
296,9
78,10
142,10
143,10
144,10
145,10
146,10
147,10
148,10
240,10
241,10
242,10
296,10
78,11
149,11
150,11
235,11
236,11
237,11
238,11
239,11
296,11
79,12
151,12
152,12
153,12
154,12
155,12
234,12
296,12
79,13
156,13
157,13
232,13
233,13
296,13
79,14
158,14
159,14
230,14
231,14
296,14
79,15
160,15
161,15
162,15
228,15
229,15
296,15
79,16
163,16
164,16
226,16
227,16
296,16
79,17
165,17
225,17
296,17
79,18
165,18
225,18
296,18
79,19
165,19
224,19
296,19
79,20
166,20
223,20
296,20
79,21
167,21
223,21
296,21
79,22
167,22
223,22
296,22
79,23
167,23
223,23
296,23
79,24
167,24
223,24
296,24
79,25
167,25
223,25
296,25
80,26
167,26
223,26
296,26
80,27
167,27
223,27
296,27
80,28
167,28
223,28
296,28
80,29
167,29
223,29
296,29
80,30
167,30
223,30
296,30
80,31
167,31
223,31
296,31
80,32
167,32
223,32
296,32
80,33
167,33
223,33
296,33
80,34
167,34
223,34
296,34
80,35
166,35
223,35
296,35
80,36
166,36
223,36
296,36
80,37
166,37
223,37
296,37
80,38
165,38
223,38
296,38
80,39
165,39
224,39
296,39
80,40
165,40
224,40
296,40
80,41
164,41
225,41
297,41
80,42
164,42
225,42
297,42
80,43
164,43
226,43
297,43
80,44
163,44
227,44
297,44
80,45
162,45
227,45
297,45
80,46
162,46
227,46
297,46
80,47
161,47
228,47
297,47
80,48
160,48
228,48
297,48
80,49
160,49
228,49
297,49
80,50
159,50
228,50
296,50
80,51
158,51
228,51
296,51
80,52
158,52
229,52
296,52
80,53
158,53
229,53
296,53
80,54
158,54
229,54
296,54
80,55
158,55
229,55
296,55
80,56
157,56
230,56
296,56
80,57
157,57
230,57
296,57
80,58
157,58
230,58
296,58
80,59
157,59
230,59
296,59
80,60
157,60
230,60
296,60
80,61
157,61
230,61
296,61
80,62
157,62
230,62
296,62
80,63
157,63
230,63
296,63
80,64
156,64
230,64
296,64
80,65
156,65
230,65
296,65
80,66
157,66
229,66
296,66
80,67
157,67
229,67
296,67
80,68
157,68
228,68
296,68
80,69
157,69
228,69
296,69
80,70
158,70
228,70
296,70
23,71
24,71
25,71
26,71
27,71
28,71
29,71
80,71
158,71
228,71
296,71
21,72
22,72
30,72
80,72
158,72
228,72
296,72
19,73
20,73
31,73
32,73
80,73
158,73
228,73
297,73
18,74
33,74
80,74
159,74
227,74
297,74
16,75
17,75
34,75
80,75
159,75
226,75
297,75
338,75
339,75
340,75
341,75
342,75
343,75
344,75
15,76
34,76
80,76
160,76
226,76
297,76
336,76
337,76
345,76
346,76
14,77
35,77
36,77
80,77
160,77
225,77
297,77
334,77
335,77
347,77
13,78
37,78
79,78
160,78
225,78
297,78
332,78
333,78
348,78
12,79
38,79
79,79
161,79
225,79
298,79
331,79
349,79
11,80
39,80
79,80
162,80
224,80
298,80
328,80
329,80
330,80
350,80
10,81
40,81
79,81
162,81
223,81
299,81
326,81
327,81
351,81
10,82
41,82
78,82
163,82
222,82
299,82
323,82
324,82
325,82
352,82
9,83
42,83
78,83
164,83
221,83
299,83
322,83
352,83
8,84
43,84
77,84
165,84
220,84
300,84
320,84
321,84
353,84
7,85
44,85
77,85
166,85
219,85
301,85
317,85
318,85
319,85
354,85
7,86
45,86
46,86
77,86
167,86
218,86
301,86
316,86
354,86
7,87
47,87
76,87
168,87
169,87
217,87
302,87
314,87
315,87
355,87
6,88
48,88
49,88
75,88
170,88
215,88
216,88
303,88
304,88
305,88
310,88
311,88
312,88
313,88
356,88
6,89
50,89
75,89
171,89
214,89
306,89
307,89
308,89
309,89
356,89
6,90
51,90
74,90
172,90
173,90
174,90
212,90
213,90
357,90
5,91
52,91
53,91
74,91
175,91
176,91
177,91
178,91
210,91
211,91
358,91
5,92
54,92
55,92
72,92
73,92
179,92
207,92
208,92
209,92
358,92
5,93
56,93
57,93
58,93
70,93
71,93
180,93
181,93
204,93
205,93
206,93
359,93
4,94
59,94
60,94
64,94
65,94
66,94
67,94
68,94
69,94
182,94
183,94
184,94
185,94
186,94
203,94
359,94
4,95
61,95
62,95
63,95
187,95
188,95
189,95
190,95
191,95
192,95
193,95
195,95
196,95
197,95
198,95
199,95
200,95
201,95
202,95
359,95
4,96
194,96
360,96
3,97
360,97
3,98
361,98
3,99
361,99
2,100
361,100
2,101
362,101
2,102
362,102
1,103
361,103
1,104
362,104
1,105
362,105
1,106
362,106
1,107
362,107
1,108
362,108
1,109
363,109
1,110
363,110
1,111
363,111
1,112
363,112
1,113
363,113
0,114
363,114
0,115
362,115
0,116
362,116
0,117
362,117
0,118
362,118
0,119
362,119
0,120
361,120
0,121
361,121
0,122
361,122
0,123
361,123
0,124
360,124
0,125
360,125
0,126
360,126
1,127
359,127
1,128
359,128
1,129
358,129
1,130
358,130
1,131
358,131
1,132
357,132
1,133
357,133
1,134
356,134
1,135
304,135
305,135
306,135
307,135
355,135
1,136
301,136
302,136
303,136
308,136
309,136
310,136
355,136
2,137
299,137
300,137
311,137
354,137
2,138
298,138
312,138
313,138
353,138
3,139
298,139
314,139
315,139
353,139
3,140
297,140
316,140
317,140
353,140
3,141
297,141
318,141
319,141
351,141
352,141
4,142
296,142
320,142
321,142
350,142
4,143
64,143
65,143
66,143
67,143
68,143
69,143
296,143
322,143
323,143
324,143
325,143
349,143
4,144
61,144
62,144
63,144
70,144
71,144
72,144
295,144
326,144
349,144
4,145
58,145
59,145
60,145
73,145
295,145
327,145
328,145
347,145
348,145
5,146
56,146
57,146
74,146
295,146
329,146
330,146
331,146
346,146
5,147
54,147
55,147
75,147
295,147
332,147
345,147
5,148
53,148
75,148
295,148
333,148
334,148
343,148
344,148
5,149
51,149
52,149
76,149
295,149
335,149
336,149
340,149
341,149
342,149
6,150
50,150
77,150
295,150
337,150
338,150
339,150
6,151
48,151
49,151
77,151
294,151
7,152
47,152
78,152
294,152
7,153
45,153
46,153
78,153
294,153
7,154
43,154
44,154
78,154
294,154
8,155
42,155
78,155
294,155
9,156
41,156
78,156
293,156
10,157
40,157
78,157
293,157
11,158
38,158
39,158
78,158
293,158
12,159
37,159
79,159
293,159
13,160
35,160
36,160
79,160
293,160
14,161
32,161
33,161
34,161
78,161
293,161
15,162
30,162
31,162
79,162
293,162
16,163
17,163
29,163
79,163
293,163
18,164
19,164
20,164
26,164
27,164
28,164
79,164
293,164
21,165
22,165
23,165
24,165
25,165
79,165
293,165
79,166
293,166
79,167
293,167
79,168
293,168
79,169
293,169
79,170
293,170
79,171
293,171
79,172
293,172
79,173
293,173
79,174
293,174
79,175
293,175
79,176
293,176
79,177
293,177
79,178
293,178
79,179
293,179
80,180
176,180
177,180
178,180
179,180
180,180
181,180
182,180
183,180
184,180
185,180
292,180
80,181
171,181
172,181
173,181
174,181
175,181
186,181
187,181
188,181
189,181
292,181
80,182
168,182
169,182
170,182
190,182
191,182
192,182
292,182
80,183
166,183
167,183
193,183
292,183
80,184
164,184
165,184
194,184
195,184
292,184
79,185
162,185
163,185
196,185
292,185
79,186
160,186
161,186
197,186
198,186
292,186
79,187
159,187
199,187
200,187
201,187
293,187
79,188
157,188
158,188
202,188
293,188
79,189
156,189
203,189
293,189
79,190
155,190
204,190
205,190
293,190
79,191
154,191
206,191
293,191
79,192
153,192
207,192
293,192
80,193
152,193
208,193
293,193
80,194
151,194
209,194
293,194
79,195
150,195
209,195
293,195
79,196
150,196
210,196
292,196
79,197
149,197
211,197
292,197
79,198
148,198
212,198
293,198
80,199
147,199
212,199
293,199
80,200
147,200
213,200
292,200
80,201
147,201
213,201
292,201
79,202
147,202
214,202
292,202
79,203
146,203
215,203
292,203
79,204
146,204
215,204
292,204
79,205
146,205
216,205
292,205
79,206
145,206
216,206
293,206
78,207
144,207
216,207
292,207
78,208
144,208
215,208
292,208
78,209
144,209
215,209
291,209
78,210
143,210
215,210
291,210
78,211
143,211
216,211
292,211
78,212
143,212
216,212
292,212
78,213
143,213
216,213
291,213
78,214
143,214
216,214
291,214
78,215
143,215
216,215
291,215
78,216
143,216
216,216
291,216
78,217
143,217
216,217
291,217
78,218
143,218
216,218
291,218
78,219
143,219
216,219
291,219
78,220
143,220
216,220
291,220
78,221
143,221
215,221
291,221
78,222
144,222
215,222
291,222
78,223
144,223
215,223
291,223
78,224
144,224
215,224
291,224
79,225
144,225
214,225
291,225
79,226
145,226
214,226
291,226
79,227
145,227
213,227
291,227
78,228
145,228
213,228
291,228
78,229
146,229
212,229
291,229
77,230
147,230
212,230
291,230
77,231
147,231
211,231
291,231
77,232
147,232
211,232
291,232
78,233
148,233
210,233
291,233
78,234
148,234
210,234
291,234
78,235
149,235
209,235
291,235
78,236
149,236
209,236
291,236
78,237
150,237
208,237
291,237
78,238
150,238
207,238
291,238
78,239
151,239
207,239
291,239
78,240
151,240
207,240
291,240
78,241
151,241
206,241
291,241
78,242
152,242
206,242
291,242
78,243
152,243
206,243
291,243
78,244
152,244
205,244
291,244
78,245
152,245
205,245
291,245
78,246
152,246
205,246
291,246
78,247
152,247
204,247
291,247
78,248
152,248
204,248
291,248
77,249
152,249
204,249
291,249
77,250
152,250
204,250
291,250
77,251
152,251
204,251
291,251
77,252
152,252
204,252
291,252
78,253
152,253
204,253
291,253
78,254
152,254
204,254
291,254
78,255
152,255
204,255
291,255
78,256
152,256
204,256
291,256
79,257
80,257
151,257
205,257
291,257
81,258
82,258
83,258
84,258
85,258
151,258
205,258
291,258
86,259
87,259
88,259
89,259
90,259
91,259
150,259
206,259
291,259
92,260
93,260
94,260
95,260
96,260
97,260
98,260
99,260
149,260
207,260
290,260
100,261
101,261
102,261
103,261
104,261
105,261
106,261
107,261
108,261
109,261
110,261
111,261
147,261
148,261
208,261
209,261
290,261
112,262
113,262
114,262
115,262
116,262
117,262
118,262
119,262
120,262
121,262
145,262
146,262
210,262
289,262
122,263
123,263
124,263
125,263
126,263
127,263
128,263
129,263
130,263
131,263
132,263
133,263
134,263
135,263
136,263
137,263
138,263
141,263
142,263
143,263
144,263
211,263
212,263
213,263
289,263
139,264
140,264
214,264
215,264
216,264
217,264
289,264
218,265
219,265
220,265
221,265
222,265
223,265
224,265
225,265
226,265
227,265
228,265
229,265
230,265
231,265
232,265
233,265
234,265
235,265
236,265
237,265
238,265
239,265
240,265
241,265
242,265
243,265
244,265
245,265
246,265
255,265
256,265
257,265
258,265
259,265
260,265
261,265
262,265
263,265
264,265
265,265
266,265
267,265
268,265
269,265
270,265
271,265
272,265
273,265
274,265
275,265
276,265
277,265
278,265
279,265
280,265
281,265
282,265
283,265
284,265
285,265
286,265
287,265
288,265
247,266
248,266
249,266
250,266
251,266
252,266
253,266
254,266