6,0
7,0
8,0
9,0
10,0
11,0
12,0
13,0
14,0
15,0
16,0
17,0
18,0
19,0
20,0
21,0
22,0
23,0
24,0
25,0
26,0
27,0
28,0
29,0
30,0
31,0
32,0
33,0
34,0
35,0
36,0
37,0
38,0
39,0
40,0
41,0
42,0
43,0
5,1
44,1
5,2
45,2
46,2
47,2
48,2
49,2
50,2
51,2
52,2
53,2
4,3
54,3
55,3
56,3
57,3
58,3
59,3
60,3
61,3
62,3
63,3
64,3
65,3
66,3
67,3
68,3
69,3
70,3
71,3
72,3
73,3
74,3
75,3
76,3
77,3
78,3
79,3
80,3
81,3
82,3
83,3
84,3
4,4
85,4
86,4
87,4
88,4
89,4
90,4
91,4
92,4
93,4
94,4
95,4
96,4
97,4
98,4
99,4
100,4
101,4
3,5
102,5
103,5
104,5
105,5
106,5
107,5
108,5
109,5
110,5
111,5
112,5
113,5
114,5
115,5
116,5
117,5
118,5
119,5
3,6
5,6
120,6
121,6
122,6
123,6
124,6
125,6
126,6
127,6
128,6
4,7
6,7
129,7
130,7
131,7
132,7
133,7
134,7
135,7
136,7
223,7
224,7
225,7
226,7
227,7
232,7
233,7
234,7
235,7
7,8
137,8
138,8
212,8
213,8
214,8
215,8
216,8
217,8
218,8
219,8
220,8
221,8
222,8
228,8
229,8
230,8
231,8
236,8
237,8
238,8
239,8
240,8
241,8
242,8
243,8
244,8
245,8
246,8
247,8
248,8
249,8
250,8
251,8
252,8
253,8
254,8
255,8
256,8
257,8
258,8
259,8
260,8
261,8
262,8
263,8
264,8
265,8
266,8
267,8
268,8
269,8
273,8
274,8
275,8
7,9
139,9
140,9
208,9
209,9
210,9
211,9
270,9
271,9
272,9
276,9
277,9
278,9
279,9
280,9
281,9
282,9
283,9
284,9
285,9
286,9
287,9
288,9
289,9
290,9
291,9
7,10
141,10
205,10
206,10
207,10
292,10
7,11
142,11
204,11
292,11
7,12
143,12
203,12
292,12
7,13
144,13
202,13
291,13
7,14
145,14
201,14
291,14
7,15
146,15
201,15
291,15
6,16
146,16
200,16
291,16
6,17
146,17
200,17
291,17
6,18
146,18
200,18
290,18
7,19
146,19
200,19
290,19
6,20
146,20
200,20
290,20
6,21
146,21
200,21
290,21
6,22
146,22
201,22
290,22
6,23
146,23
201,23
289,23
6,24
145,24
201,24
289,24
6,25
145,25
201,25
289,25
6,26
145,26
202,26
289,26
6,27
144,27
202,27
289,27
6,28
144,28
202,28
289,28
6,29
143,29
203,29
289,29
6,30
143,30
204,30
289,30
6,31
142,31
204,31
288,31
6,32
142,32
204,32
288,32
6,33
141,33
205,33
288,33
6,34
140,34
206,34
288,34
6,35
139,35
206,35
288,35
6,36
138,36
207,36
287,36
6,37
137,37
208,37
287,37
6,38
136,38
208,38
287,38
6,39
135,39
209,39
287,39
6,40
134,40
210,40
287,40
6,41
133,41
211,41
286,41
6,42
132,42
211,42
286,42
6,43
131,43
212,43
286,43
5,44
131,44
213,44
286,44
5,45
130,45
214,45
286,45
5,46
131,46
214,46
286,46
5,47
130,47
215,47
286,47
5,48
129,48
216,48
286,48
5,49
128,49
216,49
286,49
5,50
128,50
217,50
286,50
5,51
128,51
218,51
286,51
5,52
128,52
218,52
285,52
5,53
128,53
219,53
285,53
5,54
127,54
220,54
285,54
5,55
126,55
220,55
285,55
5,56
126,56
220,56
284,56
5,57
126,57
221,57
284,57
5,58
126,58
221,58
284,58
5,59
126,59
221,59
284,59
5,60
126,60
221,60
284,60
5,61
126,61
221,61
284,61
5,62
126,62
221,62
283,62
5,63
127,63
221,63
283,63
5,64
128,64
221,64
283,64
5,65
129,65
220,65
283,65
5,66
129,66
219,66
283,66
5,67
130,67
219,67
283,67
5,68
42,68
43,68
44,68
131,68
218,68
282,68
5,69
40,69
41,69
45,69
46,69
47,69
48,69
49,69
131,69
217,69
282,69
5,70
37,70
38,70
39,70
50,70
51,70
52,70
132,70
216,70
282,70
5,71
34,71
35,71
36,71
53,71
55,71
56,71
133,71
215,71
282,71
5,72
33,72
54,72
57,72
134,72
214,72
282,72
6,73
31,73
32,73
58,73
135,73
136,73
213,73
282,73
6,74
29,74
30,74
59,74
60,74
137,74
138,74
212,74
282,74
7,75
26,75
27,75
28,75
61,75
139,75
210,75
211,75
282,75
7,76
25,76
61,76
140,76
141,76
208,76
209,76
281,76
8,77
22,77
23,77
24,77
61,77
142,77
143,77
207,77
281,77
9,78
19,78
20,78
21,78
62,78
144,78
145,78
146,78
204,78
205,78
206,78
281,78
10,79
11,79
15,79
16,79
17,79
18,79
63,79
147,79
148,79
201,79
202,79
203,79
281,79
12,80
13,80
14,80
64,80
149,80
150,80
151,80
152,80
153,80
154,80
155,80
190,80
191,80
192,80
193,80
194,80
195,80
196,80
197,80
198,80
199,80
200,80
281,80
64,81
156,81
157,81
158,81
159,81
160,81
189,81
281,81
65,82
161,82
162,82
163,82
164,82
165,82
166,82
167,82
168,82
169,82
170,82
171,82
172,82
173,82
174,82
175,82
176,82
178,82
179,82
180,82
181,82
182,82
183,82
184,82
185,82
186,82
187,82
188,82
281,82
65,83
177,83
280,83
66,84
280,84
66,85
280,85
66,86
280,86
66,87
280,87
67,88
280,88
68,89
279,89
68,90
279,90
68,91
279,91
68,92
279,92
68,93
279,93
68,94
279,94
68,95
279,95
68,96
279,96
69,97
279,97
69,98
279,98
68,99
279,99
68,100
279,100
68,101
279,101
69,102
279,102
328,102
329,102
70,103
279,103
320,103
321,103
322,103
323,103
324,103
325,103
326,103
327,103
330,103
331,103
332,103
333,103
70,104
279,104
319,104
334,104
335,104
336,104
337,104
70,105
280,105
317,105
318,105
338,105
339,105
340,105
70,106
280,106
315,106
316,106
341,106
342,106
70,107
281,107
314,107
343,107
344,107
70,108
281,108
312,108
313,108
345,108
346,108
69,109
282,109
310,109
311,109
347,109
68,110
283,110
307,110
308,110
309,110
348,110
68,111
283,111
306,111
349,111
68,112
284,112
302,112
303,112
304,112
305,112
350,112
351,112
68,113
285,113
286,113
287,113
299,113
300,113
301,113
352,113
67,114
288,114
289,114
290,114
291,114
292,114
293,114
294,114
295,114
296,114
297,114
298,114
352,114
67,115
353,115
66,116
353,116
66,117
354,117
66,118
355,118
65,119
356,119
9,120
10,120
11,120
12,120
14,120
15,120
64,120
356,120
7,121
8,121
13,121
16,121
17,121
18,121
63,121
357,121
5,122
6,122
19,122
62,122
357,122
4,123
20,123
21,123
61,123
358,123
4,124
22,124
23,124
61,124
358,124
4,125
24,125
25,125
26,125
61,125
358,125
3,126
27,126
61,126
359,126
3,127
28,127
62,127
359,127
2,128
29,128
61,128
359,128
2,129
30,129
60,129
360,129
2,130
31,130
32,130
60,130
360,130
1,131
33,131
34,131
59,131
360,131
1,132
35,132
59,132
360,132
1,133
36,133
37,133
58,133
361,133
1,134
38,134
39,134
40,134
56,134
57,134
361,134
1,135
41,135
55,135
361,135
1,136
42,136
50,136
51,136
52,136
53,136
54,136
361,136
1,137
43,137
44,137
49,137
361,137
1,138
45,138
46,138
47,138
48,138
361,138
1,139
361,139
1,140
361,140
1,141
361,141
1,142
361,142
0,143
361,143
0,144
361,144
1,145
361,145
1,146
360,146
1,147
360,147
1,148
360,148
1,149
359,149
1,150
359,150
1,151
358,151
1,152
358,152
1,153
357,153
1,154
357,154
1,155
356,155
1,156
356,156
1,157
287,157
288,157
289,157
290,157
291,157
355,157
1,158
284,158
285,158
286,158
292,158
293,158
294,158
295,158
296,158
355,158
1,159
283,159
297,159
354,159
2,160
282,160
298,160
299,160
353,160
2,161
281,161
300,161
301,161
302,161
353,161
2,162
280,162
303,162
304,162
352,162
2,163
280,163
305,163
351,163
2,164
279,164
305,164
350,164
2,165
143,165
144,165
145,165
146,165
147,165
148,165
149,165
150,165
151,165
152,165
153,165
154,165
155,165
156,165
157,165
158,165
159,165
160,165
161,165
162,165
163,165
164,165
278,165
306,165
349,165
1,166
137,166
138,166
139,166
140,166
141,166
142,166
165,166
166,166
167,166
168,166
169,166
170,166
171,166
278,166
307,166
308,166
348,166
1,167
135,167
136,167
172,167
173,167
174,167
175,167
277,167
309,167
346,167
347,167
2,168
132,168
133,168
134,168
176,168
177,168
178,168
179,168
180,168
277,168
310,168
311,168
345,168
2,169
129,169
130,169
131,169
181,169
182,169
183,169
277,169
312,169
343,169
344,169
2,170
127,170
128,170
184,170
185,170
186,170
276,170
313,170
314,170
341,170
342,170
2,171
126,171
187,171
188,171
189,171
276,171
315,171
316,171
317,171
339,171
340,171
2,172
125,172
190,172
191,172
192,172
276,172
318,172
319,172
320,172
335,172
336,172
337,172
338,172
3,173
124,173
193,173
194,173
195,173
276,173
321,173
322,173
323,173
324,173
325,173
326,173
327,173
328,173
329,173
330,173
331,173
332,173
333,173
334,173
3,174
124,174
196,174
276,174
2,175
123,175
197,175
276,175
2,176
121,176
122,176
198,176
199,176
275,176
2,177
120,177
200,177
275,177
2,178
119,178
201,178
202,178
275,178
3,179
119,179
203,179
275,179
3,180
119,180
204,180
275,180
3,181
119,181
205,181
275,181
3,182
119,182
206,182
275,182
3,183
119,183
206,183
275,183
3,184
119,184
207,184
275,184
3,185
119,185
208,185
275,185
3,186
120,186
208,186
275,186
3,187
120,187
209,187
275,187
3,188
120,188
209,188
275,188
3,189
121,189
210,189
275,189
3,190
121,190
210,190
275,190
3,191
122,191
209,191
275,191
4,192
122,192
209,192
275,192
4,193
123,193
209,193
275,193
4,194
123,194
209,194
274,194
4,195
124,195
209,195
274,195
4,196
124,196
207,196
208,196
274,196
4,197
125,197
206,197
274,197
4,198
125,198
206,198
274,198
4,199
126,199
205,199
274,199
3,200
126,200
204,200
274,200
4,201
127,201
203,201
274,201
4,202
127,202
202,202
274,202
4,203
127,203
201,203
274,203
4,204
128,204
201,204
274,204
4,205
129,205
201,205
274,205
4,206
129,206
200,206
274,206
4,207
130,207
199,207
274,207
4,208
130,208
198,208
274,208
4,209
131,209
197,209
274,209
4,210
132,210
196,210
274,210
4,211
132,211
194,211
195,211
274,211
4,212
132,212
193,212
274,212
4,213
133,213
193,213
274,213
4,214
133,214
192,214
274,214
5,215
134,215
191,215
274,215
5,216
134,216
191,216
274,216
5,217
134,217
190,217
274,217
5,218
134,218
190,218
274,218
5,219
134,219
189,219
274,219
5,220
135,220
188,220
273,220
5,221
135,221
187,221
273,221
6,222
7,222
8,222
135,222
187,222
273,222
9,223
10,223
11,223
12,223
13,223
14,223
15,223
16,223
17,223
18,223
135,223
187,223
273,223
19,224
20,224
21,224
22,224
23,224
24,224
25,224
26,224
27,224
28,224
29,224
30,224
135,224
186,224
273,224
31,225
32,225
33,225
34,225
35,225
36,225
37,225
38,225
135,225
185,225
273,225
39,226
40,226
41,226
42,226
43,226
44,226
135,226
185,226
273,226
45,227
46,227
47,227
135,227
185,227
273,227
48,228
49,228
50,228
51,228
52,228
53,228
54,228
55,228
134,228
184,228
273,228
56,229
57,229
58,229
59,229
60,229
61,229
62,229
63,229
64,229
65,229
66,229
134,229
184,229
273,229
67,230
68,230
69,230
70,230
71,230
72,230
73,230
133,230
183,230
273,230
74,231
75,231
76,231
77,231
78,231
79,231
80,231
81,231
82,231
83,231
84,231
85,231
132,231
182,231
273,231
86,232
87,232
88,232
89,232
90,232
91,232
130,232
131,232
182,232
273,232
92,233
93,233
94,233
95,233
96,233
97,233
98,233
99,233
100,233
101,233
102,233
127,233
128,233
129,233
183,233
273,233
103,234
104,234
105,234
106,234
107,234
125,234
126,234
184,234
185,234
186,234
273,234
108,235
109,235
110,235
111,235
112,235
113,235
114,235
115,235
116,235
117,235
118,235
119,235
120,235
121,235
122,235
123,235
124,235
187,235
273,235
188,236
189,236
273,236
190,237
273,237
191,238
192,238
273,238
193,239
273,239
194,240
195,240
273,240
196,241
197,241
273,241
198,242
199,242
200,242
201,242
273,242
202,243
203,243
204,243
205,243
273,243
206,244
207,244
208,244
209,244
210,244
211,244
212,244
213,244
214,244
273,244
215,245
216,245
217,245
218,245
219,245
220,245
273,245
221,246
222,246
223,246
224,246
225,246
226,246
227,246
273,246
228,247
229,247
230,247
231,247
232,247
233,247
234,247
273,247
235,248
236,248
237,248
238,248
239,248
272,248
240,249
241,249
242,249
243,249
244,249
245,249
246,249
272,249
247,250
248,250
249,250
272,250
250,251
251,251
252,251
253,251
254,251
255,251
271,251
256,252
257,252
258,252
259,252
260,252
261,252
262,252
263,252
264,252
271,252
265,253
266,253
267,253
268,253
269,253
270,253