366,0
367,0
368,0
369,0
370,0
371,0
372,0
373,0
374,0
375,0
376,0
377,0
378,0
379,0
380,0
363,1
364,1
365,1
381,1
347,2
352,2
353,2
354,2
355,2
356,2
357,2
358,2
359,2
360,2
361,2
362,2
380,2
90,3
91,3
92,3
343,3
344,3
345,3
346,3
348,3
349,3
350,3
351,3
380,3
86,4
87,4
88,4
89,4
93,4
94,4
95,4
96,4
97,4
98,4
99,4
100,4
101,4
102,4
330,4
335,4
336,4
337,4
338,4
339,4
340,4
341,4
342,4
380,4
85,5
103,5
104,5
105,5
106,5
109,5
110,5
111,5
112,5
113,5
114,5
329,5
331,5
332,5
333,5
334,5
380,5
86,6
107,6
108,6
115,6
116,6
117,6
118,6
119,6
120,6
121,6
122,6
123,6
127,6
128,6
129,6
130,6
131,6
319,6
320,6
321,6
322,6
323,6
324,6
325,6
326,6
327,6
328,6
380,6
85,7
124,7
125,7
126,7
132,7
133,7
134,7
135,7
136,7
137,7
138,7
139,7
140,7
141,7
142,7
145,7
146,7
147,7
148,7
149,7
312,7
313,7
314,7
315,7
316,7
317,7
318,7
380,7
85,8
143,8
144,8
150,8
151,8
152,8
153,8
154,8
155,8
156,8
157,8
158,8
159,8
160,8
164,8
165,8
166,8
167,8
306,8
311,8
380,8
85,9
161,9
162,9
163,9
168,9
169,9
170,9
171,9
172,9
173,9
174,9
175,9
176,9
177,9
178,9
179,9
180,9
182,9
183,9
184,9
185,9
186,9
187,9
188,9
189,9
293,9
294,9
295,9
296,9
297,9
298,9
299,9
300,9
301,9
302,9
303,9
304,9
305,9
307,9
308,9
309,9
310,9
380,9
85,10
181,10
190,10
191,10
292,10
379,10
84,11
192,11
193,11
194,11
195,11
196,11
285,11
286,11
287,11
288,11
289,11
290,11
291,11
379,11
84,12
197,12
198,12
199,12
201,12
202,12
280,12
281,12
282,12
283,12
284,12
378,12
84,13
200,13
203,13
204,13
278,13
279,13
378,13
84,14
205,14
275,14
276,14
277,14
378,14
84,15
206,15
274,15
378,15
83,16
207,16
208,16
274,16
378,16
83,17
209,17
272,17
273,17
379,17
83,18
209,18
271,18
378,18
83,19
210,19
270,19
378,19
83,20
211,20
271,20
378,20
83,21
212,21
270,21
378,21
82,22
212,22
270,22
378,22
82,23
212,23
270,23
378,23
82,24
212,24
269,24
377,24
83,25
211,25
269,25
377,25
83,26
211,26
269,26
377,26
83,27
211,27
269,27
377,27
83,28
211,28
269,28
376,28
82,29
210,29
269,29
376,29
82,30
210,30
269,30
376,30
82,31
209,31
269,31
376,31
82,32
209,32
269,32
376,32
82,33
209,33
269,33
375,33
82,34
208,34
269,34
375,34
82,35
207,35
269,35
376,35
81,36
207,36
270,36
376,36
81,37
206,37
270,37
375,37
81,38
205,38
271,38
375,38
81,39
204,39
271,39
375,39
81,40
203,40
272,40
375,40
81,41
202,41
272,41
375,41
81,42
202,42
273,42
375,42
82,43
201,43
273,43
375,43
81,44
201,44
274,44
374,44
81,45
200,45
274,45
374,45
81,46
199,46
275,46
374,46
81,47
199,47
276,47
373,47
81,48
197,48
198,48
277,48
373,48
81,49
196,49
277,49
373,49
80,50
196,50
277,50
373,50
80,51
195,51
278,51
373,51
80,52
194,52
279,52
373,52
80,53
193,53
280,53
373,53
80,54
192,54
280,54
373,54
80,55
191,55
281,55
373,55
79,56
191,56
282,56
373,56
79,57
190,57
283,57
373,57
79,58
191,58
283,58
372,58
79,59
190,59
284,59
372,59
78,60
189,60
284,60
372,60
78,61
189,61
284,61
372,61
79,62
189,62
285,62
372,62
79,63
189,63
285,63
371,63
21,64
22,64
23,64
24,64
25,64
26,64
27,64
28,64
29,64
78,64
189,64
285,64
371,64
19,65
20,65
30,65
31,65
78,65
190,65
285,65
371,65
18,66
32,66
78,66
190,66
285,66
371,66
17,67
33,67
34,67
77,67
190,67
284,67
371,67
15,68
16,68
35,68
36,68
37,68
77,68
191,68
284,68
371,68
14,69
38,69
77,69
192,69
284,69
371,69
13,70
39,70
76,70
192,70
284,70
370,70
12,71
40,71
41,71
42,71
76,71
192,71
283,71
370,71
11,72
43,72
75,72
192,72
283,72
371,72
10,73
44,73
74,73
193,73
283,73
371,73
9,74
45,74
74,74
194,74
283,74
371,74
8,75
46,75
73,75
195,75
282,75
371,75
8,76
47,76
48,76
49,76
73,76
195,76
281,76
370,76
7,77
50,77
72,77
196,77
197,77
280,77
370,77
7,78
51,78
52,78
70,78
71,78
198,78
279,78
370,78
6,79
53,79
55,79
56,79
57,79
69,79
199,79
278,79
370,79
6,80
54,80
58,80
59,80
60,80
61,80
62,80
63,80
67,80
68,80
200,80
277,80
369,80
5,81
64,81
65,81
66,81
201,81
203,81
276,81
369,81
6,82
202,82
204,82
275,82
369,82
6,83
205,83
206,83
207,83
270,83
271,83
272,83
273,83
274,83
369,83
5,84
208,84
209,84
210,84
268,84
269,84
369,84
4,85
211,85
212,85
263,85
264,85
265,85
266,85
267,85
369,85
4,86
213,86
214,86
221,86
222,86
260,86
261,86
262,86
368,86
4,87
215,87
216,87
217,87
218,87
219,87
220,87
223,87
224,87
225,87
258,87
259,87
368,87
3,88
226,88
227,88
228,88
229,88
230,88
231,88
232,88
233,88
234,88
239,88
240,88
241,88
242,88
243,88
244,88
245,88
246,88
247,88
248,88
249,88
250,88
251,88
252,88
253,88
254,88
255,88
256,88
257,88
368,88
3,89
235,89
236,89
237,89
238,89
368,89
3,90
368,90
3,91
368,91
2,92
368,92
2,93
368,93
2,94
368,94
2,95
367,95
2,96
367,96
1,97
367,97
1,98
367,98
1,99
367,99
2,100
367,100
2,101
367,101
2,102
367,102
1,103
367,103
1,104
367,104
1,105
367,105
1,106
367,106
408,106
409,106
410,106
411,106
412,106
413,106
414,106
415,106
416,106
417,106
1,107
367,107
406,107
407,107
418,107
419,107
1,108
367,108
405,108
420,108
1,109
368,109
404,109
421,109
1,110
369,110
402,110
403,110
422,110
0,111
369,111
400,111
401,111
423,111
424,111
1,112
370,112
398,112
399,112
425,112
1,113
370,113
396,113
397,113
426,113
0,114
370,114
395,114
427,114
0,115
371,115
393,115
394,115
427,115
0,116
372,116
391,116
392,116
428,116
0,117
373,117
388,117
389,117
390,117
428,117
0,118
374,118
387,118
428,118
1,119
375,119
376,119
385,119
386,119
429,119
1,120
377,120
378,120
379,120
382,120
383,120
384,120
429,120
1,121
380,121
381,121
430,121
1,122
430,122
1,123
431,123
1,124
431,124
1,125
432,125
1,126
432,126
1,127
432,127
1,128
433,128
1,129
433,129
1,130
433,130
1,131
433,131
2,132
433,132
2,133
433,133
2,134
434,134
2,135
434,135
2,136
434,136
3,137
434,137
3,138
434,138
4,139
434,139
4,140
434,140
5,141
434,141
5,142
57,142
58,142
59,142
60,142
61,142
62,142
63,142
64,142
434,142
5,143
56,143
65,143
434,143
5,144
53,144
54,144
55,144
66,144
435,144
6,145
49,145
50,145
51,145
52,145
67,145
434,145
6,146
46,146
47,146
48,146
68,146
434,146
6,147
44,147
45,147
69,147
434,147
7,148
42,148
43,148
70,148
434,148
8,149
40,149
41,149
71,149
433,149
9,150
39,150
71,150
433,150
9,151
38,151
72,151
433,151
10,152
36,152
37,152
72,152
433,152
11,153
35,153
73,153
432,153
12,154
13,154
34,154
74,154
432,154
14,155
32,155
33,155
74,155
431,155
15,156
16,156
28,156
29,156
30,156
31,156
75,156
431,156
17,157
26,157
27,157
75,157
431,157
18,158
25,158
75,158
378,158
379,158
380,158
381,158
430,158
19,159
21,159
22,159
23,159
24,159
75,159
376,159
377,159
382,159
383,159
430,159
20,160
76,160
374,160
375,160
384,160
385,160
429,160
76,161
373,161
386,161
387,161
388,161
389,161
428,161
76,162
372,162
390,162
391,162
429,162
76,163
371,163
392,163
393,163
428,163
76,164
371,164
394,164
395,164
427,164
77,165
370,165
396,165
427,165
77,166
370,166
397,166
398,166
426,166
77,167
369,167
399,167
400,167
425,167
77,168
369,168
401,168
402,168
424,168
77,169
202,169
203,169
205,169
206,169
207,169
208,169
209,169
210,169
211,169
212,169
213,169
214,169
369,169
403,169
424,169
77,170
193,170
194,170
195,170
196,170
197,170
198,170
199,170
200,170
201,170
204,170
215,170
216,170
217,170
218,170
219,170
220,170
221,170
222,170
223,170
224,170
225,170
226,170
227,170
368,170
404,170
405,170
407,170
423,170
77,171
188,171
189,171
190,171
191,171
192,171
228,171
229,171
230,171
231,171
368,171
406,171
408,171
420,171
421,171
422,171
78,172
187,172
232,172
233,172
234,172
367,172
409,172
410,172
418,172
419,172
78,173
184,173
185,173
186,173
235,173
236,173
367,173
411,173
412,173
413,173
414,173
415,173
416,173
417,173
78,174
180,174
181,174
182,174
183,174
237,174
367,174
78,175
178,175
179,175
238,175
239,175
240,175
241,175
242,175
243,175
367,175
78,176
176,176
177,176
244,176
245,176
367,176
78,177
175,177
246,177
367,177
78,178
172,178
173,178
174,178
247,178
367,178
78,179
171,179
248,179
366,179
78,180
170,180
249,180
366,180
78,181
169,181
249,181
366,181
78,182
168,182
250,182
251,182
367,182
78,183
168,183
252,183
366,183
78,184
167,184
252,184
366,184
78,185
166,185
253,185
366,185
78,186
165,186
254,186
366,186
78,187
164,187
255,187
366,187
78,188
164,188
256,188
366,188
78,189
164,189
256,189
366,189
79,190
163,190
256,190
366,190
79,191
163,191
256,191
366,191
79,192
163,192
256,192
366,192
79,193
162,193
257,193
366,193
79,194
162,194
257,194
366,194
79,195
163,195
257,195
365,195
79,196
163,196
257,196
365,196
79,197
163,197
257,197
365,197
79,198
163,198
257,198
365,198
79,199
163,199
256,199
365,199
79,200
164,200
255,200
365,200
79,201
164,201
255,201
366,201
80,202
165,202
255,202
366,202
80,203
165,203
254,203
366,203
80,204
166,204
254,204
365,204
80,205
167,205
169,205
253,205
365,205
80,206
168,206
170,206
253,206
365,206
80,207
170,207
252,207
366,207
81,208
171,208
251,208
366,208
81,209
171,209
250,209
365,209
81,210
172,210
249,210
366,210
81,211
173,211
248,211
366,211
81,212
174,212
247,212
366,212
81,213
175,213
246,213
365,213
81,214
175,214
245,214
365,214
81,215
176,215
244,215
365,215
81,216
177,216
243,216
365,216
81,217
178,217
243,217
365,217
81,218
178,218
242,218
365,218
82,219
179,219
241,219
365,219
82,220
179,220
240,220
365,220
81,221
180,221
240,221
365,221
81,222
180,222
240,222
365,222
81,223
181,223
239,223
365,223
81,224
182,224
238,224
365,224
81,225
183,225
238,225
365,225
82,226
183,226
237,226
365,226
83,227
184,227
237,227
365,227
83,228
184,228
236,228
365,228
83,229
184,229
235,229
365,229
83,230
184,230
235,230
365,230
83,231
185,231
235,231
365,231
83,232
185,232
235,232
365,232
83,233
185,233
235,233
365,233
83,234
185,234
235,234
365,234
83,235
185,235
235,235
365,235
83,236
185,236
235,236
365,236
83,237
185,237
235,237
366,237
83,238
185,238
235,238
366,238
83,239
184,239
236,239
366,239
83,240
183,240
237,240
238,240
366,240
83,241
183,241
239,241
366,241
83,242
183,242
240,242
366,242
83,243
183,243
241,243
365,243
83,244
179,244
180,244
181,244
182,244
242,244
243,244
244,244
365,244
84,245
178,245
245,245
246,245
365,245
84,246
174,246
175,246
176,246
177,246
247,246
248,246
365,246
84,247
170,247
171,247
172,247
173,247
249,247
250,247
251,247
365,247
85,248
86,248
87,248
97,248
98,248
99,248
100,248
101,248
102,248
103,248
104,248
105,248
106,248
115,248
116,248
117,248
118,248
119,248
120,248
123,248
124,248
125,248
134,248
135,248
136,248
137,248
138,248
139,248
140,248
141,248
142,248
143,248
144,248
152,248
153,248
154,248
155,248
156,248
157,248
158,248
159,248
160,248
169,248
252,248
253,248
365,248
88,249
89,249
90,249
91,249
92,249
93,249
94,249
95,249
96,249
107,249
108,249
109,249
110,249
111,249
112,249
113,249
114,249
121,249
122,249
126,249
127,249
128,249
129,249
130,249
131,249
132,249
133,249
145,249
146,249
147,249
148,249
149,249
150,249
151,249
161,249
162,249
163,249
164,249
165,249
166,249
167,249
168,249
254,249
255,249
256,249
257,249
365,249
258,250
259,250
262,250
263,250
365,250
260,251
261,251
264,251
265,251
266,251
365,251
267,252
268,252
269,252
272,252
365,252
270,253
271,253
273,253
274,253
275,253
364,253
276,254
277,254
278,254
281,254
282,254
364,254
279,255
280,255
283,255
284,255
285,255
364,255
286,256
287,256
288,256
289,256
290,256
365,256
291,257
292,257
293,257
294,257
365,257
295,258
296,258
297,258
299,258
365,258
298,259
300,259
301,259
302,259
365,259
303,260
304,260
305,260
365,260
306,261
307,261
308,261
365,261
309,262
310,262
311,262
312,262
320,262
365,262
313,263
314,263
315,263
316,263
318,263
319,263
321,263
322,263
365,263
317,264
323,264
324,264
325,264
326,264
327,264
365,264
328,265
329,265
330,265
365,265
331,266
332,266
333,266
336,266
337,266
365,266
334,267
335,267
338,267
339,267
340,267
364,267
341,268
342,268
343,268
344,268
364,268
345,269
346,269
364,269
347,270
348,270
349,270
350,270
364,270
351,271
352,271
353,271
354,271
355,271
356,271
357,271
358,271
359,271
360,271
361,271
362,271
363,271