89,0
90,1
90,2
90,3
90,4
91,5
91,6
91,7
91,8
91,9
91,10
91,11
90,12
90,13
90,14
90,15
90,16
90,17
90,18
90,19
90,20
90,21
90,22
90,23
90,24
89,25
89,26
89,27
89,28
90,29
90,30
90,31
90,32
90,33
90,34
90,35
90,36
90,37
90,38
89,39
89,40
89,41
89,42
89,43
89,44
89,45
89,46
89,47
89,48
89,49
89,50
88,51
88,52
88,53
89,54
89,55
89,56
89,57
88,58
88,59
88,60
89,61
89,62
89,63
88,64
88,65
88,66
88,67
88,68
88,69
88,70
88,71
88,72
88,73
88,74
88,75
87,76
87,77
88,78
88,79
88,80
88,81
88,82
88,83
88,84
87,85
87,86
87,87
87,88
87,89
87,90
87,91
87,92
87,93
86,94
86,95
86,96
86,97
86,98
20,99
21,99
22,99
23,99
24,99
25,99
26,99
27,99
28,99
29,99
85,99
19,100
30,100
31,100
32,100
85,100
16,101
17,101
18,101
33,101
34,101
35,101
85,101
15,102
36,102
37,102
85,102
14,103
38,103
39,103
40,103
85,103
13,104
41,104
42,104
43,104
44,104
45,104
85,104
12,105
46,105
47,105
84,105
11,106
48,106
49,106
84,106
10,107
50,107
51,107
83,107
9,108
52,108
53,108
83,108
8,109
54,109
55,109
82,109
8,110
56,110
57,110
58,110
81,110
7,111
59,111
80,111
7,112
60,112
61,112
62,112
78,112
79,112
6,113
63,113
64,113
65,113
66,113
67,113
69,113
70,113
71,113
72,113
75,113
76,113
77,113
6,114
68,114
73,114
74,114
5,115
4,116
4,117
3,118
3,119
2,120
2,121
2,122
2,123
2,124
1,125
1,126
1,127
0,128
1,129
1,130
1,131
1,132
1,133
1,134
1,135
1,136
2,137
2,138
2,139
3,140
3,141
3,142
3,143
4,144
4,145
5,146
5,147
5,148
6,149
6,150
7,151
8,152
9,153
9,154
10,155
72,155
73,155
74,155
10,156
70,156
71,156
75,156
76,156
77,156
11,157
67,157
68,157
69,157
78,157
79,157
12,158
62,158
63,158
64,158
65,158
66,158
80,158
13,159
59,159
60,159
61,159
80,159
13,160
57,160
58,160
81,160
14,161
55,161
56,161
82,161
15,162
53,162
54,162
83,162
16,163
51,163
52,163
83,163
17,164
49,164
50,164
83,164
18,165
47,165
48,165
84,165
19,166
45,166
46,166
84,166
20,167
21,167
22,167
23,167
44,167
84,167
24,168
25,168
43,168
85,168
26,169
27,169
28,169
41,169
42,169
85,169
29,170
30,170
31,170
32,170
33,170
38,170
39,170
40,170
85,170
34,171
35,171
36,171
37,171
86,171
86,172
86,173
86,174
86,175
87,176
87,177
87,178
87,179
88,180
88,181
88,182
88,183
87,184
87,185
87,186
87,187
87,188
87,189
87,190
87,191
87,192
87,193
87,194
87,195
87,196
87,197
87,198
87,199
87,200
88,201
89,202
89,203
89,204
89,205
89,206
89,207
88,208
88,209
88,210
88,211
88,212
89,213
89,214
88,215
88,216
88,217
88,218
88,219
87,220
87,221
86,222
86,223
87,224
88,225