258,0
259,0
260,0
261,0
262,0
263,0
264,0
265,0
266,0
245,1
246,1
247,1
248,1
249,1
250,1
251,1
252,1
253,1
254,1
255,1
256,1
257,1
267,1
268,1
269,1
270,1
271,1
272,1
273,1
274,1
283,1
284,1
285,1
240,2
241,2
242,2
243,2
244,2
275,2
276,2
277,2
278,2
279,2
280,2
281,2
282,2
286,2
287,2
288,2
289,2
290,2
291,2
292,2
293,2
294,2
295,2
308,2
309,2
133,3
134,3
135,3
136,3
137,3
138,3
139,3
140,3
141,3
142,3
143,3
144,3
145,3
146,3
147,3
148,3
149,3
239,3
296,3
297,3
298,3
299,3
300,3
301,3
302,3
303,3
304,3
305,3
306,3
307,3
310,3
311,3
312,3
313,3
314,3
315,3
316,3
317,3
318,3
319,3
320,3
321,3
322,3
326,3
333,3
96,4
97,4
98,4
99,4
100,4
101,4
108,4
109,4
110,4
111,4
112,4
113,4
114,4
115,4
116,4
117,4
118,4
119,4
120,4
121,4
122,4
123,4
124,4
125,4
126,4
127,4
128,4
129,4
130,4
131,4
132,4
150,4
151,4
152,4
153,4
154,4
155,4
156,4
158,4
237,4
238,4
323,4
324,4
325,4
327,4
328,4
329,4
330,4
331,4
332,4
334,4
335,4
336,4
337,4
338,4
339,4
340,4
341,4
342,4
85,5
86,5
87,5
88,5
89,5
90,5
91,5
92,5
93,5
94,5
95,5
102,5
103,5
104,5
105,5
106,5
107,5
157,5
159,5
160,5
161,5
236,5
343,5
84,6
162,6
163,6
235,6
343,6
84,7
164,7
165,7
166,7
234,7
343,7
85,8
167,8
233,8
343,8
84,9
167,9
233,9
343,9
84,10
168,10
233,10
343,10
84,11
169,11
233,11
343,11
85,12
86,12
169,12
233,12
343,12
87,13
169,13
233,13
343,13
87,14
169,14
233,14
343,14
87,15
169,15
233,15
343,15
87,16
169,16
233,16
343,16
87,17
169,17
234,17
343,17
87,18
169,18
234,18
343,18
87,19
168,19
234,19
344,19
87,20
168,20
235,20
344,20
87,21
168,21
235,21
344,21
86,22
168,22
235,22
344,22
86,23
167,23
236,23
344,23
86,24
167,24
236,24
344,24
86,25
167,25
237,25
344,25
85,26
166,26
237,26
344,26
85,27
165,27
238,27
345,27
85,28
165,28
239,28
345,28
85,29
164,29
240,29
345,29
84,30
163,30
241,30
345,30
84,31
163,31
241,31
345,31
84,32
162,32
242,32
345,32
85,33
162,33
243,33
346,33
85,34
161,34
244,34
346,34
85,35
160,35
244,35
346,35
84,36
159,36
245,36
346,36
84,37
158,37
245,37
346,37
84,38
158,38
246,38
346,38
84,39
158,39
247,39
346,39
84,40
157,40
248,40
346,40
84,41
156,41
248,41
346,41
84,42
155,42
249,42
346,42
84,43
155,43
249,43
346,43
83,44
154,44
250,44
346,44
83,45
153,45
250,45
346,45
83,46
154,46
251,46
346,46
83,47
153,47
251,47
346,47
83,48
153,48
251,48
346,48
82,49
153,49
251,49
346,49
82,50
152,50
251,50
346,50
82,51
152,51
251,51
346,51
82,52
152,52
251,52
347,52
82,53
152,53
251,53
348,53
82,54
153,54
251,54
348,54
82,55
153,55
251,55
348,55
82,56
154,56
251,56
348,56
81,57
154,57
250,57
348,57
82,58
155,58
249,58
348,58
82,59
155,59
249,59
348,59
82,60
156,60
248,60
348,60
82,61
157,61
248,61
348,61
82,62
158,62
246,62
247,62
348,62
81,63
159,63
245,63
348,63
81,64
159,64
244,64
348,64
81,65
160,65
243,65
348,65
80,66
161,66
241,66
242,66
348,66
80,67
162,67
239,67
240,67
349,67
22,68
23,68
24,68
25,68
26,68
27,68
80,68
163,68
164,68
238,68
349,68
19,69
20,69
21,69
28,69
29,69
80,69
165,69
237,69
349,69
18,70
30,70
31,70
80,70
166,70
236,70
349,70
17,71
32,71
79,71
167,71
169,71
234,71
235,71
349,71
15,72
16,72
33,72
34,72
35,72
78,72
168,72
170,72
171,72
233,72
349,72
13,73
14,73
36,73
37,73
78,73
172,73
174,73
227,73
228,73
229,73
230,73
231,73
232,73
349,73
12,74
38,74
77,74
173,74
175,74
176,74
177,74
178,74
221,74
222,74
223,74
224,74
225,74
226,74
349,74
11,75
39,75
77,75
179,75
180,75
181,75
182,75
185,75
212,75
213,75
215,75
216,75
217,75
218,75
219,75
220,75
349,75
10,76
40,76
76,76
183,76
184,76
186,76
187,76
188,76
189,76
190,76
205,76
210,76
211,76
214,76
349,76
10,77
41,77
42,77
75,77
191,77
192,77
193,77
194,77
195,77
196,77
197,77
198,77
199,77
200,77
201,77
202,77
203,77
204,77
206,77
207,77
208,77
209,77
350,77
10,78
43,78
75,78
350,78
9,79
44,79
74,79
350,79
8,80
45,80
74,80
350,80
7,81
46,81
47,81
73,81
350,81
6,82
48,82
49,82
72,82
350,82
6,83
50,83
51,83
52,83
71,83
350,83
6,84
53,84
54,84
67,84
68,84
69,84
70,84
350,84
5,85
55,85
56,85
57,85
62,85
63,85
64,85
65,85
66,85
350,85
5,86
58,86
59,86
60,86
61,86
350,86
5,87
350,87
4,88
350,88
4,89
350,89
4,90
350,90
3,91
350,91
3,92
350,92
3,93
350,93
3,94
350,94
2,95
350,95
2,96
350,96
2,97
350,97
2,98
350,98
2,99
350,99
1,100
350,100
1,101
350,101
1,102
291,102
292,102
293,102
294,102
295,102
296,102
297,102
298,102
299,102
300,102
301,102
351,102
1,103
286,103
287,103
288,103
289,103
290,103
302,103
303,103
304,103
305,103
351,103
1,104
285,104
306,104
307,104
350,104
0,105
284,105
308,105
309,105
310,105
311,105
350,105
0,106
283,106
312,106
349,106
0,107
282,107
313,107
349,107
0,108
280,108
281,108
314,108
315,108
316,108
317,108
318,108
349,108
1,109
279,109
319,109
320,109
321,109
348,109
1,110
279,110
322,110
323,110
324,110
347,110
1,111
278,111
325,111
346,111
1,112
277,112
326,112
327,112
328,112
344,112
345,112
1,113
276,113
329,113
330,113
331,113
341,113
342,113
343,113
1,114
275,114
332,114
333,114
334,114
335,114
336,114
337,114
338,114
339,114
340,114
1,115
275,115
1,116
274,116
1,117
274,117
1,118
273,118
1,119
272,119
1,120
272,120
1,121
271,121
1,122
271,122
1,123
270,123
1,124
270,124
1,125
270,125
1,126
269,126
1,127
269,127
1,128
269,128
1,129
270,129
1,130
269,130
1,131
269,131
1,132
268,132
2,133
268,133
3,134
268,134
3,135
268,135
3,136
268,136
3,137
268,137
3,138
269,138
3,139
270,139
4,140
269,140
4,141
61,141
62,141
63,141
64,141
65,141
66,141
67,141
269,141
4,142
60,142
68,142
69,142
70,142
269,142
5,143
57,143
58,143
59,143
71,143
269,143
5,144
54,144
55,144
56,144
72,144
73,144
269,144
5,145
51,145
52,145
53,145
74,145
269,145
6,146
49,146
50,146
74,146
269,146
6,147
47,147
48,147
75,147
269,147
6,148
45,148
46,148
76,148
270,148
7,149
44,149
76,149
270,149
8,150
42,150
43,150
77,150
271,150
8,151
40,151
41,151
77,151
271,151
9,152
39,152
78,152
271,152
9,153
37,153
38,153
78,153
272,153
10,154
36,154
78,154
273,154
11,155
12,155
34,155
35,155
79,155
274,155
13,156
14,156
33,156
80,156
274,156
15,157
31,157
32,157
81,157
275,157
16,158
17,158
18,158
28,158
29,158
30,158
81,158
275,158
19,159
20,159
21,159
24,159
25,159
26,159
27,159
81,159
276,159
22,160
23,160
81,160
277,160
81,161
277,161
81,162
278,162
81,163
190,163
191,163
278,163
81,164
183,164
184,164
186,164
187,164
188,164
189,164
192,164
279,164
337,164
340,164
81,165
180,165
181,165
182,165
185,165
193,165
194,165
195,165
196,165
279,165
336,165
338,165
339,165
341,165
342,165
343,165
344,165
81,166
173,166
174,166
175,166
176,166
177,166
178,166
179,166
197,166
198,166
199,166
200,166
280,166
331,166
332,166
333,166
334,166
335,166
345,166
82,167
172,167
201,167
202,167
203,167
281,167
329,167
330,167
346,167
82,168
168,168
169,168
170,168
171,168
204,168
205,168
281,168
328,168
347,168
82,169
166,169
167,169
206,169
207,169
282,169
283,169
326,169
327,169
348,169
82,170
164,170
165,170
208,170
209,170
211,170
212,170
284,170
324,170
325,170
348,170
81,171
162,171
163,171
210,171
213,171
284,171
286,171
322,171
323,171
349,171
81,172
161,172
214,172
285,172
287,172
319,172
320,172
321,172
349,172
81,173
160,173
215,173
288,173
318,173
349,173
81,174
159,174
216,174
289,174
290,174
315,174
316,174
317,174
350,174
81,175
156,175
158,175
217,175
291,175
312,175
313,175
314,175
350,175
81,176
155,176
157,176
218,176
292,176
293,176
311,176
351,176
81,177
154,177
219,177
294,177
295,177
296,177
297,177
298,177
309,177
310,177
352,177
81,178
153,178
220,178
299,178
300,178
301,178
302,178
305,178
307,178
308,178
352,178
80,179
151,179
152,179
221,179
303,179
304,179
306,179
352,179
80,180
150,180
221,180
352,180
81,181
150,181
222,181
352,181
82,182
149,182
222,182
352,182
82,183
148,183
222,183
352,183
82,184
148,184
222,184
352,184
82,185
147,185
222,185
352,185
82,186
146,186
222,186
352,186
82,187
146,187
221,187
352,187
82,188
146,188
221,188
352,188
82,189
146,189
221,189
351,189
82,190
146,190
221,190
351,190
82,191
145,191
221,191
351,191
82,192
144,192
220,192
351,192
82,193
143,193
220,193
350,193
82,194
143,194
219,194
350,194
82,195
143,195
219,195
350,195
82,196
142,196
219,196
350,196
82,197
142,197
218,197
350,197
82,198
142,198
218,198
350,198
82,199
142,199
217,199
350,199
82,200
142,200
217,200
350,200
82,201
143,201
216,201
350,201
82,202
143,202
216,202
351,202
82,203
144,203
215,203
351,203
82,204
144,204
215,204
350,204
82,205
145,205
215,205
350,205
82,206
146,206
214,206
350,206
82,207
147,207
214,207
350,207
82,208
147,208
213,208
350,208
82,209
147,209
212,209
350,209
83,210
148,210
212,210
349,210
83,211
148,211
212,211
349,211
83,212
149,212
211,212
349,212
82,213
149,213
210,213
349,213
82,214
150,214
209,214
349,214
82,215
150,215
209,215
349,215
82,216
151,216
208,216
348,216
82,217
151,217
208,217
348,217
83,218
152,218
207,218
348,218
82,219
152,219
206,219
348,219
82,220
152,220
205,220
348,220
82,221
153,221
204,221
348,221
82,222
153,222
204,222
348,222
82,223
153,223
204,223
348,223
82,224
153,224
203,224
348,224
82,225
154,225
203,225
348,225
82,226
154,226
202,226
347,226
82,227
154,227
202,227
348,227
81,228
154,228
202,228
348,228
81,229
154,229
202,229
348,229
81,230
155,230
203,230
348,230
81,231
155,231
203,231
347,231
82,232
155,232
203,232
347,232
83,233
155,233
204,233
347,233
84,234
85,234
88,234
89,234
90,234
91,234
154,234
204,234
347,234
86,235
87,235
92,235
93,235
94,235
95,235
96,235
97,235
98,235
99,235
153,235
205,235
347,235
100,236
101,236
102,236
103,236
104,236
105,236
106,236
107,236
108,236
152,236
206,236
347,236
109,237
110,237
111,237
112,237
113,237
114,237
115,237
116,237
117,237
118,237
119,237
151,237
206,237
208,237
346,237
120,238
121,238
122,238
123,238
124,238
125,238
126,238
146,238
147,238
148,238
149,238
150,238
207,238
209,238
337,238
338,238
339,238
340,238
341,238
342,238
343,238
344,238
345,238
127,239
128,239
129,239
130,239
138,239
139,239
140,239
141,239
142,239
143,239
144,239
145,239
210,239
211,239
212,239
213,239
214,239
215,239
240,239
288,239
289,239
313,239
314,239
315,239
316,239
317,239
318,239
319,239
320,239
321,239
322,239
323,239
328,239
329,239
330,239
331,239
332,239
333,239
334,239
335,239
336,239
131,240
132,240
133,240
134,240
135,240
136,240
137,240
216,240
217,240
218,240
219,240
220,240
221,240
222,240
238,240
239,240
241,240
242,240
243,240
244,240
245,240
246,240
247,240
248,240
251,240
263,240
264,240
265,240
266,240
267,240
268,240
269,240
270,240
271,240
272,240
273,240
274,240
275,240
279,240
280,240
281,240
287,240
290,240
291,240
292,240
293,240
294,240
295,240
296,240
297,240
298,240
299,240
300,240
301,240
302,240
303,240
304,240
305,240
307,240
308,240
309,240
310,240
311,240
312,240
324,240
325,240
326,240
327,240
223,241
224,241
225,241
226,241
227,241
228,241
229,241
230,241
231,241
232,241
233,241
234,241
235,241
236,241
237,241
249,241
250,241
252,241
253,241
254,241
255,241
256,241
257,241
258,241
259,241
260,241
261,241
262,241
276,241
277,241
278,241
282,241
283,241
284,241
285,241
286,241
306,241