153,0
135,1
136,1
137,1
138,1
139,1
140,1
141,1
147,1
148,1
149,1
150,1
151,1
152,1
154,1
155,1
156,1
157,1
158,1
159,1
160,1
99,2
100,2
101,2
102,2
103,2
111,2
112,2
113,2
114,2
115,2
116,2
117,2
118,2
119,2
120,2
121,2
122,2
124,2
125,2
126,2
127,2
128,2
129,2
130,2
131,2
132,2
133,2
134,2
142,2
143,2
144,2
145,2
146,2
161,2
162,2
163,2
164,2
165,2
166,2
167,2
168,2
169,2
170,2
171,2
172,2
173,2
174,2
175,2
83,3
84,3
85,3
86,3
87,3
88,3
89,3
90,3
91,3
92,3
93,3
94,3
95,3
96,3
97,3
98,3
104,3
105,3
106,3
107,3
108,3
109,3
110,3
123,3
176,3
177,3
82,4
178,4
82,5
178,5
82,6
179,6
180,6
247,6
83,7
181,7
238,7
239,7
240,7
241,7
242,7
243,7
244,7
245,7
246,7
248,7
249,7
250,7
251,7
252,7
253,7
82,8
182,8
236,8
237,8
254,8
255,8
256,8
257,8
258,8
259,8
260,8
261,8
262,8
263,8
264,8
265,8
266,8
267,8
82,9
183,9
234,9
235,9
268,9
269,9
270,9
271,9
272,9
83,10
182,10
233,10
273,10
274,10
275,10
276,10
277,10
278,10
279,10
280,10
281,10
282,10
83,11
182,11
232,11
283,11
284,11
285,11
286,11
287,11
288,11
289,11
290,11
84,12
182,12
232,12
291,12
292,12
293,12
294,12
295,12
296,12
297,12
298,12
84,13
182,13
232,13
299,13
300,13
301,13
302,13
303,13
304,13
305,13
306,13
307,13
308,13
309,13
84,14
182,14
232,14
310,14
311,14
313,14
314,14
315,14
316,14
84,15
182,15
232,15
312,15
317,15
318,15
319,15
320,15
321,15
322,15
323,15
324,15
325,15
326,15
327,15
83,16
182,16
232,16
328,16
83,17
182,17
232,17
329,17
330,17
331,17
332,17
333,17
334,17
335,17
336,17
337,17
338,17
339,17
341,17
83,18
181,18
232,18
340,18
342,18
343,18
344,18
345,18
83,19
181,19
233,19
346,19
83,20
180,20
232,20
347,20
348,20
83,21
180,21
233,21
349,21
83,22
180,22
233,22
349,22
83,23
179,23
234,23
348,23
83,24
179,24
234,24
348,24
84,25
178,25
234,25
348,25
84,26
177,26
235,26
348,26
84,27
177,27
235,27
348,27
84,28
176,28
235,28
347,28
84,29
176,29
236,29
347,29
84,30
175,30
236,30
347,30
84,31
175,31
237,31
347,31
84,32
175,32
238,32
347,32
85,33
174,33
238,33
347,33
84,34
174,34
239,34
346,34
84,35
173,35
239,35
347,35
84,36
172,36
240,36
347,36
84,37
171,37
240,37
346,37
84,38
171,38
241,38
346,38
84,39
170,39
240,39
346,39
85,40
170,40
241,40
346,40
85,41
170,41
241,41
345,41
85,42
169,42
242,42
345,42
85,43
169,43
242,43
345,43
85,44
168,44
243,44
344,44
85,45
168,45
243,45
344,45
85,46
168,46
244,46
344,46
85,47
168,47
244,47
344,47
85,48
168,48
245,48
344,48
85,49
168,49
245,49
344,49
85,50
169,50
245,50
344,50
86,51
169,51
244,51
344,51
86,52
170,52
244,52
343,52
85,53
171,53
244,53
343,53
85,54
171,54
243,54
343,54
85,55
172,55
243,55
343,55
85,56
173,56
242,56
343,56
85,57
174,57
241,57
343,57
85,58
175,58
240,58
343,58
85,59
176,59
239,59
343,59
85,60
177,60
238,60
342,60
85,61
177,61
237,61
341,61
86,62
178,62
179,62
180,62
236,62
341,62
86,63
181,63
182,63
235,63
341,63
86,64
183,64
184,64
233,64
234,64
341,64
86,65
185,65
231,65
232,65
341,65
86,66
186,66
187,66
188,66
230,66
341,66
86,67
189,67
227,67
228,67
229,67
341,67
86,68
190,68
191,68
192,68
225,68
226,68
340,68
87,69
193,69
223,69
224,69
340,69
87,70
194,70
195,70
221,70
222,70
340,70
87,71
196,71
217,71
218,71
219,71
220,71
340,71
86,72
197,72
198,72
199,72
200,72
201,72
202,72
210,72
211,72
212,72
213,72
214,72
215,72
216,72
340,72
86,73
203,73
204,73
205,73
206,73
207,73
208,73
209,73
340,73
86,74
340,74
86,75
340,75
86,76
340,76
86,77
339,77
86,78
339,78
86,79
338,79
87,80
338,80
87,81
338,81
87,82
338,82
87,83
337,83
87,84
337,84
87,85
337,85
87,86
337,86
87,87
337,87
88,88
337,88
88,89
337,89
87,90
337,90
86,91
337,91
87,92
337,92
87,93
337,93
87,94
337,94
87,95
337,95
87,96
336,96
87,97
335,97
87,98
335,98
87,99
335,99
87,100
335,100
87,101
335,101
87,102
335,102
86,103
335,103
86,104
335,104
86,105
335,105
35,106
36,106
37,106
86,106
335,106
26,107
29,107
30,107
31,107
32,107
33,107
34,107
38,107
39,107
40,107
41,107
86,107
335,107
24,108
25,108
27,108
28,108
42,108
43,108
85,108
335,108
22,109
23,109
44,109
84,109
335,109
20,110
21,110
45,110
84,110
335,110
19,111
46,111
47,111
84,111
336,111
377,111
378,111
379,111
380,111
381,111
18,112
48,112
84,112
336,112
375,112
376,112
382,112
383,112
384,112
385,112
386,112
387,112
388,112
389,112
390,112
17,113
49,113
50,113
83,113
336,113
372,113
373,113
374,113
391,113
392,113
393,113
394,113
395,113
16,114
51,114
82,114
336,114
370,114
371,114
396,114
397,114
15,115
52,115
53,115
81,115
337,115
369,115
398,115
399,115
14,116
54,116
55,116
81,116
336,116
368,116
400,116
13,117
56,117
57,117
81,117
337,117
363,117
365,117
366,117
367,117
401,117
13,118
58,118
59,118
80,118
337,118
362,118
364,118
401,118
12,119
60,119
61,119
62,119
79,119
338,119
339,119
340,119
360,119
361,119
402,119
403,119
12,120
63,120
78,120
341,120
358,120
359,120
404,120
405,120
11,121
64,121
65,121
76,121
77,121
342,121
343,121
344,121
355,121
356,121
357,121
406,121
10,122
66,122
67,122
68,122
69,122
73,122
74,122
75,122
345,122
346,122
347,122
348,122
349,122
350,122
351,122
352,122
353,122
354,122
406,122
9,123
70,123
71,123
72,123
407,123
9,124
408,124
8,125
409,125
7,126
410,126
6,127
410,127
6,128
411,128
5,129
412,129
5,130
412,130
4,131
413,131
4,132
413,132
4,133
413,133
3,134
414,134
3,135
414,135
2,136
415,136
2,137
414,137
2,138
414,138
2,139
414,139
2,140
415,140
2,141
415,141
2,142
415,142
2,143
416,143
1,144
416,144
0,145
416,145
0,146
416,146
1,147
416,147
1,148
416,148
1,149
416,149
1,150
416,150
1,151
416,151
2,152
415,152
2,153
415,153
3,154
414,154
3,155
414,155
3,156
413,156
4,157
413,157
4,158
413,158
5,159
413,159
5,160
412,160
6,161
412,161
6,162
411,162
6,163
411,163
6,164
69,164
70,164
71,164
72,164
73,164
410,164
6,165
66,165
67,165
68,165
74,165
75,165
410,165
7,166
61,166
63,166
64,166
65,166
76,166
77,166
409,166
8,167
59,167
60,167
62,167
78,167
409,167
9,168
57,168
58,168
79,168
340,168
341,168
342,168
409,168
10,169
55,169
56,169
80,169
339,169
343,169
344,169
345,169
346,169
347,169
348,169
349,169
408,169
10,170
53,170
54,170
81,170
339,170
350,170
351,170
352,170
353,170
354,170
407,170
11,171
52,171
81,171
337,171
338,171
355,171
356,171
357,171
407,171
12,172
50,172
51,172
81,172
336,172
358,172
406,172
13,173
47,173
48,173
49,173
81,173
184,173
185,173
186,173
335,173
358,173
404,173
405,173
14,174
15,174
43,174
46,174
81,174
174,174
179,174
180,174
181,174
182,174
183,174
187,174
188,174
189,174
190,174
191,174
334,174
359,174
360,174
403,174
16,175
17,175
41,175
42,175
44,175
45,175
81,175
172,175
173,175
175,175
176,175
177,175
178,175
192,175
333,175
361,175
402,175
18,176
19,176
20,176
37,176
40,176
82,176
168,176
169,176
170,176
171,176
193,176
194,176
195,176
196,176
197,176
198,176
199,176
200,176
333,176
362,176
401,176
21,177
22,177
23,177
24,177
33,177
34,177
35,177
36,177
38,177
39,177
82,177
166,177
167,177
201,177
332,177
363,177
398,177
400,177
25,178
26,178
27,178
28,178
29,178
30,178
31,178
32,178
82,178
163,178
164,178
165,178
202,178
203,178
332,178
364,178
365,178
397,178
399,178
83,179
162,179
204,179
205,179
206,179
207,179
208,179
331,179
366,179
395,179
396,179
83,180
160,180
161,180
209,180
210,180
331,180
367,180
368,180
369,180
394,180
83,181
158,181
159,181
211,181
331,181
370,181
371,181
372,181
373,181
374,181
391,181
392,181
393,181
83,182
155,182
157,182
212,182
330,182
375,182
376,182
377,182
378,182
379,182
380,182
387,182
388,182
389,182
390,182
84,183
154,183
156,183
213,183
214,183
330,183
381,183
382,183
383,183
384,183
385,183
386,183
83,184
152,184
153,184
215,184
330,184
83,185
151,185
216,185
330,185
83,186
148,186
149,186
150,186
217,186
330,186
83,187
147,187
218,187
329,187
83,188
147,188
219,188
329,188
83,189
146,189
220,189
329,189
83,190
146,190
221,190
328,190
83,191
145,191
222,191
327,191
83,192
144,192
222,192
327,192
82,193
144,193
222,193
327,193
82,194
144,194
223,194
327,194
82,195
143,195
223,195
327,195
83,196
143,196
222,196
327,196
83,197
142,197
221,197
327,197
83,198
143,198
222,198
327,198
83,199
143,199
223,199
327,199
83,200
143,200
222,200
327,200
83,201
143,201
221,201
326,201
83,202
143,202
221,202
326,202
82,203
143,203
221,203
326,203
82,204
142,204
222,204
326,204
82,205
142,205
222,205
326,205
82,206
143,206
222,206
326,206
82,207
143,207
221,207
326,207
82,208
144,208
220,208
326,208
82,209
144,209
220,209
325,209
82,210
144,210
220,210
325,210
82,211
145,211
219,211
324,211
82,212
145,212
218,212
324,212
82,213
145,213
218,213
324,213
82,214
146,214
218,214
324,214
82,215
147,215
217,215
324,215
82,216
147,216
217,216
324,216
82,217
148,217
216,217
324,217
82,218
148,218
216,218
324,218
82,219
148,219
216,219
324,219
82,220
149,220
216,220
323,220
82,221
149,221
215,221
323,221
81,222
150,222
214,222
323,222
81,223
149,223
213,223
323,223
81,224
150,224
213,224
323,224
81,225
150,225
212,225
323,225
81,226
150,226
211,226
323,226
81,227
151,227
210,227
323,227
81,228
151,228
210,228
322,228
81,229
152,229
209,229
322,229
81,230
152,230
209,230
322,230
80,231
152,231
208,231
321,231
80,232
152,232
208,232
321,232
80,233
152,233
208,233
321,233
80,234
152,234
209,234
321,234
81,235
152,235
209,235
321,235
81,236
152,236
209,236
321,236
81,237
152,237
209,237
321,237
81,238
152,238
209,238
321,238
81,239
152,239
209,239
320,239
80,240
152,240
209,240
320,240
80,241
151,241
210,241
320,241
80,242
150,242
210,242
320,242
81,243
82,243
149,243
211,243
320,243
83,244
84,244
85,244
86,244
87,244
88,244
89,244
90,244
91,244
92,244
93,244
94,244
95,244
96,244
97,244
147,244
148,244
210,244
319,244
98,245
99,245
100,245
101,245
102,245
103,245
104,245
105,245
106,245
107,245
108,245
109,245
110,245
111,245
112,245
113,245
114,245
115,245
145,245
146,245
211,245
212,245
213,245
319,245
116,246
142,246
143,246
144,246
214,246
215,246
319,246
117,247
118,247
119,247
120,247
121,247
122,247
123,247
124,247
125,247
126,247
127,247
128,247
129,247
130,247
131,247
132,247
133,247
134,247
140,247
141,247
216,247
217,247
218,247
219,247
220,247
221,247
222,247
223,247
319,247
135,248
136,248
137,248
138,248
139,248
224,248
225,248
226,248
227,248
228,248
236,248
237,248
238,248
239,248
240,248
241,248
242,248
243,248
244,248
245,248
246,248
247,248
251,248
261,248
262,248
263,248
264,248
265,248
319,248
229,249
230,249
231,249
232,249
233,249
234,249
235,249
248,249
249,249
250,249
252,249
253,249
254,249
255,249
256,249
257,249
258,249
259,249
260,249
266,249
267,249
268,249
269,249
270,249
271,249
272,249
273,249
274,249
275,249
276,249
277,249
278,249
279,249
280,249
281,249
282,249
283,249
284,249
287,249
288,249
289,249
290,249
291,249
292,249
293,249
294,249
295,249
296,249
297,249
298,249
299,249
300,249
301,249
302,249
303,249
315,249
316,249
317,249
318,249
285,250
286,250
304,250
305,250
306,250
307,250
308,250
309,250
310,250
311,250
312,250
313,250
314,250