394,0
395,0
396,0
397,0
398,0
399,0
400,0
401,0
402,0
403,0
404,0
405,0
406,0
407,0
408,0
409,0
410,0
411,0
367,1
368,1
369,1
370,1
371,1
372,1
373,1
374,1
375,1
376,1
377,1
378,1
379,1
380,1
381,1
389,1
390,1
391,1
392,1
393,1
412,1
341,2
342,2
343,2
344,2
345,2
346,2
347,2
348,2
349,2
350,2
351,2
352,2
353,2
354,2
355,2
356,2
357,2
358,2
359,2
360,2
363,2
364,2
365,2
366,2
382,2
383,2
384,2
385,2
386,2
387,2
388,2
412,2
316,3
317,3
318,3
319,3
320,3
321,3
322,3
323,3
324,3
327,3
328,3
329,3
330,3
331,3
332,3
333,3
340,3
361,3
362,3
412,3
293,4
294,4
295,4
296,4
313,4
314,4
315,4
325,4
326,4
334,4
335,4
336,4
337,4
338,4
339,4
413,4
286,5
287,5
288,5
289,5
290,5
291,5
292,5
297,5
298,5
299,5
300,5
301,5
302,5
303,5
304,5
305,5
306,5
307,5
308,5
309,5
310,5
311,5
312,5
413,5
259,6
260,6
261,6
262,6
263,6
264,6
265,6
266,6
267,6
268,6
269,6
270,6
271,6
272,6
273,6
274,6
275,6
276,6
277,6
278,6
279,6
280,6
281,6
282,6
283,6
284,6
285,6
413,6
99,7
100,7
101,7
102,7
103,7
104,7
105,7
106,7
107,7
108,7
109,7
250,7
251,7
252,7
253,7
254,7
255,7
256,7
257,7
258,7
413,7
97,8
98,8
110,8
111,8
112,8
124,8
125,8
126,8
127,8
128,8
246,8
247,8
248,8
249,8
414,8
96,9
113,9
114,9
115,9
116,9
117,9
118,9
119,9
120,9
121,9
122,9
123,9
129,9
130,9
131,9
132,9
133,9
134,9
135,9
151,9
243,9
244,9
245,9
414,9
97,10
136,10
137,10
138,10
139,10
140,10
141,10
142,10
143,10
144,10
145,10
146,10
147,10
148,10
149,10
150,10
152,10
153,10
154,10
155,10
156,10
157,10
158,10
159,10
160,10
161,10
162,10
163,10
164,10
165,10
166,10
167,10
168,10
240,10
241,10
242,10
414,10
97,11
169,11
170,11
171,11
172,11
173,11
239,11
414,11
97,12
174,12
175,12
176,12
178,12
238,12
414,12
97,13
177,13
179,13
237,13
414,13
96,14
180,14
237,14
414,14
96,15
181,15
236,15
414,15
96,16
182,16
236,16
414,16
96,17
183,17
236,17
414,17
96,18
183,18
236,18
415,18
96,19
184,19
236,19
415,19
96,20
185,20
236,20
415,20
96,21
185,21
236,21
415,21
95,22
184,22
236,22
415,22
95,23
185,23
237,23
416,23
95,24
184,24
237,24
415,24
95,25
184,25
237,25
415,25
94,26
184,26
237,26
416,26
94,27
183,27
237,27
416,27
94,28
182,28
238,28
416,28
94,29
182,29
238,29
416,29
94,30
182,30
238,30
416,30
93,31
181,31
239,31
417,31
93,32
181,32
239,32
417,32
93,33
180,33
240,33
418,33
93,34
179,34
241,34
418,34
92,35
180,35
242,35
418,35
92,36
179,36
242,36
418,36
93,37
179,37
242,37
418,37
93,38
178,38
243,38
418,38
93,39
178,39
243,39
418,39
93,40
178,40
244,40
418,40
92,41
177,41
244,41
418,41
92,42
176,42
245,42
419,42
92,43
176,43
245,43
419,43
92,44
175,44
246,44
419,44
92,45
174,45
246,45
419,45
91,46
174,46
247,46
419,46
91,47
173,47
247,47
419,47
91,48
172,48
248,48
419,48
91,49
172,49
248,49
419,49
91,50
172,50
249,50
419,50
90,51
171,51
249,51
420,51
90,52
170,52
249,52
420,52
90,53
170,53
250,53
420,53
90,54
170,54
250,54
420,54
90,55
170,55
250,55
420,55
89,56
170,56
250,56
420,56
89,57
170,57
251,57
420,57
89,58
170,58
251,58
421,58
89,59
171,59
251,59
422,59
88,60
171,60
251,60
422,60
88,61
172,61
252,61
422,61
88,62
173,62
252,62
422,62
88,63
173,63
252,63
422,63
89,64
174,64
252,64
422,64
88,65
174,65
252,65
422,65
88,66
175,66
251,66
422,66
88,67
176,67
251,67
422,67
87,68
176,68
250,68
422,68
87,69
177,69
249,69
422,69
87,70
178,70
179,70
249,70
422,70
87,71
180,71
248,71
422,71
86,72
181,72
247,72
422,72
86,73
182,73
183,73
246,73
422,73
86,74
184,74
185,74
244,74
245,74
422,74
86,75
186,75
243,75
422,75
86,76
187,76
188,76
241,76
242,76
422,76
86,77
189,77
190,77
239,77
240,77
422,77
86,78
191,78
236,78
237,78
238,78
422,78
85,79
192,79
193,79
194,79
235,79
422,79
85,80
195,80
196,80
234,80
422,80
85,81
197,81
198,81
232,81
233,81
422,81
85,82
199,82
200,82
201,82
229,82
230,82
231,82
422,82
84,83
202,83
203,83
204,83
205,83
207,83
208,83
226,83
227,83
228,83
422,83
84,84
206,84
209,84
210,84
211,84
212,84
213,84
214,84
219,84
220,84
221,84
222,84
223,84
224,84
225,84
374,84
375,84
422,84
84,85
215,85
216,85
217,85
218,85
371,85
372,85
373,85
376,85
377,85
378,85
379,85
423,85
84,86
370,86
380,86
381,86
423,86
83,87
369,87
382,87
383,87
422,87
83,88
368,88
384,88
385,88
422,88
83,89
367,89
386,89
422,89
83,90
366,90
387,90
388,90
422,90
83,91
365,91
389,91
390,91
421,91
83,92
365,92
391,92
421,92
26,93
27,93
28,93
29,93
30,93
31,93
32,93
33,93
34,93
35,93
82,93
364,93
392,93
393,93
394,93
396,93
421,93
23,94
24,94
25,94
36,94
37,94
82,94
363,94
395,94
397,94
420,94
21,95
22,95
38,95
39,95
82,95
362,95
398,95
399,95
420,95
19,96
20,96
40,96
41,96
81,96
361,96
400,96
401,96
419,96
18,97
42,97
43,97
81,97
360,97
402,97
403,97
404,97
418,97
18,98
44,98
45,98
46,98
80,98
360,98
405,98
406,98
417,98
16,99
17,99
47,99
48,99
80,99
359,99
407,99
408,99
414,99
415,99
416,99
15,100
49,100
79,100
359,100
409,100
410,100
411,100
412,100
413,100
14,101
50,101
51,101
78,101
358,101
13,102
52,102
53,102
54,102
76,102
77,102
358,102
12,103
55,103
75,103
357,103
12,104
56,104
57,104
74,104
357,104
11,105
58,105
59,105
72,105
73,105
356,105
10,106
60,106
61,106
62,106
63,106
70,106
71,106
355,106
9,107
64,107
65,107
66,107
67,107
68,107
69,107
355,107
8,108
355,108
8,109
355,109
7,110
355,110
6,111
355,111
6,112
354,112
5,113
355,113
5,114
355,114
5,115
355,115
4,116
355,116
3,117
354,117
3,118
354,118
2,119
354,119
3,120
354,120
2,121
354,121
2,122
354,122
2,123
354,123
1,124
354,124
1,125
354,125
1,126
354,126
1,127
355,127
1,128
355,128
0,129
355,129
0,130
355,130
0,131
355,131
0,132
355,132
0,133
356,133
0,134
356,134
0,135
357,135
0,136
357,136
0,137
357,137
0,138
358,138
1,139
359,139
411,139
412,139
413,139
414,139
415,139
416,139
1,140
360,140
407,140
408,140
409,140
410,140
417,140
1,141
360,141
405,141
406,141
418,141
1,142
360,142
403,142
404,142
419,142
2,143
360,143
402,143
420,143
2,144
73,144
74,144
361,144
399,144
400,144
401,144
420,144
2,145
64,145
65,145
66,145
67,145
68,145
69,145
70,145
71,145
72,145
75,145
76,145
77,145
78,145
361,145
398,145
421,145
3,146
61,146
62,146
63,146
79,146
362,146
397,146
421,146
4,147
59,147
60,147
80,147
363,147
395,147
396,147
421,147
5,148
57,148
58,148
81,148
364,148
394,148
422,148
5,149
56,149
81,149
365,149
393,149
422,149
6,150
54,150
55,150
82,150
366,150
390,150
391,150
392,150
422,150
7,151
53,151
82,151
366,151
389,151
422,151
7,152
51,152
52,152
83,152
367,152
368,152
370,152
387,152
388,152
422,152
7,153
49,153
50,153
83,153
369,153
371,153
385,153
386,153
422,153
8,154
48,154
84,154
372,154
373,154
374,154
382,154
383,154
384,154
422,154
9,155
47,155
84,155
375,155
376,155
377,155
378,155
379,155
380,155
381,155
422,155
9,156
46,156
84,156
422,156
10,157
45,157
85,157
422,157
11,158
43,158
44,158
85,158
422,158
11,159
41,159
42,159
85,159
422,159
12,160
13,160
39,160
40,160
85,160
422,160
14,161
36,161
37,161
38,161
86,161
422,161
15,162
16,162
33,162
34,162
35,162
86,162
422,162
17,163
19,163
20,163
21,163
28,163
29,163
30,163
31,163
32,163
86,163
422,163
18,164
22,164
23,164
24,164
25,164
26,164
27,164
86,164
422,164
86,165
422,165
86,166
423,166
86,167
423,167
86,168
215,168
216,168
217,168
218,168
219,168
220,168
221,168
222,168
223,168
224,168
225,168
226,168
227,168
228,168
229,168
230,168
231,168
232,168
234,168
235,168
236,168
237,168
238,168
239,168
240,168
241,168
242,168
243,168
244,168
245,168
246,168
423,168
87,169
210,169
211,169
212,169
213,169
214,169
233,169
247,169
248,169
249,169
250,169
251,169
423,169
87,170
208,170
209,170
252,170
253,170
254,170
422,170
87,171
202,171
203,171
204,171
205,171
206,171
207,171
255,171
256,171
257,171
258,171
422,171
88,172
196,172
197,172
198,172
199,172
200,172
201,172
259,172
260,172
262,172
422,172
88,173
195,173
261,173
263,173
264,173
422,173
88,174
193,174
194,174
265,174
422,174
88,175
191,175
192,175
266,175
267,175
422,175
88,176
189,176
190,176
268,176
422,176
88,177
188,177
269,177
422,177
88,178
186,178
187,178
270,178
422,178
88,179
185,179
271,179
421,179
88,180
184,180
272,180
273,180
421,180
89,181
183,181
274,181
421,181
89,182
182,182
274,182
421,182
89,183
181,183
275,183
421,183
89,184
180,184
275,184
421,184
89,185
180,185
276,185
421,185
89,186
179,186
276,186
421,186
89,187
179,187
277,187
421,187
89,188
178,188
278,188
420,188
89,189
177,189
278,189
420,189
89,190
177,190
278,190
420,190
89,191
177,191
278,191
420,191
89,192
176,192
278,192
420,192
89,193
176,193
278,193
421,193
89,194
176,194
278,194
421,194
90,195
175,195
277,195
421,195
90,196
175,196
278,196
421,196
90,197
176,197
278,197
421,197
90,198
176,198
278,198
420,198
91,199
177,199
277,199
420,199
91,200
177,200
277,200
420,200
91,201
178,201
276,201
420,201
91,202
178,202
275,202
420,202
91,203
178,203
275,203
420,203
91,204
179,204
274,204
420,204
91,205
180,205
274,205
420,205
91,206
180,206
272,206
273,206
420,206
92,207
181,207
182,207
271,207
420,207
92,208
183,208
270,208
419,208
92,209
183,209
269,209
419,209
92,210
183,210
269,210
419,210
92,211
184,211
268,211
419,211
92,212
185,212
268,212
419,212
92,213
185,213
267,213
419,213
92,214
186,214
267,214
419,214
92,215
187,215
266,215
419,215
92,216
188,216
265,216
418,216
92,217
188,217
265,217
418,217
92,218
188,218
264,218
418,218
92,219
188,219
264,219
418,219
92,220
189,220
264,220
419,220
93,221
190,221
263,221
419,221
93,222
190,222
263,222
419,222
93,223
190,223
264,223
419,223
93,224
191,224
263,224
418,224
93,225
192,225
263,225
418,225
94,226
192,226
263,226
418,226
94,227
192,227
262,227
418,227
94,228
192,228
262,228
418,228
94,229
192,229
262,229
418,229
94,230
193,230
262,230
418,230
94,231
193,231
262,231
418,231
94,232
193,232
263,232
417,232
94,233
193,233
264,233
417,233
94,234
193,234
265,234
417,234
94,235
192,235
265,235
417,235
94,236
192,236
266,236
267,236
372,236
373,236
374,236
375,236
376,236
377,236
378,236
379,236
380,236
381,236
382,236
383,236
384,236
385,236
386,236
387,236
388,236
390,236
391,236
392,236
393,236
394,236
399,236
400,236
401,236
402,236
403,236
404,236
405,236
406,236
407,236
408,236
409,236
410,236
411,236
412,236
413,236
414,236
415,236
416,236
95,237
191,237
268,237
332,237
345,237
346,237
347,237
348,237
349,237
350,237
351,237
352,237
353,237
354,237
355,237
356,237
357,237
358,237
359,237
360,237
361,237
362,237
363,237
364,237
365,237
366,237
367,237
368,237
369,237
370,237
371,237
389,237
395,237
396,237
397,237
398,237
96,238
97,238
98,238
99,238
100,238
101,238
102,238
103,238
104,238
105,238
106,238
107,238
108,238
109,238
190,238
269,238
270,238
271,238
318,238
319,238
320,238
321,238
322,238
323,238
324,238
325,238
326,238
327,238
328,238
329,238
330,238
331,238
333,238
334,238
335,238
336,238
337,238
338,238
339,238
340,238
341,238
342,238
343,238
344,238
110,239
111,239
112,239
113,239
114,239
115,239
116,239
117,239
118,239
119,239
120,239
121,239
128,239
129,239
130,239
131,239
189,239
272,239
273,239
274,239
291,239
292,239
293,239
294,239
295,239
296,239
297,239
298,239
299,239
300,239
301,239
302,239
303,239
304,239
305,239
306,239
307,239
308,239
309,239
310,239
311,239
312,239
313,239
314,239
315,239
316,239
317,239
122,240
123,240
124,240
125,240
126,240
127,240
132,240
133,240
134,240
135,240
136,240
137,240
187,240
188,240
275,240
276,240
277,240
278,240
279,240
280,240
281,240
282,240
283,240
284,240
285,240
286,240
287,240
288,240
289,240
290,240
138,241
139,241
140,241
141,241
142,241
143,241
144,241
145,241
146,241
147,241
185,241
186,241
148,242
149,242
150,242
151,242
152,242
156,242
157,242
158,242
159,242
160,242
161,242
162,242
163,242
183,242
184,242
153,243
154,243
155,243
164,243
165,243
166,243
167,243
168,243
169,243
170,243
171,243
172,243
173,243
177,243
178,243
179,243
180,243
181,243
182,243
174,244
175,244
176,244