4,0
5,1
4,2
4,3
4,4
4,5
4,6
4,7
4,8
4,9
4,10
4,11
4,12
4,13
3,14
3,15
3,16
3,17
3,18
3,19
3,20
3,21
3,22
3,23
3,24
3,25
3,26
3,27
3,28
3,29
3,30
3,31
3,32
3,33
3,34
3,35
2,36
2,37
2,38
2,39
2,40
2,41
2,42
2,43
2,44
2,45
1,46
2,47
3,48
3,49
3,50
3,51
2,52
2,53
2,54
2,55
1,56
1,57
1,58
1,59
1,60
1,61
1,62
1,63
1,64
1,65
1,66
1,67
1,68
1,69
1,70
1,71
0,72
0,73
0,74
1,75
1,76
0,77
0,78
0,79
0,80
0,81
0,82
0,83
0,84
0,85
0,86
0,87
0,88
0,89
0,90
0,91
1,92
1,93
1,94
1,95
1,96
45,96
46,96
47,96
48,96
49,96
50,96
51,96
52,96
53,96
54,96
55,96
1,97
44,97
56,97
57,97
58,97
2,98
41,98
42,98
43,98
59,98
2,99
40,99
60,99
2,100
39,100
61,100
62,100
2,101
38,101
63,101
3,102
37,102
64,102
3,103
35,103
36,103
65,103
3,104
33,104
34,104
66,104
4,105
32,105
67,105
5,106
30,106
31,106
68,106
5,107
29,107
68,107
6,108
27,108
28,108
69,108
7,109
25,109
26,109
70,109
8,110
23,110
24,110
70,110
9,111
18,111
19,111
20,111
21,111
22,111
71,111
10,112
11,112
12,112
13,112
14,112
15,112
16,112
17,112
71,112
71,113
72,114
73,115
73,116
73,117
73,118
73,119
74,120
74,121
74,122
74,123
75,124
75,125
75,126
75,127
75,128
75,129
75,130
76,131
76,132
76,133
76,134
76,135
76,136
77,137
77,138
77,139
77,140
77,141
77,142
77,143
77,144
77,145
77,146
77,147
77,148
77,149
77,150
77,151
77,152
77,153
77,154
77,155
76,156
76,157
76,158
76,159
76,160
76,161
76,162
76,163
75,164
75,165
75,166
74,167
74,168
74,169
74,170
73,171
73,172
73,173
73,174
11,175
12,175
72,175
8,176
9,176
10,176
13,176
14,176
15,176
16,176
17,176
72,176
6,177
7,177
18,177
19,177
20,177
71,177
5,178
21,178
22,178
71,178
4,179
23,179
24,179
70,179
4,180
25,180
26,180
70,180
3,181
27,181
28,181
69,181
3,182
29,182
30,182
68,182
3,183
31,183
68,183
3,184
32,184
68,184
3,185
33,185
34,185
67,185
2,186
35,186
67,186
2,187
36,187
65,187
66,187
2,188
37,188
38,188
64,188
2,189
39,189
40,189
63,189
1,190
41,190
62,190
1,191
42,191
61,191
1,192
43,192
44,192
45,192
46,192
47,192
48,192
49,192
55,192
59,192
60,192
1,193
50,193
54,193
56,193
57,193
58,193
1,194
51,194
53,194
1,195
52,195
1,196
1,197
1,198
1,199
1,200
1,201
1,202
1,203
1,204
1,205
0,206
0,207
0,208
0,209
1,210
1,211
1,212
1,213
1,214
1,215
1,216
1,217
0,218
0,219
0,220
1,221
0,222
0,223
0,224
0,225
1,226
1,227
1,228
2,229
2,230
2,231
2,232
2,233
2,234
2,235
2,236
2,237
2,238
2,239
2,240
2,241
2,242
2,243
2,244
2,245
2,246
2,247
2,248
2,249
2,250
2,251
2,252
2,253
2,254
2,255
2,256
2,257
2,258
1,259
1,260
1,261
1,262
1,263
2,264
2,265
2,266
2,267
2,268
2,269
1,270
2,271
2,272
2,273
3,274
3,275
3,276
3,277
3,278
3,279
3,280
3,281
3,282
3,283
3,284
3,285
3,286
3,287
3,288
3,289
2,290
2,291
2,292
2,293
2,294
2,295
2,296
2,297
2,298
2,299
2,300
2,301
2,302
2,303
2,304
2,305
2,306
2,307
2,308
2,309
2,310
2,311
2,312
3,313
3,314