126,0
127,0
128,0
129,0
130,0
131,0
132,0
133,0
134,0
135,0
120,1
121,1
122,1
123,1
124,1
125,1
136,1
137,1
138,1
139,1
140,1
141,1
142,1
143,1
144,1
117,2
118,2
119,2
145,2
146,2
147,2
148,2
149,2
114,3
115,3
116,3
150,3
112,4
113,4
151,4
152,4
111,5
153,5
154,5
155,5
156,5
109,6
110,6
157,6
108,7
158,7
159,7
160,7
106,8
107,8
161,8
105,9
162,9
163,9
105,10
164,10
103,11
104,11
165,11
166,11
102,12
167,12
101,13
167,13
100,14
168,14
169,14
100,15
170,15
100,16
170,16
100,17
171,17
100,18
172,18
100,19
173,19
100,20
174,20
100,21
174,21
100,22
174,22
100,23
175,23
101,24
175,24
101,25
176,25
101,26
176,26
101,27
176,27
102,28
176,28
102,29
176,29
102,30
176,30
103,31
176,31
103,32
176,32
103,33
176,33
103,34
175,34
104,35
175,35
105,36
174,36
105,37
173,37
106,38
173,38
106,39
172,39
107,40
171,40
107,41
171,41
108,42
170,42
108,43
169,43
109,44
168,44
109,45
168,45
110,46
167,46
111,47
167,47
111,48
166,48
111,49
165,49
112,50
164,50
112,51
163,51
113,52
163,52
113,53
163,53
113,54
162,54
114,55
161,55
114,56
161,56
114,57
160,57
115,58
160,58
114,59
159,59
114,60
158,60
114,61
158,61
114,62
158,62
114,63
158,63
114,64
159,64
114,65
159,65
114,66
159,66
113,67
160,67
113,68
160,68
112,69
161,69
112,70
162,70
111,71
163,71
111,72
164,72
165,72
109,73
110,73
166,73
167,73
106,74
107,74
108,74
168,74
169,74
101,75
102,75
104,75
105,75
170,75
171,75
172,75
98,76
99,76
100,76
103,76
173,76
174,76
175,76
89,77
90,77
91,77
92,77
93,77
94,77
95,77
96,77
97,77
176,77
177,77
178,77
179,77
180,77
181,77
182,77
69,78
70,78
71,78
72,78
73,78
74,78
75,78
76,78
77,78
78,78
79,78
80,78
81,78
82,78
83,78
84,78
85,78
86,78
87,78
88,78
183,78
184,78
185,78
186,78
40,79
41,79
42,79
43,79
44,79
45,79
46,79
47,79
48,79
49,79
50,79
51,79
52,79
53,79
54,79
55,79
56,79
60,79
61,79
62,79
63,79
64,79
65,79
66,79
67,79
68,79
187,79
188,79
189,79
190,79
191,79
192,79
8,80
9,80
15,80
16,80
17,80
18,80
19,80
20,80
21,80
22,80
23,80
24,80
25,80
26,80
27,80
28,80
29,80
30,80
31,80
32,80
33,80
34,80
35,80
36,80
37,80
38,80
39,80
57,80
58,80
59,80
193,80
194,80
7,81
10,81
11,81
12,81
13,81
14,81
195,81
196,81
197,81
198,81
199,81
200,81
201,81
7,82
202,82
203,82
204,82
7,83
205,83
206,83
207,83
208,83
209,83
210,83
211,83
212,83
213,83
214,83
7,84
215,84
216,84
217,84
218,84
219,84
220,84
7,85
221,85
222,85
223,85
224,85
225,85
226,85
7,86
227,86
228,86
229,86
230,86
231,86
7,87
232,87
233,87
234,87
235,87
236,87
237,87
7,88
238,88
239,88
240,88
7,89
241,89
242,89
243,89
244,89
7,90
245,90
246,90
247,90
248,90
249,90
6,91
250,91
251,91
252,91
253,91
254,91
255,91
256,91
257,91
258,91
6,92
259,92
260,92
6,93
261,93
262,93
263,93
264,93
265,93
266,93
267,93
6,94
268,94
269,94
277,94
6,95
270,95
271,95
272,95
273,95
274,95
275,95
276,95
278,95
279,95
6,96
280,96
281,96
282,96
283,96
284,96
285,96
6,97
286,97
6,98
287,98
288,98
289,98
290,98
291,98
292,98
293,98
6,99
294,99
295,99
296,99
6,100
297,100
6,101
297,101
6,102
297,102
6,103
297,103
5,104
297,104
5,105
297,105
5,106
297,106
5,107
296,107
4,108
297,108
4,109
296,109
4,110
296,110
4,111
296,111
4,112
296,112
4,113
296,113
4,114
296,114
4,115
296,115
4,116
296,116
4,117
295,117
4,118
295,118
4,119
295,119
4,120
295,120
4,121
296,121
4,122
295,122
4,123
295,123
4,124
295,124
4,125
295,125
4,126
295,126
4,127
295,127
3,128
295,128
3,129
295,129
3,130
295,130
3,131
295,131
3,132
295,132
3,133
294,133
3,134
294,134
3,135
295,135
3,136
295,136
3,137
295,137
3,138
53,138
54,138
55,138
57,138
58,138
295,138
3,139
51,139
52,139
56,139
59,139
60,139
61,139
62,139
63,139
295,139
3,140
50,140
64,140
65,140
295,140
3,141
48,141
49,141
66,141
67,141
295,141
3,142
47,142
68,142
295,142
3,143
44,143
45,143
46,143
69,143
294,143
3,144
43,144
70,144
294,144
3,145
42,145
71,145
293,145
4,146
40,146
41,146
72,146
293,146
4,147
38,147
39,147
73,147
293,147
4,148
36,148
37,148
74,148
293,148
4,149
34,149
35,149
74,149
293,149
3,150
33,150
75,150
293,150
3,151
32,151
74,151
293,151
3,152
30,152
31,152
74,152
293,152
3,153
28,153
29,153
75,153
292,153
4,154
27,154
76,154
292,154
4,155
24,155
25,155
26,155
76,155
292,155
5,156
20,156
21,156
22,156
23,156
77,156
292,156
6,157
16,157
17,157
18,157
19,157
77,157
292,157
7,158
8,158
10,158
11,158
12,158
13,158
14,158
15,158
77,158
292,158
9,159
78,159
292,159
78,160
292,160
79,161
292,161
79,162
292,162
79,163
292,163
79,164
292,164
79,165
292,165
80,166
291,166
80,167
291,167
80,168
291,168
80,169
291,169
80,170
291,170
81,171
291,171
81,172
291,172
81,173
291,173
81,174
291,174
82,175
291,175
82,176
291,176
82,177
291,177
82,178
291,178
82,179
291,179
82,180
291,180
82,181
291,181
345,181
346,181
347,181
348,181
349,181
350,181
351,181
352,181
353,181
354,181
82,182
291,182
343,182
344,182
355,182
356,182
82,183
291,183
341,183
342,183
357,183
358,183
82,184
292,184
339,184
340,184
359,184
82,185
292,185
338,185
360,185
82,186
292,186
337,186
361,186
82,187
292,187
334,187
335,187
336,187
361,187
82,188
293,188
332,188
333,188
362,188
363,188
82,189
293,189
330,189
331,189
364,189
82,190
294,190
329,190
364,190
82,191
294,191
328,191
365,191
82,192
294,192
326,192
327,192
365,192
81,193
295,193
324,193
325,193
366,193
81,194
295,194
323,194
367,194
81,195
296,195
321,195
322,195
367,195
81,196
297,196
298,196
299,196
318,196
319,196
320,196
368,196
80,197
300,197
317,197
368,197
80,198
300,198
313,198
314,198
315,198
316,198
368,198
79,199
301,199
310,199
311,199
312,199
368,199
79,200
302,200
303,200
304,200
305,200
306,200
307,200
308,200
309,200
368,200
79,201
368,201
79,202
368,202
7,203
8,203
78,203
369,203
6,204
9,204
10,204
11,204
12,204
13,204
14,204
15,204
16,204
78,204
369,204
5,205
17,205
18,205
19,205
20,205
78,205
369,205
4,206
21,206
22,206
23,206
77,206
370,206
4,207
24,207
25,207
77,207
370,207
3,208
26,208
27,208
77,208
370,208
3,209
28,209
77,209
370,209
2,210
29,210
76,210
370,210
1,211
30,211
31,211
75,211
371,211
1,212
32,212
75,212
371,212
1,213
33,213
75,213
371,213
1,214
34,214
74,214
371,214
1,215
35,215
36,215
73,215
371,215
1,216
37,216
73,216
371,216
1,217
38,217
73,217
371,217
1,218
39,218
40,218
72,218
371,218
0,219
41,219
71,219
371,219
0,220
42,220
43,220
70,220
371,220
0,221
44,221
69,221
371,221
0,222
45,222
46,222
68,222
371,222
0,223
47,223
67,223
371,223
0,224
48,224
49,224
66,224
371,224
0,225
50,225
51,225
52,225
65,225
371,225
0,226
53,226
54,226
62,226
63,226
64,226
371,226
0,227
55,227
56,227
58,227
59,227
60,227
61,227
371,227
0,228
57,228
371,228
0,229
371,229
0,230
371,230
0,231
371,231
0,232
370,232
0,233
370,233
0,234
370,234
0,235
370,235
1,236
369,236
1,237
369,237
1,238
299,238
300,238
301,238
302,238
303,238
304,238
305,238
306,238
307,238
369,238
1,239
297,239
298,239
308,239
369,239
1,240
296,240
309,240
310,240
311,240
312,240
369,240
1,241
294,241
295,241
313,241
314,241
369,241
0,242
293,242
315,242
316,242
368,242
0,243
292,243
317,243
318,243
367,243
0,244
291,244
319,244
367,244
0,245
290,245
320,245
366,245
0,246
289,246
321,246
365,246
1,247
289,247
322,247
365,247
1,248
289,248
323,248
364,248
1,249
288,249
324,249
363,249
1,250
287,250
325,250
326,250
363,250
1,251
287,251
327,251
362,251
1,252
145,252
146,252
151,252
152,252
155,252
156,252
157,252
158,252
159,252
160,252
161,252
162,252
163,252
164,252
165,252
166,252
167,252
168,252
169,252
170,252
171,252
172,252
173,252
287,252
328,252
361,252
1,253
138,253
139,253
140,253
141,253
142,253
143,253
144,253
147,253
148,253
149,253
150,253
153,253
154,253
174,253
175,253
176,253
177,253
178,253
179,253
180,253
181,253
287,253
329,253
360,253
2,254
136,254
137,254
182,254
183,254
184,254
185,254
286,254
330,254
331,254
360,254
2,255
132,255
133,255
134,255
135,255
186,255
187,255
188,255
189,255
286,255
332,255
360,255
2,256
130,256
131,256
190,256
191,256
286,256
332,256
359,256
2,257
128,257
129,257
192,257
285,257
333,257
334,257
358,257
2,258
127,258
193,258
285,258
335,258
357,258
2,259
125,259
126,259
194,259
195,259
285,259
336,259
356,259
2,260
123,260
124,260
196,260
197,260
285,260
337,260
338,260
354,260
355,260
2,261
122,261
198,261
285,261
339,261
340,261
352,261
353,261
2,262
121,262
199,262
285,262
341,262
342,262
350,262
351,262
2,263
120,263
200,263
201,263
285,263
343,263
344,263
345,263
346,263
347,263
348,263
349,263
2,264
119,264
202,264
285,264
3,265
118,265
203,265
284,265
3,266
117,266
204,266
284,266
3,267
117,267
205,267
284,267
3,268
116,268
206,268
284,268
3,269
115,269
206,269
284,269
3,270
115,270
207,270
284,270
3,271
114,271
207,271
284,271
3,272
114,272
208,272
284,272
3,273
113,273
208,273
284,273
4,274
113,274
208,274
284,274
4,275
113,275
208,275
284,275
4,276
113,276
209,276
283,276
4,277
113,277
209,277
284,277
4,278
113,278
209,278
284,278
4,279
113,279
209,279
284,279
4,280
113,280
208,280
284,280
5,281
113,281
208,281
283,281
5,282
114,282
208,282
283,282
5,283
115,283
208,283
283,283
5,284
115,284
207,284
283,284
5,285
115,285
206,285
283,285
5,286
116,286
206,286
283,286
5,287
117,287
205,287
283,287
5,288
118,288
204,288
283,288
5,289
119,289
204,289
283,289
5,290
119,290
203,290
283,290
5,291
120,291
202,291
283,291
5,292
120,292
201,292
282,292
5,293
121,293
200,293
282,293
5,294
122,294
199,294
282,294
5,295
122,295
198,295
281,295
6,296
123,296
197,296
282,296
6,297
124,297
197,297
281,297
6,298
125,298
195,298
196,298
281,298
6,299
126,299
194,299
281,299
6,300
127,300
194,300
281,300
6,301
127,301
193,301
281,301
6,302
128,302
192,302
281,302
6,303
128,303
191,303
281,303
6,304
129,304
191,304
281,304
6,305
129,305
190,305
281,305
6,306
130,306
190,306
281,306
6,307
130,307
189,307
281,307
7,308
130,308
189,308
281,308
7,309
131,309
189,309
280,309
7,310
131,310
189,310
280,310
7,311
131,311
188,311
280,311
7,312
132,312
188,312
280,312
7,313
132,313
188,313
280,313
7,314
132,314
187,314
280,314
7,315
132,315
187,315
280,315
6,316
132,316
188,316
280,316
6,317
132,317
188,317
280,317
6,318
132,318
188,318
280,318
7,319
132,319
188,319
280,319
8,320
9,320
10,320
11,320
12,320
13,320
14,320
15,320
16,320
17,320
18,320
19,320
20,320
21,320
22,320
23,320
132,320
188,320
280,320
24,321
25,321
26,321
27,321
28,321
29,321
30,321
31,321
32,321
33,321
34,321
35,321
36,321
37,321
38,321
132,321
189,321
280,321
39,322
40,322
41,322
42,322
43,322
44,322
45,322
46,322
47,322
48,322
49,322
50,322
51,322
52,322
53,322
131,322
190,322
280,322
54,323
55,323
56,323
57,323
58,323
59,323
60,323
131,323
191,323
279,323
61,324
62,324
63,324
64,324
65,324
66,324
67,324
68,324
69,324
70,324
71,324
72,324
73,324
74,324
75,324
76,324
77,324
78,324
79,324
129,324
130,324
192,324
279,324
80,325
81,325
82,325
83,325
84,325
85,325
86,325
87,325
88,325
89,325
90,325
91,325
92,325
93,325
94,325
95,325
96,325
97,325
98,325
99,325
127,325
128,325
193,325
194,325
279,325
100,326
122,326
123,326
124,326
125,326
126,326
195,326
196,326
279,326
101,327
102,327
103,327
104,327
105,327
106,327
107,327
108,327
109,327
110,327
111,327
112,327
113,327
114,327
115,327
116,327
117,327
118,327
119,327
120,327
121,327
197,327
198,327
279,327
199,328
200,328
201,328
202,328
203,328
279,328
204,329
205,329
206,329
207,329
208,329
209,329
210,329
211,329
212,329
213,329
214,329
215,329
216,329
217,329
218,329
279,329
219,330
220,330
221,330
222,330
223,330
224,330
225,330
226,330
227,330
228,330
229,330
230,330
231,330
232,330
279,330
233,331
234,331
235,331
236,331
237,331
238,331
279,331
239,332
240,332
241,332
242,332
243,332
244,332
245,332
246,332
256,332
257,332
278,332
247,333
248,333
249,333
250,333
251,333
252,333
253,333
254,333
255,333
258,333
259,333
260,333
261,333
262,333
263,333
264,333
265,333
266,333
267,333
268,333
269,333
270,333
271,333
272,333
273,333
274,333
275,333
276,333
277,333