212,0
213,0
214,0
215,0
216,0
217,0
218,0
219,0
220,0
225,0
226,0
227,0
228,0
229,0
230,0
231,0
232,0
201,1
202,1
203,1
204,1
205,1
206,1
207,1
208,1
209,1
210,1
211,1
221,1
222,1
223,1
224,1
233,1
234,1
235,1
236,1
237,1
238,1
239,1
240,1
241,1
198,2
199,2
200,2
242,2
243,2
244,2
245,2
195,3
196,3
197,3
246,3
247,3
248,3
191,4
192,4
193,4
194,4
249,4
250,4
189,5
190,5
251,5
252,5
253,5
187,6
188,6
254,6
185,7
186,7
255,7
184,8
256,8
257,8
183,9
258,9
181,10
182,10
257,10
259,10
180,11
258,11
259,11
178,12
179,12
260,12
177,13
260,13
176,14
261,14
175,15
262,15
174,16
262,16
173,17
262,17
173,18
263,18
172,19
263,19
173,20
264,20
172,21
264,21
172,22
264,22
172,23
264,23
171,24
263,24
171,25
263,25
171,26
262,26
172,27
262,27
173,28
261,28
173,29
260,29
173,30
260,30
173,31
259,31
174,32
175,32
259,32
176,33
258,33
176,34
257,34
177,35
256,35
178,36
256,36
179,37
255,37
179,38
254,38
180,39
253,39
181,40
252,40
182,41
251,41
183,42
251,42
184,43
251,43
185,44
250,44
186,45
250,45
187,46
249,46
188,47
248,47
188,48
248,48
189,49
247,49
190,50
247,50
190,51
247,51
191,52
246,52
191,53
246,53
192,54
246,54
192,55
245,55
192,56
245,56
193,57
245,57
194,58
245,58
194,59
245,59
194,60
245,60
195,61
246,61
195,62
246,62
195,63
246,63
195,64
247,64
195,65
247,65
195,66
248,66
195,67
248,67
195,68
249,68
250,68
195,69
251,69
252,69
195,70
253,70
331,70
332,70
333,70
334,70
335,70
336,70
337,70
338,70
342,70
343,70
344,70
345,70
194,71
254,71
255,71
256,71
257,71
311,71
312,71
316,71
318,71
321,71
322,71
323,71
324,71
325,71
326,71
327,71
328,71
329,71
330,71
339,71
340,71
341,71
346,71
193,72
258,72
259,72
260,72
286,72
287,72
288,72
289,72
290,72
291,72
292,72
293,72
294,72
295,72
296,72
297,72
298,72
299,72
300,72
301,72
302,72
303,72
304,72
305,72
306,72
307,72
308,72
309,72
310,72
313,72
314,72
315,72
317,72
319,72
320,72
347,72
193,73
261,73
262,73
263,73
264,73
265,73
266,73
267,73
268,73
269,73
270,73
271,73
272,73
273,73
274,73
275,73
276,73
277,73
278,73
279,73
280,73
281,73
282,73
283,73
284,73
285,73
346,73
191,74
192,74
346,74
190,75
346,75
188,76
189,76
346,76
186,77
187,77
346,77
182,78
183,78
184,78
185,78
346,78
178,79
179,79
180,79
181,79
346,79
161,80
162,80
164,80
165,80
166,80
167,80
168,80
169,80
170,80
171,80
172,80
173,80
174,80
175,80
176,80
177,80
346,80
144,81
146,81
147,81
148,81
149,81
150,81
151,81
152,81
153,81
154,81
155,81
156,81
157,81
158,81
159,81
160,81
163,81
346,81
127,82
128,82
129,82
130,82
131,82
132,82
133,82
134,82
135,82
136,82
137,82
138,82
139,82
140,82
141,82
142,82
143,82
145,82
346,82
92,83
93,83
94,83
95,83
96,83
97,83
98,83
99,83
100,83
101,83
102,83
103,83
104,83
105,83
106,83
107,83
108,83
109,83
110,83
111,83
112,83
113,83
114,83
115,83
116,83
117,83
118,83
119,83
120,83
121,83
122,83
123,83
124,83
125,83
126,83
346,83
87,84
88,84
89,84
90,84
91,84
345,84
86,85
345,85
85,86
345,86
86,87
345,87
86,88
345,88
85,89
345,89
85,90
345,90
85,91
345,91
85,92
344,92
85,93
344,93
85,94
344,94
85,95
344,95
85,96
344,96
85,97
344,97
85,98
343,98
84,99
343,99
84,100
343,100
84,101
343,101
84,102
343,102
84,103
343,103
84,104
343,104
84,105
342,105
84,106
342,106
83,107
342,107
83,108
342,108
83,109
342,109
83,110
342,110
83,111
342,111
83,112
342,112
82,113
342,113
82,114
342,114
82,115
341,115
82,116
341,116
82,117
341,117
82,118
341,118
81,119
341,119
81,120
341,120
81,121
340,121
81,122
340,122
81,123
340,123
81,124
340,124
81,125
340,125
80,126
340,126
80,127
340,127
80,128
339,128
80,129
339,129
79,130
339,130
80,131
339,131
80,132
339,132
80,133
339,133
80,134
339,134
79,135
339,135
79,136
339,136
79,137
339,137
79,138
338,138
79,139
338,139
79,140
338,140
79,141
338,141
78,142
338,142
78,143
338,143
78,144
338,144
78,145
337,145
78,146
337,146
78,147
337,147
78,148
337,148
78,149
337,149
78,150
337,150
77,151
337,151
77,152
337,152
76,153
336,153
76,154
336,154
76,155
336,155
76,156
336,156
76,157
336,157
75,158
336,158
19,159
20,159
21,159
22,159
23,159
24,159
25,159
26,159
75,159
335,159
17,160
18,160
27,160
28,160
29,160
75,160
336,160
15,161
16,161
30,161
75,161
336,161
14,162
31,162
32,162
75,162
336,162
13,163
33,163
75,163
336,163
12,164
34,164
35,164
74,164
336,164
11,165
36,165
37,165
74,165
336,165
10,166
38,166
73,166
336,166
9,167
39,167
73,167
336,167
9,168
40,168
41,168
72,168
336,168
8,169
42,169
43,169
72,169
335,169
7,170
44,170
71,170
335,170
7,171
45,171
46,171
71,171
335,171
6,172
47,172
48,172
70,172
336,172
5,173
49,173
69,173
336,173
5,174
50,174
51,174
68,174
337,174
4,175
52,175
53,175
66,175
67,175
337,175
378,175
379,175
380,175
381,175
382,175
383,175
384,175
385,175
386,175
387,175
388,175
389,175
390,175
391,175
392,175
4,176
54,176
55,176
62,176
63,176
64,176
65,176
337,176
376,176
377,176
393,176
394,176
395,176
396,176
397,176
398,176
3,177
56,177
57,177
58,177
59,177
60,177
61,177
337,177
373,177
374,177
375,177
399,177
3,178
338,178
371,178
372,178
400,178
401,178
402,178
3,179
338,179
370,179
403,179
3,180
339,180
368,180
369,180
404,180
3,181
340,181
367,181
405,181
3,182
341,182
365,182
366,182
406,182
407,182
408,182
2,183
342,183
361,183
362,183
363,183
364,183
409,183
2,184
343,184
344,184
355,184
356,184
357,184
358,184
359,184
360,184
410,184
2,185
345,185
346,185
347,185
348,185
349,185
350,185
351,185
352,185
353,185
354,185
410,185
1,186
411,186
1,187
412,187
1,188
413,188
1,189
414,189
1,190
414,190
0,191
414,191
0,192
415,192
0,193
416,193
0,194
416,194
0,195
417,195
0,196
417,196
0,197
417,197
0,198
418,198
0,199
419,199
0,200
419,200
0,201
419,201
0,202
419,202
0,203
420,203
0,204
420,204
0,205
420,205
0,206
420,206
0,207
420,207
0,208
420,208
0,209
420,209
0,210
420,210
0,211
420,211
0,212
420,212
0,213
420,213
0,214
420,214
0,215
420,215
1,216
419,216
1,217
419,217
1,218
419,218
1,219
419,219
1,220
419,220
1,221
418,221
1,222
418,222
1,223
418,223
1,224
417,224
2,225
417,225
2,226
416,226
2,227
416,227
3,228
415,228
3,229
415,229
3,230
414,230
3,231
414,231
4,232
413,232
4,233
65,233
66,233
67,233
68,233
413,233
4,234
61,234
62,234
63,234
64,234
69,234
412,234
5,235
60,235
70,235
71,235
207,235
208,235
209,235
210,235
211,235
212,235
213,235
214,235
215,235
216,235
217,235
218,235
219,235
220,235
221,235
222,235
223,235
224,235
225,235
226,235
227,235
228,235
229,235
230,235
231,235
232,235
233,235
348,235
349,235
350,235
351,235
352,235
353,235
354,235
355,235
356,235
357,235
358,235
411,235
5,236
58,236
59,236
72,236
73,236
196,236
197,236
198,236
199,236
200,236
201,236
202,236
203,236
204,236
205,236
206,236
234,236
235,236
236,236
237,236
238,236
239,236
347,236
359,236
360,236
361,236
410,236
5,237
56,237
57,237
74,237
193,237
194,237
195,237
240,237
241,237
242,237
243,237
346,237
362,237
363,237
409,237
6,238
53,238
54,238
55,238
75,238
190,238
191,238
192,238
244,238
245,238
246,238
247,238
248,238
345,238
364,238
365,238
408,238
7,239
51,239
52,239
75,239
186,239
187,239
188,239
189,239
249,239
250,239
344,239
366,239
367,239
368,239
406,239
407,239
7,240
50,240
76,240
182,240
183,240
184,240
185,240
251,240
252,240
343,240
369,240
405,240
8,241
49,241
77,241
180,241
181,241
253,241
254,241
342,241
370,241
371,241
404,241
8,242
48,242
77,242
179,242
255,242
341,242
372,242
403,242
9,243
46,243
47,243
77,243
177,243
178,243
256,243
257,243
340,243
373,243
374,243
400,243
401,243
402,243
10,244
45,244
78,244
175,244
176,244
258,244
340,244
375,244
376,244
377,244
378,244
396,244
397,244
398,244
399,244
11,245
44,245
78,245
174,245
259,245
340,245
379,245
392,245
393,245
394,245
395,245
12,246
42,246
43,246
78,246
173,246
260,246
339,246
380,246
381,246
382,246
383,246
384,246
385,246
386,246
387,246
388,246
389,246
390,246
391,246
13,247
41,247
79,247
172,247
260,247
339,247
13,248
40,248
79,248
171,248
261,248
339,248
14,249
15,249
39,249
79,249
170,249
262,249
338,249
16,250
37,250
38,250
79,250
169,250
263,250
338,250
17,251
18,251
36,251
80,251
168,251
263,251
338,251
19,252
34,252
35,252
80,252
168,252
264,252
337,252
20,253
33,253
80,253
167,253
264,253
337,253
21,254
30,254
31,254
32,254
80,254
167,254
265,254
337,254
22,255
23,255
24,255
25,255
26,255
27,255
28,255
29,255
80,255
166,255
265,255
337,255
80,256
165,256
266,256
337,256
80,257
165,257
266,257
337,257
80,258
165,258
266,258
337,258
81,259
164,259
266,259
337,259
81,260
164,260
266,260
337,260
81,261
164,261
266,261
337,261
81,262
164,262
266,262
337,262
81,263
164,263
265,263
337,263
81,264
164,264
265,264
337,264
81,265
165,265
265,265
337,265
81,266
165,266
264,266
337,266
82,267
166,267
264,267
337,267
82,268
166,268
263,268
337,268
82,269
167,269
262,269
338,269
82,270
167,270
262,270
338,270
82,271
168,271
261,271
337,271
82,272
168,272
261,272
337,272
82,273
169,273
260,273
337,273
82,274
170,274
259,274
338,274
83,275
170,275
258,275
338,275
83,276
171,276
257,276
338,276
83,277
171,277
256,277
338,277
83,278
172,278
256,278
338,278
83,279
173,279
255,279
338,279
83,280
174,280
254,280
338,280
84,281
175,281
254,281
338,281
84,282
176,282
253,282
338,282
84,283
176,283
252,283
338,283
84,284
177,284
252,284
338,284
84,285
178,285
251,285
338,285
84,286
178,286
251,286
338,286
84,287
178,287
250,287
338,287
84,288
179,288
250,288
338,288
84,289
180,289
250,289
338,289
84,290
180,290
249,290
338,290
84,291
180,291
249,291
338,291
84,292
181,292
249,292
339,292
85,293
181,293
249,293
339,293
85,294
181,294
249,294
339,294
85,295
181,295
249,295
339,295
85,296
181,296
249,296
339,296
85,297
182,297
249,297
339,297
85,298
182,298
249,298
339,298
85,299
182,299
249,299
339,299
86,300
182,300
249,300
339,300
86,301
182,301
250,301
339,301
86,302
182,302
251,302
339,302
86,303
181,303
252,303
253,303
339,303
86,304
181,304
254,304
339,304
86,305
181,305
255,305
256,305
257,305
339,305
86,306
180,306
258,306
340,306
87,307
179,307
259,307
260,307
261,307
262,307
340,307
87,308
178,308
263,308
264,308
265,308
266,308
267,308
268,308
269,308
270,308
271,308
272,308
273,308
274,308
275,308
276,308
277,308
278,308
279,308
280,308
281,308
282,308
283,308
284,308
285,308
286,308
287,308
288,308
289,308
290,308
291,308
292,308
293,308
294,308
295,308
296,308
297,308
298,308
299,308
300,308
301,308
302,308
303,308
340,308
88,309
89,309
90,309
91,309
92,309
93,309
176,309
177,309
304,309
305,309
306,309
307,309
308,309
309,309
310,309
311,309
312,309
313,309
314,309
315,309
316,309
317,309
318,309
319,309
320,309
321,309
322,309
323,309
324,309
325,309
326,309
327,309
328,309
337,309
338,309
339,309
94,310
95,310
96,310
97,310
98,310
99,310
100,310
101,310
102,310
103,310
104,310
105,310
106,310
107,310
108,310
109,310
110,310
111,310
112,310
113,310
114,310
115,310
116,310
117,310
118,310
119,310
120,310
121,310
122,310
123,310
124,310
127,310
128,310
129,310
130,310
131,310
132,310
135,310
136,310
139,310
172,310
173,310
174,310
175,310
329,310
330,310
331,310
332,310
333,310
334,310
335,310
336,310
125,311
126,311
133,311
134,311
137,311
138,311
140,311
141,311
142,311
143,311
144,311
145,311
146,311
147,311
148,311
149,311
150,311
151,311
152,311
153,311
154,311
155,311
156,311
157,311
158,311
159,311
160,311
161,311
162,311
163,311
164,311
165,311
166,311
167,311
168,311
169,311
170,311
171,311