92,0
93,0
95,0
96,0
97,0
89,1
90,1
91,1
94,1
98,1
99,1
100,1
101,1
102,1
103,1
104,1
105,1
106,1
107,1
108,1
88,2
109,2
110,2
111,2
112,2
113,2
114,2
115,2
116,2
117,2
118,2
119,2
120,2
88,3
121,3
122,3
123,3
124,3
125,3
126,3
127,3
128,3
129,3
130,3
131,3
138,3
139,3
140,3
141,3
142,3
143,3
88,4
132,4
133,4
134,4
135,4
136,4
137,4
144,4
145,4
146,4
147,4
148,4
149,4
150,4
151,4
152,4
153,4
154,4
88,5
155,5
88,6
156,6
157,6
158,6
159,6
160,6
88,7
161,7
88,8
162,8
163,8
164,8
165,8
88,9
166,9
88,10
167,10
246,10
88,11
168,11
240,11
241,11
242,11
243,11
244,11
245,11
247,11
248,11
87,12
169,12
239,12
249,12
250,12
251,12
252,12
253,12
254,12
255,12
256,12
257,12
87,13
169,13
238,13
258,13
259,13
260,13
261,13
262,13
87,14
169,14
237,14
263,14
264,14
265,14
266,14
87,15
168,15
236,15
267,15
268,15
87,16
168,16
235,16
269,16
270,16
271,16
272,16
273,16
274,16
275,16
276,16
277,16
278,16
87,17
168,17
234,17
279,17
280,17
87,18
168,18
233,18
281,18
282,18
283,18
284,18
285,18
286,18
287,18
288,18
87,19
168,19
233,19
289,19
290,19
291,19
87,20
168,20
233,20
292,20
293,20
294,20
295,20
296,20
297,20
87,21
168,21
233,21
298,21
299,21
300,21
301,21
302,21
303,21
87,22
168,22
233,22
304,22
305,22
306,22
307,22
308,22
309,22
86,23
168,23
233,23
310,23
311,23
312,23
313,23
314,23
86,24
167,24
234,24
315,24
316,24
317,24
86,25
167,25
234,25
318,25
319,25
320,25
321,25
322,25
323,25
324,25
325,25
86,26
166,26
234,26
326,26
327,26
328,26
86,27
165,27
234,27
329,27
330,27
331,27
332,27
333,27
334,27
335,27
336,27
337,27
86,28
165,28
234,28
338,28
339,28
340,28
341,28
342,28
343,28
344,28
86,29
165,29
234,29
345,29
346,29
347,29
86,30
164,30
234,30
348,30
86,31
163,31
234,31
349,31
350,31
351,31
352,31
353,31
86,32
163,32
234,32
354,32
86,33
162,33
235,33
354,33
85,34
162,34
235,34
355,34
85,35
162,35
235,35
354,35
85,36
162,36
236,36
354,36
85,37
161,37
236,37
355,37
85,38
160,38
237,38
355,38
85,39
159,39
237,39
355,39
86,40
159,40
237,40
354,40
86,41
158,41
237,41
355,41
86,42
158,42
237,42
355,42
85,43
158,43
237,43
355,43
85,44
157,44
238,44
355,44
85,45
157,45
238,45
355,45
84,46
157,46
239,46
355,46
84,47
157,47
239,47
355,47
84,48
156,48
240,48
355,48
84,49
155,49
240,49
355,49
84,50
155,50
240,50
355,50
84,51
155,51
240,51
355,51
84,52
154,52
241,52
356,52
84,53
154,53
240,53
356,53
84,54
154,54
240,54
356,54
84,55
154,55
241,55
356,55
84,56
154,56
240,56
357,56
84,57
155,57
239,57
357,57
84,58
155,58
238,58
356,58
84,59
156,59
238,59
356,59
84,60
156,60
238,60
357,60
84,61
157,61
237,61
357,61
84,62
157,62
237,62
357,62
83,63
157,63
237,63
357,63
83,64
158,64
236,64
357,64
83,65
159,65
160,65
235,65
357,65
83,66
161,66
235,66
358,66
84,67
162,67
234,67
358,67
84,68
163,68
234,68
358,68
83,69
163,69
232,69
233,69
357,69
82,70
164,70
165,70
231,70
357,70
82,71
166,71
231,71
357,71
82,72
167,72
168,72
169,72
170,72
229,72
230,72
358,72
82,73
171,73
172,73
225,73
226,73
227,73
228,73
358,73
82,74
173,74
174,74
224,74
358,74
82,75
175,75
176,75
177,75
219,75
220,75
221,75
222,75
223,75
358,75
81,76
178,76
180,76
181,76
182,76
183,76
216,76
217,76
218,76
358,76
81,77
179,77
184,77
185,77
207,77
208,77
212,77
213,77
214,77
215,77
358,77
25,78
81,78
186,78
187,78
188,78
205,78
206,78
209,78
210,78
211,78
359,78
21,79
22,79
23,79
24,79
26,79
27,79
28,79
29,79
30,79
31,79
32,79
33,79
80,79
189,79
190,79
191,79
192,79
193,79
194,79
195,79
204,79
359,79
19,80
20,80
34,80
35,80
36,80
79,80
196,80
197,80
199,80
200,80
201,80
202,80
203,80
359,80
17,81
18,81
37,81
38,81
39,81
79,81
198,81
358,81
16,82
40,82
41,82
42,82
78,82
358,82
15,83
43,83
44,83
45,83
46,83
77,83
359,83
15,84
47,84
77,84
359,84
13,85
14,85
48,85
49,85
50,85
51,85
52,85
53,85
54,85
55,85
77,85
359,85
12,86
56,86
57,86
76,86
359,86
11,87
58,87
59,87
69,87
70,87
74,87
75,87
359,87
10,88
60,88
61,88
62,88
63,88
64,88
65,88
66,88
67,88
68,88
71,88
72,88
73,88
359,88
9,89
360,89
9,90
360,90
8,91
360,91
7,92
359,92
7,93
359,93
7,94
359,94
6,95
359,95
6,96
307,96
308,96
309,96
310,96
311,96
359,96
5,97
303,97
304,97
305,97
306,97
312,97
313,97
314,97
315,97
316,97
359,97
5,98
302,98
317,98
318,98
319,98
320,98
321,98
322,98
359,98
5,99
298,99
299,99
300,99
301,99
323,99
359,99
4,100
297,100
324,100
325,100
358,100
3,101
296,101
326,101
327,101
358,101
3,102
295,102
328,102
329,102
330,102
357,102
2,103
294,103
331,103
332,103
333,103
355,103
356,103
2,104
293,104
334,104
335,104
354,104
2,105
292,105
336,105
337,105
338,105
339,105
353,105
2,106
292,106
340,106
341,106
342,106
343,106
344,106
345,106
351,106
352,106
1,107
291,107
346,107
347,107
348,107
349,107
350,107
1,108
290,108
1,109
289,109
1,110
289,110
0,111
287,111
288,111
0,112
286,112
0,113
285,113
0,114
285,114
0,115
285,115
1,116
284,116
1,117
284,117
1,118
284,118
1,119
284,119
1,120
283,120
1,121
283,121
1,122
282,122
1,123
281,123
1,124
281,124
1,125
281,125
2,126
280,126
2,127
280,127
3,128
280,128
3,129
280,129
4,130
280,130
5,131
280,131
6,132
280,132
6,133
280,133
5,134
280,134
6,135
279,135
7,136
279,136
8,137
279,137
8,138
280,138
9,139
66,139
67,139
68,139
280,139
10,140
60,140
61,140
62,140
63,140
64,140
65,140
69,140
70,140
71,140
280,140
11,141
56,141
58,141
59,141
72,141
73,141
281,141
11,142
55,142
57,142
74,142
75,142
76,142
281,142
12,143
52,143
53,143
54,143
77,143
281,143
13,144
51,144
78,144
282,144
14,145
50,145
79,145
282,145
14,146
45,146
47,146
48,146
49,146
79,146
282,146
15,147
43,147
44,147
46,147
80,147
282,147
16,148
17,148
40,148
41,148
42,148
80,148
282,148
18,149
19,149
20,149
38,149
39,149
80,149
283,149
21,150
33,150
37,150
80,150
284,150
22,151
23,151
24,151
25,151
26,151
27,151
28,151
29,151
30,151
31,151
32,151
34,151
35,151
36,151
81,151
284,151
81,152
285,152
82,153
285,153
82,154
285,154
82,155
286,155
82,156
286,156
82,157
287,157
83,158
287,158
83,159
288,159
82,160
288,160
82,161
289,161
82,162
289,162
83,163
290,163
342,163
83,164
291,164
337,164
339,164
340,164
341,164
343,164
344,164
345,164
346,164
347,164
348,164
349,164
350,164
351,164
352,164
353,164
83,165
292,165
336,165
338,165
354,165
83,166
293,166
294,166
331,166
334,166
335,166
355,166
83,167
295,167
329,167
330,167
332,167
333,167
356,167
83,168
295,168
327,168
328,168
357,168
83,169
296,169
325,169
326,169
357,169
83,170
192,170
193,170
297,170
323,170
324,170
357,170
84,171
188,171
189,171
190,171
191,171
194,171
195,171
196,171
197,171
298,171
299,171
316,171
317,171
318,171
319,171
320,171
321,171
322,171
358,171
83,172
185,172
186,172
187,172
198,172
199,172
200,172
201,172
202,172
300,172
301,172
302,172
303,172
304,172
305,172
314,172
315,172
359,172
83,173
183,173
184,173
203,173
204,173
306,173
307,173
309,173
310,173
311,173
312,173
313,173
359,173
83,174
180,174
181,174
182,174
205,174
206,174
308,174
359,174
83,175
177,175
178,175
179,175
207,175
208,175
209,175
359,175
83,176
175,176
176,176
210,176
211,176
212,176
359,176
83,177
172,177
173,177
174,177
213,177
359,177
83,178
171,178
214,178
215,178
359,178
83,179
168,179
169,179
170,179
216,179
359,179
84,180
166,180
167,180
216,180
359,180
84,181
165,181
217,181
359,181
84,182
164,182
218,182
219,182
220,182
359,182
83,183
164,183
221,183
222,183
359,183
83,184
164,184
223,184
358,184
84,185
163,185
224,185
359,185
84,186
161,186
162,186
225,186
226,186
359,186
84,187
160,187
227,187
359,187
84,188
159,188
227,188
359,188
84,189
158,189
228,189
359,189
84,190
158,190
228,190
359,190
84,191
157,191
228,191
359,191
85,192
157,192
229,192
359,192
85,193
156,193
230,193
359,193
85,194
156,194
231,194
359,194
84,195
156,195
231,195
359,195
84,196
156,196
232,196
358,196
84,197
156,197
232,197
358,197
84,198
155,198
232,198
358,198
85,199
155,199
233,199
358,199
85,200
155,200
233,200
358,200
85,201
155,201
232,201
358,201
85,202
156,202
232,202
358,202
85,203
156,203
231,203
358,203
85,204
156,204
231,204
358,204
85,205
157,205
231,205
358,205
84,206
157,206
231,206
358,206
84,207
157,207
231,207
357,207
84,208
158,208
231,208
357,208
84,209
158,209
231,209
357,209
85,210
157,210
230,210
357,210
85,211
158,211
230,211
357,211
85,212
158,212
230,212
357,212
85,213
159,213
229,213
356,213
85,214
159,214
229,214
356,214
85,215
159,215
228,215
356,215
86,216
160,216
227,216
356,216
86,217
160,217
227,217
356,217
85,218
160,218
227,218
355,218
85,219
161,219
227,219
355,219
85,220
161,220
226,220
355,220
85,221
162,221
226,221
355,221
86,222
162,222
225,222
355,222
86,223
162,223
225,223
355,223
86,224
162,224
223,224
224,224
355,224
86,225
163,225
222,225
355,225
86,226
163,226
222,226
355,226
86,227
163,227
221,227
355,227
86,228
164,228
221,228
355,228
85,229
164,229
221,229
355,229
85,230
164,230
221,230
354,230
85,231
165,231
220,231
354,231
85,232
165,232
220,232
354,232
86,233
164,233
220,233
354,233
85,234
165,234
220,234
354,234
85,235
165,235
219,235
354,235
85,236
165,236
218,236
354,236
85,237
165,237
218,237
354,237
85,238
165,238
218,238
354,238
86,239
165,239
218,239
354,239
87,240
165,240
218,240
354,240
88,241
89,241
90,241
91,241
92,241
93,241
94,241
95,241
96,241
97,241
98,241
165,241
218,241
353,241
99,242
100,242
101,242
102,242
103,242
104,242
105,242
106,242
165,242
218,242
353,242
107,243
108,243
109,243
164,243
218,243
353,243
110,244
111,244
112,244
113,244
114,244
116,244
117,244
118,244
119,244
120,244
121,244
163,244
218,244
353,244
115,245
122,245
123,245
124,245
163,245
218,245
353,245
125,246
126,246
127,246
128,246
129,246
130,246
131,246
132,246
162,246
219,246
353,246
133,247
134,247
135,247
136,247
137,247
141,247
142,247
143,247
161,247
219,247
353,247
138,248
139,248
140,248
144,248
145,248
146,248
147,248
148,248
149,248
150,248
151,248
152,248
153,248
154,248
155,248
157,248
158,248
159,248
160,248
220,248
353,248
156,249
221,249
222,249
352,249
223,250
224,250
352,250
225,251
352,251
226,252
227,252
228,252
229,252
352,252
230,253
231,253
232,253
233,253
234,253
235,253
351,253
236,254
237,254
238,254
351,254
239,255
240,255
241,255
242,255
243,255
244,255
245,255
246,255
351,255
247,256
248,256
249,256
250,256
251,256
252,256
253,256
254,256
255,256
256,256
257,256
258,256
351,256
259,257
260,257
261,257
263,257
264,257
267,257
351,257
262,258
265,258
266,258
268,258
269,258
351,258
270,259
271,259
272,259
273,259
274,259
275,259
276,259
277,259
278,259
279,259
280,259
281,259
351,259
282,260
351,260
283,261
284,261
285,261
286,261
287,261
288,261
289,261
290,261
291,261
292,261
351,261
293,262
294,262
295,262
296,262
297,262
298,262
299,262
300,262
301,262
302,262
303,262
351,262
304,263
351,263
305,264
306,264
307,264
308,264
309,264
310,264
311,264
312,264
313,264
314,264
315,264
350,264
316,265
317,265
318,265
319,265
320,265
350,265
321,266
322,266
323,266
324,266
325,266
326,266
349,266
327,267
328,267
329,267
330,267
331,267
332,267
333,267
334,267
335,267
336,267
337,267
338,267
349,267
339,268
340,268
341,268
342,268
343,268
344,268
345,268
346,268
347,268
348,268