339,0
340,0
341,0
342,0
323,1
324,1
325,1
326,1
327,1
328,1
329,1
330,1
331,1
332,1
333,1
334,1
335,1
336,1
337,1
338,1
343,1
302,2
303,2
304,2
305,2
306,2
307,2
308,2
309,2
310,2
311,2
312,2
313,2
314,2
315,2
316,2
317,2
318,2
319,2
320,2
321,2
322,2
344,2
288,3
289,3
290,3
291,3
292,3
293,3
294,3
295,3
296,3
297,3
298,3
299,3
300,3
301,3
344,3
262,4
263,4
264,4
265,4
268,4
269,4
270,4
271,4
272,4
273,4
274,4
275,4
276,4
277,4
278,4
279,4
281,4
282,4
283,4
284,4
285,4
286,4
287,4
344,4
255,5
256,5
257,5
258,5
260,5
261,5
266,5
267,5
280,5
344,5
247,6
248,6
249,6
250,6
251,6
252,6
253,6
254,6
259,6
344,6
244,7
245,7
246,7
344,7
241,8
242,8
243,8
344,8
240,9
344,9
239,10
345,10
238,11
345,11
237,12
345,12
236,13
345,13
235,14
346,14
235,15
346,15
156,16
157,16
158,16
159,16
160,16
234,16
347,16
135,17
136,17
137,17
138,17
140,17
141,17
142,17
143,17
144,17
145,17
146,17
147,17
148,17
149,17
150,17
151,17
152,17
153,17
154,17
155,17
161,17
162,17
163,17
164,17
165,17
166,17
167,17
168,17
169,17
170,17
235,17
347,17
124,18
125,18
126,18
127,18
128,18
129,18
130,18
131,18
132,18
134,18
139,18
171,18
172,18
173,18
174,18
175,18
176,18
177,18
235,18
347,18
114,19
115,19
116,19
117,19
118,19
119,19
120,19
121,19
122,19
123,19
133,19
178,19
235,19
347,19
99,20
100,20
101,20
102,20
103,20
104,20
105,20
106,20
107,20
108,20
109,20
110,20
111,20
112,20
113,20
179,20
235,20
347,20
93,21
94,21
95,21
96,21
97,21
98,21
180,21
181,21
235,21
347,21
91,22
92,22
182,22
235,22
347,22
90,23
182,23
235,23
348,23
89,24
183,24
235,24
348,24
89,25
183,25
235,25
348,25
89,26
184,26
235,26
349,26
89,27
184,27
236,27
349,27
89,28
184,28
237,28
349,28
88,29
184,29
238,29
349,29
88,30
184,30
238,30
350,30
88,31
183,31
238,31
350,31
88,32
183,32
239,32
350,32
87,33
183,33
240,33
350,33
87,34
183,34
241,34
350,34
87,35
182,35
241,35
351,35
87,36
182,36
241,36
352,36
87,37
182,37
242,37
243,37
352,37
87,38
181,38
244,38
352,38
88,39
181,39
245,39
352,39
88,40
181,40
246,40
247,40
352,40
88,41
180,41
248,41
353,41
88,42
180,42
248,42
353,42
87,43
180,43
249,43
353,43
88,44
179,44
250,44
251,44
354,44
88,45
178,45
252,45
354,45
88,46
177,46
252,46
354,46
88,47
177,47
253,47
354,47
88,48
176,48
254,48
354,48
88,49
176,49
254,49
355,49
88,50
175,50
255,50
355,50
88,51
174,51
256,51
355,51
88,52
173,52
256,52
355,52
88,53
172,53
256,53
355,53
88,54
171,54
256,54
356,54
87,55
170,55
256,55
356,55
87,56
170,56
257,56
357,56
87,57
169,57
257,57
357,57
87,58
169,58
258,58
358,58
87,59
168,59
259,59
358,59
87,60
168,60
260,60
358,60
87,61
168,61
260,61
358,61
88,62
167,62
260,62
358,62
88,63
167,63
260,63
359,63
88,64
167,64
260,64
359,64
87,65
167,65
260,65
359,65
87,66
167,66
260,66
359,66
87,67
167,67
259,67
360,67
87,68
167,68
257,68
258,68
360,68
87,69
167,69
256,69
360,69
87,70
167,70
255,70
360,70
411,70
412,70
413,70
414,70
415,70
416,70
417,70
418,70
87,71
167,71
255,71
360,71
408,71
409,71
410,71
419,71
420,71
421,71
422,71
87,72
168,72
254,72
361,72
407,72
423,72
424,72
87,73
168,73
253,73
361,73
406,73
425,73
426,73
86,74
168,74
251,74
252,74
361,74
404,74
405,74
427,74
428,74
429,74
86,75
169,75
250,75
362,75
402,75
403,75
430,75
431,75
86,76
169,76
250,76
362,76
401,76
432,76
86,77
170,77
249,77
363,77
399,77
400,77
433,77
86,78
171,78
247,78
248,78
364,78
398,78
434,78
86,79
172,79
245,79
246,79
364,79
396,79
397,79
435,79
86,80
173,80
174,80
243,80
244,80
365,80
394,80
395,80
436,80
86,81
175,81
241,81
242,81
365,81
392,81
393,81
437,81
86,82
176,82
240,82
366,82
391,82
438,82
87,83
177,83
178,83
179,83
180,83
238,83
239,83
367,83
389,83
390,83
438,83
87,84
181,84
234,84
235,84
236,84
237,84
368,84
388,84
439,84
87,85
182,85
183,85
184,85
230,85
231,85
232,85
233,85
369,85
386,85
387,85
440,85
86,86
185,86
223,86
224,86
225,86
226,86
227,86
228,86
229,86
370,86
371,86
384,86
385,86
440,86
86,87
186,87
187,87
188,87
189,87
190,87
220,87
221,87
222,87
372,87
373,87
379,87
380,87
381,87
382,87
383,87
441,87
86,88
191,88
192,88
193,88
194,88
195,88
197,88
198,88
200,88
201,88
202,88
203,88
204,88
205,88
206,88
207,88
208,88
209,88
210,88
211,88
212,88
213,88
214,88
215,88
216,88
217,88
218,88
219,88
374,88
375,88
376,88
377,88
378,88
441,88
86,89
196,89
199,89
442,89
86,90
443,90
85,91
443,91
85,92
443,92
85,93
444,93
85,94
444,94
85,95
445,95
446,95
85,96
447,96
85,97
447,97
85,98
447,98
85,99
448,99
85,100
448,100
85,101
448,101
85,102
447,102
85,103
447,103
86,104
448,104
86,105
448,105
86,106
448,106
85,107
448,107
85,108
448,108
85,109
448,109
84,110
448,110
84,111
448,111
85,112
448,112
85,113
448,113
84,114
448,114
26,115
84,115
448,115
19,116
20,116
21,116
22,116
23,116
24,116
25,116
27,116
28,116
29,116
30,116
31,116
33,116
34,116
84,116
448,116
14,117
15,117
16,117
17,117
18,117
32,117
35,117
36,117
37,117
84,117
448,117
13,118
38,118
39,118
84,118
447,118
12,119
40,119
41,119
83,119
447,119
12,120
42,120
43,120
82,120
447,120
11,121
44,121
45,121
82,121
447,121
9,122
10,122
46,122
47,122
82,122
446,122
8,123
48,123
49,123
81,123
446,123
8,124
50,124
81,124
445,124
7,125
51,125
52,125
53,125
54,125
81,125
444,125
7,126
55,126
56,126
57,126
58,126
80,126
444,126
7,127
59,127
79,127
443,127
7,128
60,128
61,128
76,128
77,128
78,128
443,128
6,129
62,129
63,129
64,129
75,129
442,129
5,130
65,130
66,130
75,130
389,130
442,130
5,131
67,131
68,131
69,131
74,131
386,131
387,131
388,131
390,131
391,131
441,131
4,132
70,132
71,132
72,132
73,132
385,132
392,132
393,132
394,132
395,132
440,132
4,133
378,133
379,133
380,133
381,133
382,133
383,133
384,133
396,133
397,133
439,133
3,134
377,134
398,134
438,134
3,135
374,135
375,135
376,135
399,135
400,135
401,135
402,135
438,135
2,136
373,136
403,136
404,136
405,136
437,136
2,137
372,137
406,137
407,137
408,137
409,137
410,137
436,137
2,138
372,138
411,138
412,138
413,138
434,138
435,138
1,139
372,139
414,139
415,139
416,139
417,139
418,139
431,139
432,139
433,139
1,140
371,140
419,140
420,140
423,140
430,140
0,141
371,141
421,141
422,141
424,141
425,141
426,141
427,141
428,141
429,141
0,142
370,142
0,143
369,143
0,144
368,144
0,145
368,145
0,146
369,146
0,147
369,147
1,148
369,148
1,149
368,149
1,150
368,150
1,151
368,151
1,152
368,152
1,153
368,153
1,154
368,154
1,155
368,155
2,156
368,156
2,157
368,157
3,158
368,158
3,159
368,159
4,160
369,160
4,161
369,161
4,162
369,162
4,163
370,163
5,164
370,164
6,165
370,165
6,166
370,166
6,167
370,167
7,168
8,168
76,168
370,168
9,169
70,169
72,169
73,169
74,169
75,169
77,169
78,169
370,169
10,170
67,170
68,170
69,170
71,170
79,170
80,170
371,170
10,171
65,171
66,171
81,171
371,171
11,172
63,172
64,172
82,172
371,172
12,173
60,173
61,173
62,173
83,173
372,173
12,174
59,174
83,174
371,174
13,175
57,175
58,175
84,175
371,175
14,176
55,176
56,176
84,176
371,176
15,177
54,177
85,177
372,177
16,178
54,178
85,178
372,178
16,179
52,179
53,179
86,179
372,179
17,180
51,180
86,180
372,180
18,181
19,181
49,181
50,181
86,181
373,181
20,182
21,182
47,182
48,182
87,182
373,182
22,183
23,183
45,183
46,183
87,183
374,183
24,184
25,184
42,184
43,184
44,184
87,184
374,184
26,185
27,185
39,185
40,185
41,185
87,185
374,185
28,186
29,186
35,186
36,186
37,186
38,186
87,186
374,186
30,187
31,187
32,187
33,187
34,187
88,187
225,187
226,187
375,187
89,188
220,188
221,188
222,188
223,188
224,188
227,188
228,188
229,188
231,188
232,188
233,188
234,188
235,188
236,188
237,188
238,188
375,188
89,189
217,189
218,189
219,189
230,189
239,189
240,189
241,189
242,189
243,189
244,189
245,189
375,189
89,190
207,190
211,190
212,190
213,190
214,190
215,190
216,190
246,190
247,190
248,190
375,190
89,191
202,191
203,191
204,191
205,191
206,191
208,191
209,191
210,191
249,191
250,191
251,191
375,191
89,192
199,192
200,192
201,192
252,192
376,192
89,193
196,193
197,193
198,193
253,193
254,193
255,193
376,193
89,194
192,194
193,194
194,194
195,194
256,194
376,194
89,195
191,195
257,195
258,195
259,195
376,195
89,196
190,196
260,196
376,196
89,197
189,197
261,197
376,197
90,198
188,198
262,198
377,198
90,199
187,199
263,199
377,199
89,200
185,200
186,200
263,200
377,200
90,201
182,201
183,201
184,201
264,201
377,201
89,202
181,202
264,202
378,202
89,203
180,203
265,203
379,203
89,204
180,204
266,204
379,204
89,205
179,205
266,205
379,205
89,206
179,206
266,206
379,206
89,207
178,207
266,207
379,207
89,208
178,208
266,208
380,208
90,209
178,209
266,209
380,209
89,210
178,210
266,210
380,210
89,211
178,211
265,211
380,211
89,212
177,212
265,212
380,212
89,213
177,213
263,213
264,213
380,213
89,214
177,214
262,214
380,214
89,215
177,215
262,215
380,215
89,216
178,216
262,216
381,216
89,217
178,217
261,217
381,217
89,218
178,218
261,218
382,218
89,219
179,219
261,219
382,219
89,220
180,220
260,220
382,220
88,221
181,221
259,221
382,221
88,222
182,222
259,222
382,222
88,223
182,223
258,223
383,223
88,224
182,224
257,224
384,224
88,225
183,225
256,225
384,225
88,226
184,226
257,226
384,226
88,227
185,227
186,227
256,227
384,227
88,228
187,228
255,228
384,228
88,229
187,229
254,229
384,229
89,230
188,230
253,230
384,230
88,231
189,231
253,231
384,231
88,232
189,232
253,232
385,232
89,233
190,233
252,233
385,233
89,234
190,234
252,234
385,234
89,235
191,235
251,235
386,235
88,236
191,236
251,236
386,236
88,237
192,237
250,237
386,237
88,238
193,238
250,238
386,238
88,239
193,239
249,239
386,239
88,240
193,240
249,240
386,240
87,241
194,241
249,241
386,241
87,242
194,242
249,242
386,242
88,243
195,243
249,243
387,243
88,244
195,244
248,244
388,244
389,244
88,245
195,245
249,245
390,245
88,246
195,246
249,246
389,246
88,247
196,247
250,247
389,247
87,248
197,248
250,248
389,248
87,249
197,249
250,249
389,249
87,250
197,250
251,250
372,250
373,250
374,250
388,250
88,251
198,251
252,251
352,251
353,251
354,251
355,251
356,251
357,251
365,251
366,251
367,251
368,251
369,251
371,251
375,251
376,251
377,251
378,251
379,251
380,251
381,251
382,251
383,251
384,251
385,251
386,251
387,251
88,252
198,252
252,252
336,252
337,252
338,252
339,252
340,252
341,252
342,252
343,252
344,252
345,252
346,252
347,252
348,252
349,252
350,252
351,252
358,252
359,252
360,252
361,252
362,252
363,252
364,252
370,252
88,253
198,253
253,253
324,253
329,253
330,253
331,253
332,253
333,253
334,253
335,253
88,254
198,254
254,254
308,254
309,254
310,254
311,254
312,254
313,254
314,254
315,254
316,254
317,254
318,254
319,254
320,254
321,254
322,254
323,254
325,254
326,254
327,254
328,254
88,255
199,255
255,255
256,255
287,255
288,255
289,255
290,255
291,255
292,255
293,255
294,255
295,255
296,255
297,255
298,255
299,255
300,255
301,255
302,255
303,255
304,255
305,255
306,255
307,255
88,256
198,256
257,256
258,256
259,256
260,256
271,256
272,256
286,256
88,257
197,257
261,257
262,257
263,257
264,257
265,257
266,257
267,257
268,257
269,257
270,257
273,257
274,257
275,257
276,257
277,257
278,257
279,257
280,257
281,257
282,257
283,257
284,257
285,257
87,258
197,258
87,259
196,259
87,260
195,260
87,261
194,261
87,262
193,262
87,263
190,263
191,263
192,263
87,264
187,264
188,264
189,264
87,265
183,265
184,265
185,265
186,265
87,266
181,266
182,266
87,267
162,267
163,267
164,267
165,267
166,267
167,267
168,267
169,267
170,267
171,267
172,267
173,267
174,267
175,267
176,267
177,267
178,267
179,267
180,267
86,268
141,268
142,268
143,268
144,268
145,268
146,268
147,268
148,268
149,268
150,268
151,268
152,268
153,268
154,268
155,268
156,268
157,268
158,268
159,268
160,268
161,268
86,269
134,269
135,269
136,269
137,269
138,269
139,269
140,269
87,270
120,270
121,270
122,270
123,270
124,270
125,270
126,270
127,270
128,270
129,270
130,270
131,270
132,270
133,270
88,271
99,271
100,271
101,271
102,271
103,271
104,271
105,271
106,271
107,271
108,271
109,271
110,271
111,271
112,271
113,271
114,271
115,271
116,271
117,271
118,271
119,271
89,272
90,272
91,272
92,272
93,272
96,272
97,272
98,272
94,273
95,273