230,0
231,0
232,0
233,0
234,0
235,0
236,0
237,0
238,0
239,0
240,0
241,0
242,0
243,0
244,0
245,0
246,0
247,0
248,0
229,1
249,1
250,1
225,2
226,2
227,2
228,2
251,2
252,2
253,2
254,2
255,2
221,3
222,3
223,3
224,3
256,3
257,3
258,3
219,4
220,4
259,4
260,4
217,5
218,5
261,5
215,6
216,6
262,6
263,6
264,6
265,6
213,7
214,7
266,7
267,7
211,8
212,8
268,8
269,8
210,9
270,9
209,10
271,10
207,11
208,11
272,11
273,11
205,12
206,12
274,12
204,13
274,13
203,14
275,14
202,15
276,15
201,16
276,16
201,17
277,17
201,18
277,18
200,19
277,19
199,20
277,20
199,21
278,21
198,22
278,22
198,23
278,23
198,24
278,24
198,25
278,25
198,26
278,26
197,27
278,27
197,28
278,28
197,29
278,29
198,30
278,30
198,31
277,31
198,32
277,32
199,33
277,33
199,34
276,34
199,35
276,35
200,36
275,36
201,37
275,37
201,38
274,38
202,39
273,39
202,40
273,40
203,41
273,41
203,42
272,42
204,43
271,43
205,44
270,44
205,45
270,45
206,46
269,46
206,47
268,47
207,48
268,48
207,49
267,49
208,50
266,50
209,51
266,51
209,52
265,52
210,53
265,53
211,54
264,54
211,55
264,55
212,56
263,56
213,57
262,57
213,58
262,58
213,59
262,59
213,60
262,60
213,61
261,61
213,62
261,62
213,63
261,63
213,64
260,64
213,65
260,65
213,66
261,66
212,67
260,67
211,68
260,68
210,69
260,69
370,69
371,69
372,69
373,69
374,69
375,69
376,69
210,70
260,70
365,70
366,70
367,70
368,70
369,70
377,70
378,70
209,71
261,71
349,71
350,71
351,71
352,71
353,71
354,71
355,71
356,71
357,71
358,71
359,71
360,71
361,71
362,71
363,71
364,71
379,71
84,72
85,72
86,72
87,72
88,72
89,72
90,72
91,72
92,72
93,72
102,72
103,72
104,72
105,72
106,72
107,72
108,72
207,72
208,72
262,72
346,72
347,72
348,72
379,72
83,73
94,73
95,73
96,73
97,73
98,73
99,73
100,73
101,73
109,73
110,73
111,73
112,73
113,73
114,73
115,73
116,73
117,73
118,73
119,73
127,73
128,73
129,73
130,73
131,73
206,73
263,73
326,73
327,73
328,73
329,73
335,73
336,73
337,73
338,73
339,73
340,73
341,73
342,73
343,73
344,73
345,73
378,73
82,74
120,74
121,74
122,74
123,74
124,74
125,74
126,74
132,74
133,74
134,74
135,74
136,74
137,74
138,74
139,74
140,74
141,74
145,74
146,74
147,74
148,74
149,74
150,74
151,74
202,74
203,74
204,74
205,74
264,74
265,74
320,74
321,74
322,74
323,74
324,74
325,74
330,74
331,74
332,74
333,74
334,74
379,74
82,75
142,75
143,75
144,75
152,75
153,75
154,75
155,75
156,75
157,75
158,75
159,75
160,75
161,75
162,75
163,75
164,75
165,75
166,75
167,75
168,75
169,75
170,75
171,75
172,75
173,75
174,75
183,75
184,75
185,75
186,75
198,75
199,75
200,75
201,75
266,75
267,75
312,75
313,75
314,75
315,75
316,75
317,75
318,75
319,75
379,75
82,76
175,76
176,76
177,76
178,76
179,76
180,76
181,76
182,76
187,76
188,76
189,76
190,76
191,76
192,76
193,76
194,76
195,76
196,76
197,76
268,76
269,76
270,76
271,76
272,76
273,76
274,76
298,76
299,76
300,76
301,76
302,76
303,76
304,76
305,76
306,76
307,76
308,76
309,76
310,76
311,76
379,76
82,77
275,77
276,77
277,77
278,77
279,77
280,77
281,77
282,77
283,77
286,77
287,77
288,77
289,77
290,77
291,77
292,77
293,77
294,77
295,77
296,77
297,77
379,77
82,78
284,78
285,78
379,78
82,79
379,79
82,80
379,80
82,81
379,81
82,82
379,82
82,83
379,83
82,84
379,84
82,85
379,85
82,86
379,86
81,87
380,87
81,88
380,88
81,89
380,89
81,90
380,90
81,91
380,91
81,92
380,92
81,93
380,93
81,94
380,94
81,95
380,95
81,96
380,96
81,97
380,97
81,98
380,98
81,99
380,99
81,100
380,100
81,101
380,101
81,102
380,102
81,103
380,103
81,104
380,104
81,105
380,105
81,106
380,106
82,107
380,107
82,108
380,108
81,109
380,109
81,110
380,110
81,111
380,111
81,112
380,112
82,113
380,113
82,114
380,114
81,115
380,115
82,116
380,116
82,117
380,117
82,118
380,118
82,119
378,119
380,119
82,120
377,120
379,120
82,121
378,121
380,121
82,122
380,122
82,123
380,123
82,124
380,124
81,125
380,125
81,126
380,126
82,127
380,127
82,128
380,128
82,129
380,129
82,130
380,130
82,131
380,131
82,132
380,132
82,133
380,133
82,134
380,134
82,135
380,135
82,136
379,136
82,137
379,137
82,138
379,138
82,139
379,139
82,140
379,140
82,141
379,141
82,142
379,142
82,143
379,143
82,144
379,144
82,145
379,145
82,146
379,146
82,147
379,147
81,148
378,148
81,149
379,149
81,150
379,150
81,151
379,151
82,152
378,152
81,153
379,153
81,154
379,154
81,155
379,155
81,156
379,156
81,157
378,157
81,158
378,158
81,159
378,159
82,160
378,160
81,161
378,161
22,162
23,162
24,162
25,162
26,162
27,162
81,162
378,162
20,163
21,163
28,163
29,163
81,163
378,163
17,164
18,164
19,164
30,164
31,164
81,164
377,164
16,165
32,165
33,165
81,165
327,165
328,165
329,165
377,165
15,166
34,166
35,166
81,166
323,166
324,166
325,166
326,166
330,166
331,166
332,166
333,166
377,166
14,167
36,167
37,167
38,167
81,167
319,167
320,167
321,167
322,167
334,167
335,167
377,167
13,168
39,168
40,168
80,168
317,168
318,168
336,168
337,168
338,168
339,168
376,168
12,169
41,169
42,169
80,169
314,169
315,169
316,169
340,169
341,169
376,169
11,170
43,170
44,170
80,170
313,170
342,170
343,170
344,170
375,170
10,171
45,171
80,171
312,171
345,171
346,171
374,171
10,172
46,172
80,172
311,172
347,172
373,172
10,173
47,173
80,173
310,173
348,173
349,173
372,173
9,174
48,174
79,174
310,174
350,174
351,174
371,174
8,175
49,175
50,175
79,175
307,175
308,175
309,175
352,175
353,175
354,175
355,175
356,175
368,175
369,175
370,175
7,176
51,176
78,176
306,176
357,176
358,176
359,176
360,176
361,176
362,176
363,176
364,176
365,176
366,176
367,176
7,177
52,177
77,177
306,177
7,178
53,178
77,178
305,178
6,179
54,179
55,179
77,179
304,179
6,180
56,180
76,180
304,180
5,181
57,181
75,181
303,181
4,182
58,182
59,182
74,182
302,182
4,183
60,183
73,183
301,183
4,184
61,184
62,184
63,184
72,184
301,184
3,185
64,185
65,185
66,185
67,185
68,185
69,185
70,185
71,185
301,185
3,186
300,186
3,187
300,187
3,188
299,188
2,189
299,189
2,190
298,190
2,191
298,191
2,192
297,192
2,193
297,193
2,194
296,194
1,195
296,195
1,196
296,196
1,197
296,197
1,198
295,198
1,199
295,199
1,200
295,200
1,201
295,201
1,202
295,202
0,203
295,203
0,204
295,204
0,205
295,205
0,206
295,206
1,207
295,207
1,208
295,208
1,209
295,209
1,210
295,210
1,211
295,211
1,212
296,212
2,213
296,213
2,214
296,214
2,215
296,215
2,216
297,216
2,217
297,217
2,218
298,218
2,219
298,219
3,220
299,220
3,221
300,221
4,222
300,222
4,223
300,223
4,224
301,224
4,225
302,225
5,226
63,226
64,226
65,226
66,226
67,226
68,226
69,226
302,226
5,227
60,227
61,227
62,227
70,227
303,227
5,228
59,228
71,228
72,228
304,228
6,229
57,229
58,229
73,229
304,229
7,230
56,230
74,230
305,230
361,230
362,230
363,230
7,231
55,231
75,231
306,231
357,231
358,231
359,231
360,231
364,231
365,231
366,231
367,231
368,231
369,231
370,231
8,232
52,232
53,232
54,232
75,232
307,232
354,232
355,232
356,232
371,232
8,233
51,233
76,233
308,233
351,233
352,233
353,233
372,233
9,234
50,234
76,234
309,234
350,234
373,234
374,234
9,235
49,235
77,235
310,235
347,235
348,235
349,235
375,235
10,236
47,236
48,236
78,236
311,236
345,236
346,236
375,236
11,237
46,237
78,237
312,237
313,237
314,237
344,237
376,237
12,238
45,238
78,238
315,238
342,238
343,238
376,238
13,239
43,239
44,239
79,239
316,239
317,239
318,239
339,239
340,239
341,239
377,239
14,240
41,240
42,240
79,240
319,240
320,240
321,240
322,240
323,240
336,240
337,240
338,240
377,240
15,241
40,241
79,241
324,241
325,241
326,241
327,241
328,241
329,241
333,241
334,241
335,241
378,241
16,242
37,242
38,242
39,242
79,242
330,242
331,242
332,242
378,242
17,243
18,243
35,243
36,243
80,243
378,243
19,244
20,244
32,244
33,244
34,244
80,244
379,244
21,245
22,245
23,245
28,245
29,245
30,245
31,245
80,245
379,245
24,246
25,246
26,246
27,246
80,246
379,246
80,247
379,247
80,248
379,248
80,249
379,249
80,250
379,250
80,251
379,251
80,252
380,252
80,253
380,253
80,254
380,254
80,255
380,255
80,256
380,256
80,257
380,257
80,258
380,258
80,259
380,259
80,260
380,260
80,261
380,261
80,262
380,262
80,263
380,263
80,264
380,264
80,265
380,265
80,266
381,266
80,267
380,267
80,268
380,268
80,269
380,269
80,270
380,270
80,271
380,271
80,272
380,272
80,273
380,273
80,274
380,274
80,275
380,275
80,276
380,276
80,277
380,277
80,278
380,278
79,279
380,279
79,280
380,280
79,281
380,281
80,282
380,282
80,283
380,283
80,284
380,284
80,285
380,285
80,286
380,286
80,287
380,287
80,288
380,288
80,289
380,289
80,290
380,290
79,291
380,291
80,292
380,292
79,293
380,293
79,294
380,294
79,295
380,295
80,296
380,296
80,297
380,297
79,298
380,298
79,299
380,299
80,300
380,300
80,301
380,301
80,302
380,302
80,303
379,303
80,304
380,304
381,304
382,304
80,305
383,305
80,306
377,306
378,306
379,306
380,306
381,306
382,306
80,307
368,307
369,307
370,307
371,307
372,307
373,307
374,307
375,307
376,307
80,308
358,308
359,308
360,308
361,308
362,308
363,308
364,308
365,308
366,308
367,308
80,309
350,309
351,309
352,309
353,309
354,309
355,309
356,309
357,309
80,310
326,310
327,310
328,310
329,310
334,310
335,310
336,310
337,310
338,310
339,310
340,310
341,310
342,310
343,310
344,310
345,310
346,310
347,310
348,310
349,310
80,311
318,311
319,311
320,311
321,311
322,311
323,311
324,311
325,311
330,311
331,311
332,311
333,311
80,312
304,312
305,312
306,312
307,312
308,312
309,312
310,312
311,312
312,312
313,312
314,312
315,312
316,312
317,312
80,313
296,313
297,313
298,313
299,313
300,313
301,313
302,313
303,313
81,314
289,314
290,314
291,314
292,314
293,314
294,314
295,314
82,315
83,315
84,315
85,315
86,315
87,315
88,315
89,315
90,315
97,315
98,315
99,315
100,315
101,315
116,315
117,315
118,315
119,315
120,315
121,315
122,315
123,315
124,315
285,315
286,315
287,315
288,315
91,316
92,316
93,316
94,316
95,316
96,316
102,316
103,316
104,316
105,316
106,316
107,316
108,316
109,316
110,316
111,316
112,316
113,316
114,316
115,316
125,316
126,316
127,316
128,316
129,316
130,316
131,316
132,316
133,316
134,316
135,316
136,316
137,316
138,316
139,316
140,316
141,316
142,316
143,316
144,316
145,316
146,316
147,316
148,316
149,316
150,316
151,316
152,316
153,316
154,316
155,316
156,316
157,316
158,316
159,316
160,316
161,316
162,316
163,316
164,316
165,316
166,316
167,316
168,316
169,316
170,316
171,316
172,316
173,316
174,316
175,316
183,316
184,316
185,316
193,316
194,316
197,316
278,316
279,316
280,316
281,316
282,316
283,316
284,316
176,317
177,317
178,317
179,317
180,317
181,317
182,317
186,317
187,317
188,317
189,317
190,317
191,317
192,317
195,317
196,317
198,317
199,317
200,317
201,317
202,317
203,317
204,317
205,317
206,317
207,317
208,317
209,317
210,317
211,317
277,317
212,318
213,318
214,318
275,318
276,318
215,319
216,319
272,319
273,319
274,319
217,320
271,320
217,321
270,321
218,322
270,322
219,323
269,323
220,324
268,324
221,325
268,325
221,326
268,326
220,327
267,327
221,328
266,328
221,329
266,329
221,330
266,330
221,331
266,331
221,332
267,332
220,333
267,333
219,334
267,334
219,335
268,335
218,336
268,336
218,337
269,337
218,338
270,338
217,339
271,339
216,340
272,340
215,341
272,341
215,342
273,342
214,343
273,343
214,344
274,344
213,345
274,345
212,346
275,346
212,347
276,347
212,348
276,348
211,349
277,349
211,350
277,350
210,351
277,351
209,352
278,352
208,353
279,353
208,354
279,354
207,355
280,355
207,356
281,356
206,357
281,357
205,358
281,358
205,359
282,359
205,360
282,360
205,361
282,361
205,362
282,362
205,363
282,363
205,364
282,364
205,365
282,365
205,366
281,366
206,367
280,367
206,368
280,368
207,369
279,369
208,370
279,370
209,371
278,371
210,372
277,372
211,373
276,373
212,374
275,374
213,375
214,375
274,375
215,376
216,376
273,376
217,377
218,377
270,377
271,377
272,377
219,378
220,378
269,378
221,379
267,379
268,379
222,380
266,380
223,381
224,381
225,381
264,381
265,381
226,382
228,382
262,382
263,382
227,383
229,383
259,383
260,383
261,383
230,384
231,384
232,384
257,384
258,384
233,385
234,385
235,385
254,385
255,385
256,385
236,386
237,386
238,386
239,386
240,386
250,386
251,386
252,386
253,386
241,387
242,387
243,387
244,387
245,387
246,387
247,387
248,387
249,387