78,0
78,1
78,2
78,3
78,4
78,5
78,6
78,7
78,8
78,9
78,10
78,11
79,12
79,13
79,14
79,15
79,16
79,17
79,18
79,19
79,20
79,21
79,22
79,23
79,24
79,25
79,26
79,27
79,28
79,29
79,30
79,31
79,32
79,33
79,34
79,35
79,36
79,37
79,38
79,39
79,40
79,41
79,42
79,43
79,44
79,45
79,46
79,47
79,48
79,49
79,50
79,51
79,52
79,53
79,54
79,55
79,56
22,57
23,57
24,57
25,57
26,57
27,57
78,57
20,58
21,58
28,58
29,58
30,58
78,58
18,59
19,59
31,59
78,59
16,60
17,60
32,60
78,60
15,61
33,61
34,61
78,61
14,62
35,62
77,62
13,63
36,63
76,63
12,64
37,64
38,64
76,64
11,65
39,65
76,65
10,66
40,66
75,66
9,67
41,67
42,67
75,67
9,68
43,68
74,68
8,69
44,69
73,69
7,70
45,70
46,70
47,70
73,70
7,71
48,71
49,71
72,71
6,72
50,72
71,72
5,73
51,73
52,73
53,73
54,73
70,73
5,74
55,74
56,74
68,74
69,74
5,75
57,75
58,75
59,75
60,75
65,75
66,75
67,75
4,76
61,76
62,76
63,76
64,76
4,77
4,78
3,79
3,80
3,81
2,82
2,83
2,84
2,85
2,86
1,87
1,88
1,89
1,90
1,91
1,92
1,93
1,94
1,95
1,96
1,97
1,98
0,99
1,100
1,101
1,102
1,103
1,104
1,105
1,106
2,107
1,108
1,109
1,110
1,111
2,112
2,113
2,114
2,115
2,116
2,117
2,118
2,119
2,120
2,121
3,122
3,123
3,124
3,125
3,126
3,127
3,128
4,129
4,130
5,131
5,132
61,132
62,132
63,132
64,132
65,132
66,132
67,132
68,132
5,133
57,133
58,133
59,133
60,133
69,133
70,133
5,134
54,134
55,134
56,134
71,134
72,134
6,135
52,135
53,135
73,135
6,136
49,136
50,136
51,136
74,136
7,137
48,137
75,137
8,138
47,138
76,138
8,139
45,139
46,139
76,139
9,140
44,140
77,140
9,141
42,141
43,141
77,141
10,142
41,142
78,142
11,143
40,143
78,143
12,144
38,144
39,144
78,144
13,145
36,145
37,145
79,145
14,146
35,146
79,146
15,147
32,147
33,147
34,147
79,147
16,148
17,148
29,148
30,148
31,148
80,148
18,149
19,149
20,149
26,149
27,149
28,149
80,149
21,150
22,150
23,150
24,150
25,150
80,150
80,151
80,152
80,153
80,154
80,155
80,156
80,157
81,158
81,159
81,160
81,161
80,162
80,163
80,164
80,165
80,166
80,167
80,168
80,169
80,170
80,171
80,172
80,173
80,174
80,175
80,176
80,177
80,178
80,179
79,180
79,181
79,182
79,183
79,184
79,185
80,186
80,187
80,188
80,189
80,190
80,191
80,192
80,193
80,194
80,195
80,196
80,197
80,198
80,199
79,200
79,201
79,202
79,203
79,204
79,205
79,206
79,207
79,208
79,209
79,210
79,211
79,212
79,213
79,214
79,215
78,216
78,217
78,218
78,219
78,220
78,221
78,222
78,223
78,224
78,225
78,226
78,227
78,228
78,229
78,230
78,231
78,232
78,233
78,234
78,235
78,236
78,237
78,238
77,239
77,240
77,241
77,242
77,243
77,244
77,245
77,246
77,247
77,248
77,249
77,250
77,251
77,252
77,253
77,254
77,255
77,256
77,257
77,258
77,259
77,260
77,261
77,262
77,263
77,264
77,265
77,266
77,267
77,268
77,269
76,270
76,271
76,272
77,273
77,274