283,0
286,0
287,0
288,0
262,1
263,1
264,1
265,1
266,1
267,1
268,1
273,1
274,1
275,1
276,1
277,1
278,1
279,1
280,1
281,1
282,1
284,1
285,1
289,1
290,1
291,1
292,1
293,1
294,1
243,2
244,2
246,2
247,2
251,2
252,2
253,2
254,2
255,2
256,2
257,2
258,2
259,2
260,2
261,2
269,2
270,2
271,2
272,2
295,2
14,3
18,3
216,3
217,3
218,3
219,3
220,3
221,3
222,3
223,3
224,3
225,3
226,3
228,3
229,3
232,3
233,3
234,3
235,3
236,3
237,3
238,3
239,3
240,3
241,3
242,3
245,3
248,3
249,3
250,3
295,3
13,4
15,4
16,4
17,4
19,4
20,4
21,4
22,4
23,4
24,4
25,4
26,4
27,4
184,4
185,4
196,4
197,4
198,4
199,4
200,4
202,4
203,4
204,4
205,4
207,4
208,4
209,4
210,4
211,4
212,4
213,4
214,4
215,4
227,4
230,4
231,4
294,4
13,5
28,5
29,5
30,5
31,5
32,5
33,5
34,5
35,5
36,5
37,5
38,5
39,5
162,5
163,5
164,5
176,5
177,5
178,5
179,5
180,5
181,5
182,5
183,5
186,5
187,5
188,5
189,5
190,5
191,5
192,5
193,5
194,5
195,5
201,5
206,5
294,5
13,6
40,6
44,6
45,6
46,6
47,6
48,6
49,6
50,6
51,6
52,6
158,6
159,6
160,6
161,6
165,6
166,6
169,6
170,6
171,6
172,6
173,6
174,6
175,6
294,6
12,7
41,7
42,7
43,7
53,7
54,7
55,7
56,7
57,7
58,7
59,7
60,7
156,7
157,7
167,7
168,7
294,7
12,8
61,8
64,8
65,8
66,8
67,8
68,8
71,8
72,8
76,8
77,8
79,8
80,8
152,8
153,8
154,8
155,8
294,8
12,9
62,9
63,9
69,9
70,9
73,9
74,9
75,9
78,9
81,9
151,9
294,9
12,10
82,10
83,10
84,10
85,10
86,10
149,10
150,10
294,10
11,11
87,11
88,11
89,11
90,11
148,11
295,11
11,12
91,12
92,12
93,12
148,12
295,12
11,13
94,13
147,13
294,13
12,14
95,14
146,14
294,14
12,15
96,15
146,15
294,15
12,16
97,16
146,16
294,16
12,17
98,17
147,17
295,17
11,18
98,18
147,18
295,18
11,19
98,19
147,19
295,19
11,20
98,20
147,20
296,20
11,21
98,21
148,21
296,21
11,22
98,22
148,22
296,22
11,23
98,23
148,23
296,23
11,24
98,24
148,24
296,24
11,25
97,25
149,25
297,25
11,26
97,26
150,26
297,26
10,27
97,27
150,27
297,27
10,28
96,28
150,28
297,28
10,29
95,29
151,29
297,29
10,30
95,30
152,30
298,30
10,31
94,31
151,31
298,31
10,32
94,32
152,32
298,32
10,33
93,33
153,33
298,33
10,34
93,34
153,34
297,34
10,35
92,35
154,35
298,35
9,36
92,36
154,36
298,36
9,37
91,37
155,37
298,37
9,38
91,38
156,38
298,38
9,39
90,39
157,39
299,39
9,40
90,40
157,40
299,40
9,41
89,41
158,41
298,41
9,42
88,42
158,42
298,42
9,43
88,43
159,43
299,43
9,44
87,44
159,44
299,44
8,45
87,45
159,45
299,45
9,46
86,46
160,46
299,46
8,47
85,47
161,47
300,47
7,48
85,48
161,48
300,48
7,49
84,49
162,49
300,49
7,50
83,50
162,50
300,50
7,51
83,51
163,51
300,51
7,52
83,52
162,52
300,52
7,53
83,53
163,53
301,53
7,54
83,54
163,54
301,54
7,55
83,55
163,55
300,55
7,56
83,56
164,56
300,56
7,57
83,57
164,57
301,57
6,58
84,58
164,58
301,58
6,59
84,59
164,59
301,59
6,60
85,60
164,60
301,60
6,61
85,61
164,61
301,61
6,62
86,62
164,62
301,62
6,63
86,63
164,63
301,63
6,64
87,64
164,64
301,64
6,65
88,65
163,65
301,65
6,66
89,66
163,66
301,66
6,67
89,67
163,67
301,67
6,68
90,68
161,68
162,68
301,68
5,69
91,69
160,69
253,69
254,69
255,69
256,69
257,69
258,69
259,69
260,69
261,69
262,69
301,69
5,70
92,70
160,70
251,70
252,70
263,70
264,70
301,70
5,71
93,71
159,71
250,71
265,71
266,71
300,71
5,72
94,72
95,72
157,72
158,72
249,72
267,72
300,72
5,73
96,73
97,73
156,73
248,73
268,73
269,73
270,73
300,73
4,74
98,74
155,74
245,74
246,74
247,74
271,74
272,74
300,74
4,75
99,75
100,75
154,75
244,75
273,75
274,75
299,75
4,76
101,76
152,76
153,76
244,76
275,76
276,76
298,76
4,77
102,77
103,77
151,77
243,77
277,77
278,77
279,77
298,77
4,78
104,78
105,78
106,78
107,78
150,78
242,78
280,78
281,78
282,78
297,78
4,79
108,79
109,79
110,79
146,79
147,79
148,79
149,79
242,79
283,79
284,79
296,79
4,80
111,80
112,80
113,80
114,80
145,80
241,80
285,80
286,80
287,80
295,80
4,81
115,81
116,81
117,81
144,81
241,81
288,81
289,81
290,81
291,81
292,81
293,81
294,81
4,82
118,82
119,82
120,82
134,82
135,82
136,82
137,82
138,82
139,82
140,82
141,82
142,82
143,82
241,82
4,83
121,83
122,83
130,83
131,83
132,83
133,83
240,83
4,84
123,84
124,84
125,84
126,84
127,84
128,84
129,84
240,84
4,85
239,85
4,86
239,86
4,87
239,87
4,88
238,88
3,89
238,89
2,90
238,90
3,91
238,91
3,92
238,92
3,93
238,93
3,94
237,94
3,95
236,95
3,96
236,96
2,97
236,97
2,98
236,98
2,99
236,99
2,100
236,100
2,101
236,101
2,102
236,102
2,103
236,103
2,104
236,104
2,105
237,105
2,106
237,106
2,107
237,107
2,108
237,108
2,109
237,109
1,110
237,110
1,111
238,111
1,112
238,112
1,113
239,113
1,114
239,114
1,115
239,115
1,116
238,116
1,117
239,117
1,118
239,118
0,119
239,119
0,120
240,120
0,121
240,121
0,122
241,122
294,122
295,122
296,122
0,123
242,123
290,123
291,123
292,123
293,123
297,123
298,123
0,124
57,124
242,124
288,124
289,124
299,124
0,125
53,125
54,125
55,125
56,125
58,125
59,125
60,125
61,125
62,125
63,125
64,125
65,125
243,125
285,125
287,125
300,125
0,126
51,126
52,126
66,126
67,126
68,126
244,126
283,126
284,126
286,126
301,126
1,127
49,127
50,127
69,127
244,127
282,127
302,127
1,128
46,128
47,128
48,128
70,128
244,128
281,128
303,128
1,129
45,129
71,129
245,129
279,129
280,129
303,129
1,130
43,130
44,130
72,130
73,130
246,130
277,130
278,130
304,130
0,131
42,131
74,131
247,131
276,131
304,131
1,132
40,132
41,132
75,132
248,132
275,132
304,132
1,133
38,133
39,133
74,133
249,133
273,133
274,133
305,133
1,134
35,134
36,134
37,134
75,134
250,134
271,134
272,134
305,134
2,135
33,135
34,135
76,135
251,135
252,135
270,135
305,135
2,136
32,136
77,136
253,136
268,136
269,136
305,136
2,137
31,137
78,137
254,137
255,137
263,137
264,137
265,137
266,137
267,137
305,137
2,138
30,138
79,138
256,138
257,138
258,138
259,138
260,138
261,138
262,138
304,138
3,139
29,139
79,139
304,139
4,140
27,140
28,140
80,140
304,140
4,141
25,141
26,141
80,141
305,141
5,142
24,142
81,142
305,142
6,143
24,143
82,143
305,143
7,144
8,144
22,144
23,144
82,144
305,144
9,145
10,145
11,145
12,145
13,145
14,145
15,145
16,145
17,145
18,145
19,145
20,145
21,145
83,145
305,145
83,146
305,146
84,147
305,147
84,148
305,148
85,149
305,149
85,150
305,150
86,151
305,151
86,152
305,152
86,153
305,153
85,154
305,154
85,155
304,155
86,156
304,156
86,157
304,157
87,158
304,158
86,159
303,159
86,160
303,160
86,161
303,161
86,162
303,162
86,163
303,163
86,164
303,164
86,165
303,165
86,166
304,166
85,167
303,167
85,168
303,168
85,169
303,169
85,170
303,170
85,171
303,171
85,172
303,172
84,173
303,173
84,174
303,174
83,175
303,175
82,176
303,176
81,177
169,177
170,177
172,177
173,177
174,177
175,177
176,177
177,177
303,177
81,178
165,178
166,178
167,178
168,178
171,178
178,178
179,178
180,178
303,178
80,179
159,179
160,179
161,179
162,179
163,179
164,179
181,179
182,179
183,179
184,179
185,179
302,179
79,180
156,180
157,180
158,180
186,180
187,180
301,180
78,181
154,181
155,181
188,181
189,181
190,181
191,181
192,181
301,181
78,182
153,182
193,182
301,182
78,183
151,183
152,183
194,183
195,183
196,183
197,183
301,183
14,184
16,184
17,184
18,184
19,184
20,184
21,184
22,184
77,184
149,184
150,184
198,184
199,184
200,184
301,184
12,185
13,185
15,185
23,185
24,185
25,185
26,185
27,185
77,185
148,185
201,185
301,185
11,186
28,186
29,186
76,186
147,186
202,186
301,186
10,187
30,187
31,187
75,187
146,187
203,187
301,187
10,188
32,188
33,188
34,188
74,188
146,188
204,188
205,188
206,188
301,188
9,189
35,189
74,189
144,189
145,189
207,189
301,189
9,190
36,190
72,190
73,190
143,190
208,190
301,190
8,191
37,191
38,191
71,191
142,191
209,191
301,191
8,192
39,192
40,192
71,192
142,192
210,192
301,192
7,193
41,193
42,193
70,193
141,193
210,193
301,193
7,194
43,194
68,194
69,194
140,194
210,194
301,194
6,195
44,195
45,195
66,195
67,195
140,195
211,195
301,195
6,196
46,196
47,196
64,196
65,196
139,196
212,196
213,196
301,196
6,197
48,197
49,197
60,197
61,197
62,197
63,197
138,197
214,197
301,197
6,198
50,198
51,198
52,198
53,198
54,198
55,198
56,198
57,198
58,198
59,198
138,198
214,198
300,198
6,199
138,199
215,199
300,199
6,200
138,200
215,200
300,200
6,201
138,201
215,201
299,201
6,202
138,202
216,202
299,202
6,203
139,203
216,203
299,203
6,204
139,204
216,204
299,204
6,205
139,205
216,205
298,205
6,206
139,206
217,206
298,206
6,207
140,207
217,207
299,207
6,208
140,208
217,208
299,208
6,209
140,209
217,209
299,209
7,210
141,210
217,210
299,210
7,211
142,211
217,211
299,211
7,212
143,212
216,212
299,212
7,213
143,213
216,213
299,213
6,214
143,214
215,214
299,214
6,215
144,215
215,215
299,215
7,216
144,216
214,216
299,216
7,217
145,217
213,217
299,217
7,218
145,218
213,218
299,218
7,219
145,219
212,219
299,219
7,220
146,220
211,220
299,220
8,221
147,221
210,221
298,221
8,222
147,222
209,222
297,222
8,223
148,223
208,223
297,223
8,224
149,224
207,224
297,224
8,225
149,225
206,225
297,225
8,226
150,226
206,226
297,226
8,227
151,227
206,227
298,227
8,228
152,228
206,228
298,228
9,229
152,229
205,229
298,229
9,230
153,230
205,230
298,230
9,231
154,231
204,231
297,231
9,232
154,232
203,232
297,232
9,233
155,233
202,233
297,233
9,234
155,234
202,234
297,234
8,235
156,235
202,235
297,235
8,236
156,236
201,236
297,236
9,237
157,237
201,237
297,237
9,238
157,238
201,238
297,238
9,239
157,239
201,239
297,239
9,240
157,240
199,240
200,240
297,240
10,241
158,241
198,241
296,241
10,242
158,242
199,242
200,242
295,242
10,243
157,243
201,243
295,243
10,244
157,244
201,244
295,244
10,245
157,245
201,245
296,245
10,246
157,246
202,246
295,246
10,247
156,247
203,247
295,247
11,248
156,248
204,248
205,248
295,248
11,249
155,249
206,249
207,249
295,249
11,250
154,250
208,250
209,250
295,250
11,251
153,251
210,251
211,251
212,251
213,251
214,251
215,251
295,251
11,252
151,252
152,252
216,252
217,252
218,252
219,252
220,252
225,252
226,252
295,252
11,253
149,253
150,253
221,253
222,253
223,253
224,253
227,253
228,253
229,253
230,253
231,253
232,253
233,253
234,253
235,253
236,253
237,253
238,253
239,253
240,253
241,253
295,253
11,254
145,254
146,254
147,254
148,254
242,254
243,254
244,254
245,254
251,254
252,254
253,254
254,254
255,254
256,254
257,254
260,254
261,254
262,254
296,254
11,255
136,255
137,255
143,255
144,255
246,255
247,255
248,255
249,255
250,255
258,255
259,255
263,255
297,255
11,256
126,256
127,256
128,256
129,256
130,256
131,256
132,256
133,256
134,256
135,256
138,256
139,256
140,256
141,256
142,256
264,256
265,256
266,256
267,256
268,256
269,256
270,256
271,256
272,256
273,256
274,256
275,256
276,256
277,256
278,256
279,256
280,256
281,256
282,256
297,256
11,257
110,257
113,257
114,257
115,257
116,257
117,257
118,257
119,257
120,257
121,257
122,257
123,257
124,257
125,257
283,257
284,257
285,257
286,257
287,257
288,257
289,257
290,257
291,257
292,257
293,257
294,257
295,257
296,257
11,258
95,258
102,258
103,258
104,258
105,258
106,258
107,258
108,258
109,258
111,258
112,258
11,259
86,259
87,259
88,259
89,259
90,259
91,259
92,259
93,259
94,259
96,259
97,259
98,259
99,259
100,259
101,259
11,260
66,260
67,260
68,260
69,260
70,260
71,260
72,260
73,260
74,260
75,260
76,260
77,260
78,260
79,260
80,260
81,260
82,260
83,260
84,260
85,260
11,261
48,261
49,261
50,261
51,261
52,261
53,261
54,261
56,261
57,261
58,261
59,261
60,261
61,261
62,261
63,261
64,261
65,261
12,262
28,262
29,262
30,262
31,262
32,262
33,262
40,262
41,262
42,262
43,262
44,262
45,262
46,262
47,262
55,262
13,263
21,263
22,263
23,263
24,263
25,263
26,263
27,263
34,263
35,263
36,263
37,263
38,263
39,263
14,264
15,264
16,264
17,264
18,264
19,264
20,264