76,0
76,1
76,2
76,3
76,4
76,5
75,6
75,7
75,8
76,9
76,10
76,11
75,12
75,13
75,14
75,15
75,16
76,17
75,18
75,19
76,20
76,21
76,22
76,23
76,24
76,25
76,26
76,27
76,28
76,29
76,30
76,31
76,32
76,33
76,34
76,35
76,36
76,37
76,38
76,39
75,40
75,41
75,42
75,43
75,44
75,45
75,46
75,47
75,48
75,49
75,50
75,51
75,52
76,53
76,54
76,55
76,56
76,57
76,58
76,59
76,60
76,61
76,62
76,63
76,64
76,65
76,66
76,67
76,68
76,69
76,70
76,71
76,72
76,73
75,74
75,75
75,76
75,77
75,78
75,79
75,80
75,81
75,82
75,83
75,84
75,85
75,86
75,87
75,88
75,89
20,90
21,90
22,90
23,90
24,90
25,90
26,90
27,90
75,90
18,91
19,91
28,91
29,91
75,91
17,92
30,92
31,92
75,92
16,93
32,93
74,93
14,94
15,94
33,94
74,94
13,95
34,95
74,95
12,96
35,96
74,96
11,97
36,97
37,97
74,97
10,98
38,98
73,98
75,98
9,99
39,99
74,99
8,100
40,100
73,100
7,101
41,101
73,101
7,102
42,102
73,102
6,103
43,103
72,103
6,104
44,104
71,104
6,105
45,105
71,105
5,106
46,106
70,106
4,107
47,107
69,107
4,108
48,108
68,108
4,109
49,109
50,109
67,109
3,110
51,110
52,110
65,110
66,110
3,111
53,111
54,111
55,111
56,111
63,111
64,111
2,112
57,112
58,112
59,112
60,112
61,112
62,112
2,113
2,114
2,115
2,116
2,117
2,118
2,119
1,120
1,121
1,122
1,123
1,124
1,125
1,126
1,127
1,128
1,129
1,130
1,131
1,132
1,133
1,134
1,135
1,136
1,137
1,138
1,139
1,140
1,141
0,142
1,143
1,144
1,145
1,146
1,147
1,148
1,149
1,150
2,151
2,152
2,153
3,154
3,155
3,156
3,157
3,158
4,159
4,160
5,161
56,161
57,161
58,161
59,161
60,161
61,161
62,161
63,161
64,161
65,161
5,162
54,162
55,162
66,162
5,163
53,163
67,163
6,164
50,164
51,164
52,164
68,164
69,164
70,164
6,165
49,165
71,165
6,166
48,166
72,166
7,167
47,167
72,167
8,168
46,168
73,168
8,169
44,169
45,169
74,169
9,170
42,170
43,170
74,170
9,171
41,171
74,171
10,172
40,172
74,172
11,173
39,173
75,173
11,174
38,174
75,174
12,175
35,175
36,175
37,175
75,175
12,176
34,176
75,176
13,177
14,177
33,177
75,177
15,178
16,178
32,178
75,178
17,179
30,179
31,179
75,179
18,180
19,180
28,180
29,180
75,180
20,181
21,181
22,181
23,181
24,181
25,181
26,181
27,181
75,181
76,182
76,183
76,184
76,185
76,186
76,187
76,188
76,189
76,190
76,191
76,192
76,193
76,194
76,195
76,196
76,197
76,198
76,199
76,200
76,201
76,202
76,203
76,204
76,205
76,206
76,207
76,208
76,209
75,210
74,211
74,212
74,213
74,214
74,215
74,216
75,217
75,218
76,219
75,220
75,221
75,222
75,223
74,224
74,225
74,226
74,227
74,228
74,229
74,230
74,231
74,232
74,233
74,234
74,235
75,236
75,237
74,238
74,239
74,240
74,241
74,242
74,243
73,244
73,245
73,246
74,247
74,248
74,249
74,250
74,251
74,252
74,253
74,254
74,255
74,256
74,257
74,258
74,259
74,260
74,261
74,262
74,263
74,264
74,265
73,266
73,267
74,268
74,269
73,270
74,271
74,272
74,273
74,274
74,275
75,276