177,0
178,0
179,0
180,0
181,0
182,0
183,0
184,0
185,0
186,0
187,0
172,1
173,1
174,1
175,1
176,1
188,1
189,1
190,1
191,1
169,2
170,2
171,2
192,2
193,2
194,2
195,2
196,2
197,2
198,2
163,3
164,3
165,3
166,3
167,3
168,3
199,3
200,3
201,3
161,4
162,4
202,4
203,4
205,4
207,4
157,5
158,5
159,5
160,5
204,5
206,5
208,5
209,5
210,5
154,6
155,6
156,6
211,6
212,6
152,7
153,7
213,7
214,7
215,7
150,8
151,8
216,8
149,9
217,9
218,9
148,10
219,10
147,11
220,11
146,12
220,12
145,13
221,13
144,14
221,14
143,15
222,15
223,15
142,16
224,16
141,17
224,17
140,18
225,18
139,19
226,19
138,20
225,20
138,21
225,21
138,22
226,22
138,23
226,23
138,24
226,24
138,25
226,25
138,26
226,26
138,27
226,27
138,28
225,28
138,29
224,29
139,30
225,30
140,31
225,31
141,32
224,32
142,33
223,33
142,34
222,34
143,35
222,35
144,36
221,36
145,37
221,37
145,38
220,38
145,39
219,39
146,40
218,40
147,41
217,41
148,42
217,42
149,43
216,43
150,44
151,44
215,44
152,45
215,45
152,46
214,46
153,47
213,47
154,48
212,48
154,49
211,49
155,50
211,50
155,51
210,51
156,52
209,52
156,53
209,53
156,54
209,54
156,55
208,55
157,56
208,56
158,57
208,57
159,58
207,58
159,59
207,59
159,60
208,60
160,61
207,61
160,62
207,62
160,63
207,63
160,64
207,64
160,65
208,65
160,66
208,66
160,67
208,67
159,68
209,68
159,69
209,69
159,70
209,70
158,71
210,71
157,72
211,72
154,73
155,73
156,73
211,73
153,74
212,74
213,74
214,74
152,75
215,75
216,75
217,75
149,76
150,76
151,76
218,76
219,76
148,77
220,77
221,77
222,77
223,77
224,77
297,77
298,77
299,77
300,77
301,77
302,77
303,77
304,77
306,77
307,77
308,77
311,77
312,77
313,77
317,77
90,78
91,78
92,78
93,78
96,78
97,78
98,78
118,78
119,78
120,78
121,78
122,78
123,78
124,78
125,78
126,78
127,78
128,78
129,78
130,78
131,78
132,78
136,78
144,78
145,78
146,78
147,78
225,78
226,78
227,78
228,78
235,78
238,78
239,78
240,78
241,78
242,78
243,78
244,78
245,78
246,78
247,78
248,78
249,78
250,78
251,78
252,78
253,78
254,78
255,78
256,78
257,78
268,78
269,78
270,78
271,78
272,78
273,78
274,78
275,78
276,78
277,78
278,78
279,78
280,78
281,78
282,78
283,78
284,78
285,78
286,78
287,78
288,78
289,78
290,78
291,78
295,78
296,78
305,78
309,78
310,78
314,78
315,78
316,78
318,78
78,79
79,79
80,79
81,79
82,79
83,79
84,79
85,79
86,79
87,79
89,79
94,79
95,79
99,79
100,79
101,79
102,79
103,79
104,79
105,79
106,79
107,79
108,79
109,79
110,79
111,79
112,79
113,79
114,79
115,79
116,79
117,79
133,79
134,79
135,79
137,79
138,79
139,79
140,79
141,79
142,79
143,79
229,79
230,79
231,79
232,79
233,79
234,79
236,79
237,79
258,79
259,79
260,79
261,79
262,79
263,79
264,79
265,79
266,79
267,79
292,79
293,79
294,79
318,79
73,80
74,80
75,80
76,80
77,80
88,80
318,80
72,81
318,81
72,82
318,82
72,83
319,83
72,84
318,84
71,85
318,85
71,86
318,86
71,87
318,87
71,88
319,88
72,89
319,89
71,90
319,90
71,91
319,91
71,92
319,92
72,93
319,93
72,94
319,94
72,95
319,95
72,96
319,96
72,97
319,97
72,98
318,98
72,99
318,99
72,100
318,100
72,101
318,101
71,102
318,102
71,103
318,103
71,104
318,104
71,105
318,105
71,106
318,106
71,107
319,107
71,108
319,108
71,109
318,109
72,110
318,110
71,111
318,111
71,112
318,112
71,113
318,113
71,114
318,114
71,115
318,115
71,116
318,116
71,117
318,117
71,118
319,118
71,119
319,119
71,120
319,120
71,121
319,121
72,122
319,122
72,123
318,123
71,124
318,124
72,125
319,125
72,126
319,126
72,127
319,127
72,128
318,128
71,129
318,129
71,130
319,130
71,131
318,131
72,132
318,132
72,133
318,133
72,134
318,134
72,135
318,135
72,136
318,136
72,137
318,137
72,138
318,138
71,139
318,139
71,140
318,140
71,141
318,141
71,142
318,142
71,143
318,143
71,144
318,144
71,145
318,145
71,146
318,146
71,147
318,147
71,148
319,148
71,149
319,149
71,150
319,150
71,151
319,151
72,152
319,152
72,153
319,153
72,154
319,154
72,155
319,155
72,156
319,156
72,157
319,157
72,158
319,158
72,159
319,159
72,160
319,160
72,161
319,161
72,162
319,162
72,163
319,163
72,164
319,164
72,165
318,165
72,166
318,166
72,167
319,167
72,168
319,168
72,169
318,169
72,170
319,170
72,171
319,171
72,172
319,172
72,173
319,173
71,174
319,174
72,175
319,175
72,176
319,176
71,177
319,177
72,178
320,178
72,179
320,179
71,180
320,180
72,181
321,181
369,181
370,181
371,181
73,182
321,182
365,182
366,182
367,182
368,182
372,182
373,182
374,182
375,182
376,182
377,182
73,183
321,183
361,183
362,183
363,183
364,183
378,183
72,184
321,184
360,184
379,184
380,184
72,185
322,185
359,185
381,185
72,186
323,186
356,186
357,186
358,186
382,186
383,186
72,187
323,187
354,187
355,187
384,187
72,188
324,188
351,188
352,188
353,188
385,188
72,189
324,189
349,189
350,189
386,189
72,190
325,190
346,190
347,190
348,190
385,190
387,190
71,191
324,191
326,191
343,191
344,191
345,191
384,191
386,191
388,191
71,192
323,192
325,192
326,192
341,192
342,192
385,192
387,192
389,192
72,193
324,193
327,193
338,193
339,193
340,193
386,193
388,193
390,193
72,194
328,194
329,194
330,194
335,194
336,194
337,194
386,194
389,194
390,194
72,195
331,195
332,195
333,195
334,195
387,195
388,195
391,195
72,196
391,196
71,197
392,197
71,198
392,198
71,199
393,199
71,200
393,200
71,201
394,201
71,202
394,202
71,203
395,203
71,204
395,204
71,205
395,205
70,206
396,206
70,207
397,207
70,208
397,208
70,209
398,209
20,210
21,210
22,210
23,210
24,210
31,210
32,210
33,210
69,210
398,210
18,211
19,211
25,211
26,211
27,211
28,211
29,211
30,211
34,211
35,211
36,211
37,211
69,211
398,211
17,212
38,212
39,212
40,212
41,212
70,212
398,212
16,213
42,213
43,213
44,213
69,213
398,213
15,214
45,214
46,214
47,214
69,214
398,214
14,215
48,215
69,215
398,215
13,216
49,216
50,216
51,216
52,216
68,216
398,216
12,217
53,217
68,217
398,217
11,218
54,218
55,218
56,218
67,218
398,218
10,219
57,219
61,219
62,219
63,219
64,219
65,219
66,219
398,219
10,220
58,220
59,220
60,220
398,220
9,221
398,221
8,222
397,222
7,223
397,223
6,224
398,224
6,225
398,225
5,226
398,226
5,227
396,227
397,227
5,228
395,228
5,229
395,229
4,230
394,230
4,231
394,231
3,232
394,232
2,233
394,233
2,234
394,234
2,235
393,235
2,236
392,236
1,237
392,237
1,238
392,238
1,239
391,239
0,240
390,240
0,241
389,241
0,242
389,242
0,243
389,243
1,244
330,244
331,244
332,244
333,244
334,244
388,244
1,245
326,245
327,245
328,245
329,245
335,245
336,245
337,245
387,245
1,246
324,246
325,246
338,246
339,246
386,246
1,247
323,247
340,247
341,247
342,247
343,247
344,247
385,247
0,248
323,248
345,248
346,248
384,248
0,249
322,249
347,249
348,249
383,249
1,250
322,250
349,250
350,250
351,250
382,250
2,251
321,251
352,251
353,251
354,251
382,251
2,252
320,252
355,252
356,252
380,252
381,252
3,253
320,253
357,253
358,253
360,253
378,253
379,253
3,254
320,254
359,254
361,254
362,254
363,254
364,254
375,254
376,254
377,254
4,255
320,255
365,255
366,255
367,255
368,255
369,255
371,255
372,255
373,255
374,255
4,256
320,256
370,256
4,257
319,257
5,258
319,258
5,259
319,259
5,260
319,260
6,261
319,261
6,262
318,262
6,263
318,263
7,264
318,264
8,265
318,265
8,266
318,266
9,267
61,267
62,267
63,267
64,267
65,267
66,267
318,267
10,268
57,268
58,268
59,268
60,268
67,268
68,268
319,268
10,269
55,269
56,269
69,269
319,269
11,270
52,270
53,270
54,270
69,270
318,270
12,271
51,271
70,271
71,271
318,271
13,272
48,272
49,272
50,272
72,272
318,272
14,273
46,273
47,273
72,273
196,273
197,273
198,273
199,273
200,273
201,273
202,273
203,273
204,273
205,273
206,273
207,273
208,273
211,273
212,273
318,273
15,274
44,274
45,274
73,274
194,274
195,274
209,274
210,274
213,274
214,274
318,274
16,275
42,275
43,275
73,275
191,275
192,275
193,275
215,275
216,275
318,275
17,276
39,276
40,276
41,276
73,276
189,276
190,276
217,276
218,276
318,276
18,277
37,277
38,277
73,277
186,277
187,277
188,277
219,277
220,277
317,277
19,278
33,278
34,278
35,278
36,278
73,278
185,278
221,278
222,278
223,278
317,278
20,279
32,279
73,279
184,279
224,279
317,279
21,280
22,280
23,280
29,280
30,280
31,280
73,280
182,280
183,280
224,280
317,280
24,281
25,281
26,281
27,281
28,281
74,281
181,281
225,281
226,281
227,281
317,281
74,282
181,282
228,282
317,282
74,283
179,283
180,283
229,283
317,283
74,284
178,284
230,284
317,284
74,285
177,285
231,285
317,285
75,286
176,286
232,286
317,286
74,287
175,287
233,287
317,287
74,288
174,288
234,288
317,288
74,289
173,289
234,289
317,289
75,290
172,290
234,290
316,290
74,291
171,291
234,291
316,291
74,292
170,292
235,292
317,292
74,293
170,293
235,293
316,293
73,294
169,294
235,294
316,294
73,295
169,295
235,295
316,295
73,296
169,296
236,296
316,296
73,297
168,297
236,297
317,297
72,298
168,298
236,298
317,298
72,299
168,299
237,299
317,299
73,300
168,300
237,300
317,300
73,301
168,301
237,301
317,301
74,302
168,302
237,302
317,302
74,303
168,303
236,303
316,303
74,304
168,304
236,304
317,304
74,305
168,305
236,305
317,305
74,306
168,306
236,306
316,306
74,307
167,307
235,307
316,307
74,308
167,308
235,308
316,308
74,309
168,309
234,309
316,309
74,310
168,310
234,310
316,310
73,311
168,311
234,311
316,311
72,312
169,312
234,312
316,312
73,313
169,313
233,313
316,313
73,314
170,314
232,314
316,314
72,315
170,315
232,315
316,315
73,316
171,316
231,316
316,316
73,317
171,317
231,317
316,317
73,318
171,318
230,318
316,318
73,319
172,319
230,319
315,319
73,320
172,320
229,320
316,320
72,321
173,321
229,321
316,321
72,322
174,322
229,322
315,322
72,323
174,323
228,323
315,323
72,324
175,324
228,324
315,324
72,325
175,325
228,325
315,325
72,326
175,326
227,326
315,326
72,327
175,327
227,327
316,327
71,328
176,328
227,328
316,328
71,329
177,329
227,329
316,329
72,330
178,330
226,330
316,330
73,331
179,331
226,331
316,331
73,332
179,332
226,332
316,332
73,333
179,333
225,333
316,333
73,334
180,334
224,334
316,334
73,335
180,335
223,335
315,335
72,336
180,336
223,336
315,336
72,337
180,337
223,337
315,337
71,338
180,338
223,338
315,338
72,339
180,339
223,339
315,339
72,340
180,340
222,340
315,340
71,341
180,341
222,341
315,341
71,342
180,342
221,342
315,342
71,343
180,343
221,343
314,343
71,344
180,344
221,344
314,344
71,345
179,345
221,345
314,345
71,346
179,346
221,346
314,346
70,347
179,347
221,347
314,347
70,348
179,348
221,348
314,348
70,349
177,349
178,349
221,349
314,349
70,350
176,350
222,350
313,350
70,351
175,351
223,351
313,351
70,352
174,352
224,352
313,352
70,353
173,353
225,353
313,353
70,354
172,354
226,354
227,354
228,354
312,354
70,355
169,355
170,355
171,355
229,355
230,355
302,355
303,355
304,355
305,355
312,355
70,356
167,356
168,356
231,356
232,356
233,356
234,356
236,356
242,356
243,356
244,356
245,356
255,356
256,356
272,356
273,356
274,356
275,356
276,356
277,356
278,356
279,356
280,356
281,356
282,356
283,356
284,356
285,356
286,356
287,356
288,356
289,356
290,356
291,356
295,356
296,356
297,356
298,356
299,356
300,356
301,356
306,356
307,356
308,356
309,356
310,356
311,356
70,357
160,357
161,357
162,357
163,357
164,357
165,357
166,357
235,357
237,357
238,357
239,357
240,357
241,357
246,357
247,357
248,357
249,357
250,357
251,357
252,357
253,357
254,357
257,357
258,357
259,357
260,357
261,357
262,357
263,357
264,357
265,357
266,357
267,357
268,357
269,357
270,357
271,357
292,357
293,357
294,357
70,358
153,358
154,358
155,358
156,358
157,358
158,358
159,358
70,359
123,359
124,359
125,359
126,359
127,359
128,359
129,359
130,359
131,359
132,359
133,359
134,359
135,359
136,359
137,359
138,359
139,359
140,359
141,359
142,359
143,359
144,359
145,359
146,359
147,359
148,359
149,359
150,359
151,359
152,359
70,360
93,360
104,360
107,360
108,360
109,360
110,360
111,360
112,360
113,360
114,360
115,360
116,360
117,360
118,360
119,360
120,360
121,360
122,360
71,361
92,361
94,361
95,361
96,361
97,361
98,361
99,361
100,361
101,361
102,361
103,361
105,361
106,361
71,362
74,362
75,362
76,362
77,362
78,362
79,362
80,362
81,362
82,362
83,362
84,362
85,362
86,362
87,362
88,362
89,362
90,362
91,362
72,363
73,363