87,0
87,1
87,2
87,3
87,4
87,5
87,6
87,7
87,8
87,9
87,10
87,11
87,12
86,13
86,14
86,15
86,16
86,17
86,18
86,19
86,20
86,21
86,22
86,23
86,24
86,25
85,26
85,27
85,28
85,29
85,30
85,31
85,32
85,33
86,34
86,35
86,36
86,37
86,38
85,39
85,40
85,41
85,42
85,43
85,44
85,45
84,46
84,47
84,48
84,49
84,50
25,51
26,51
84,51
24,52
27,52
28,52
29,52
30,52
31,52
32,52
33,52
34,52
84,52
23,53
35,53
83,53
20,54
22,54
36,54
37,54
38,54
39,54
82,54
19,55
21,55
40,55
41,55
82,55
18,56
42,56
43,56
44,56
45,56
81,56
17,57
46,57
47,57
81,57
15,58
16,58
48,58
80,58
14,59
49,59
79,59
13,60
50,60
51,60
52,60
53,60
54,60
79,60
13,61
55,61
56,61
78,61
12,62
57,62
58,62
59,62
77,62
11,63
60,63
76,63
10,64
61,64
62,64
63,64
64,64
65,64
66,64
67,64
68,64
69,64
70,64
71,64
72,64
73,64
75,64
9,65
74,65
9,66
8,67
8,68
7,69
6,70
6,71
5,72
5,73
5,74
4,75
4,76
3,77
2,78
2,79
2,80
2,81
1,82
1,83
1,84
1,85
1,86
1,87
1,88
1,89
0,90
0,91
0,92
0,93
0,94
1,95
1,96
1,97
2,98
2,99
3,100
3,101
4,102
3,103
4,104
5,105
5,106
6,107
6,108
6,109
7,110
7,111
8,112
9,113
9,114
66,114
67,114
68,114
69,114
70,114
71,114
72,114
10,115
63,115
64,115
65,115
73,115
74,115
11,116
57,116
58,116
60,116
61,116
62,116
75,116
76,116
11,117
56,117
59,117
77,117
12,118
53,118
54,118
55,118
78,118
13,119
51,119
52,119
78,119
14,120
48,120
49,120
50,120
78,120
15,121
47,121
78,121
16,122
43,122
44,122
45,122
46,122
79,122
17,123
18,123
41,123
42,123
80,123
19,124
38,124
39,124
40,124
80,124
20,125
21,125
22,125
37,125
80,125
23,126
24,126
25,126
26,126
27,126
28,126
29,126
30,126
31,126
33,126
34,126
35,126
36,126
81,126
32,127
81,127
82,128
82,129
82,130
82,131
83,132
82,133
82,134
83,135
83,136
83,137
82,138
83,139
83,140
83,141
83,142
83,143
83,144
83,145
84,146
83,147
83,148
83,149
83,150
83,151
83,152
83,153
83,154
84,155
84,156
84,157
84,158
84,159
84,160
84,161
84,162
84,163
84,164
84,165
84,166
84,167
85,168
85,169
85,170
85,171
85,172
84,173
84,174
84,175
84,176
84,177
84,178
84,179
85,180
85,181
85,182
85,183
85,184
85,185
85,186
85,187
85,188
85,189
85,190
85,191
85,192
85,193
86,194
86,195
86,196
86,197
86,198
86,199