83,0
84,0
85,0
86,0
87,0
82,1
88,1
89,1
90,1
91,1
81,2
92,2
307,2
308,2
309,2
310,2
311,2
312,2
313,2
314,2
315,2
81,3
93,3
94,3
95,3
96,3
97,3
297,3
298,3
299,3
300,3
301,3
302,3
303,3
304,3
305,3
306,3
316,3
80,4
98,4
99,4
100,4
101,4
103,4
104,4
105,4
106,4
286,4
287,4
288,4
289,4
290,4
291,4
292,4
293,4
294,4
295,4
296,4
317,4
80,5
102,5
107,5
108,5
109,5
110,5
114,5
115,5
275,5
276,5
277,5
278,5
279,5
280,5
281,5
282,5
283,5
284,5
285,5
318,5
80,6
111,6
112,6
113,6
116,6
117,6
118,6
119,6
271,6
272,6
273,6
274,6
318,6
80,7
120,7
121,7
122,7
123,7
124,7
125,7
126,7
127,7
265,7
266,7
267,7
268,7
269,7
270,7
319,7
80,8
128,8
129,8
130,8
131,8
136,8
137,8
254,8
255,8
256,8
257,8
258,8
259,8
260,8
261,8
262,8
263,8
264,8
319,8
81,9
132,9
133,9
134,9
135,9
138,9
139,9
140,9
141,9
243,9
244,9
245,9
246,9
247,9
248,9
249,9
250,9
251,9
252,9
253,9
319,9
81,10
142,10
143,10
147,10
235,10
236,10
237,10
240,10
241,10
242,10
319,10
80,11
144,11
145,11
146,11
148,11
149,11
150,11
234,11
238,11
239,11
319,11
80,12
151,12
152,12
153,12
154,12
157,12
158,12
233,12
319,12
80,13
155,13
156,13
159,13
160,13
161,13
162,13
230,13
231,13
232,13
319,13
79,14
163,14
164,14
165,14
166,14
168,14
169,14
228,14
229,14
319,14
79,15
167,15
170,15
171,15
226,15
227,15
319,15
79,16
172,16
173,16
225,16
319,16
79,17
174,17
175,17
224,17
319,17
80,18
176,18
223,18
320,18
80,19
177,19
179,19
223,19
320,19
80,20
178,20
180,20
223,20
320,20
80,21
181,21
222,21
319,21
80,22
182,22
223,22
319,22
79,23
182,23
223,23
319,23
79,24
183,24
223,24
319,24
79,25
184,25
223,25
319,25
79,26
183,26
223,26
319,26
79,27
183,27
223,27
319,27
79,28
183,28
223,28
320,28
80,29
183,29
223,29
320,29
80,30
183,30
223,30
320,30
79,31
183,31
224,31
320,31
79,32
183,32
224,32
320,32
79,33
183,33
225,33
319,33
78,34
182,34
226,34
319,34
78,35
183,35
226,35
319,35
79,36
182,36
226,36
319,36
79,37
182,37
227,37
319,37
78,38
182,38
228,38
318,38
78,39
181,39
228,39
319,39
79,40
181,40
229,40
319,40
79,41
180,41
229,41
319,41
79,42
180,42
230,42
319,42
79,43
179,43
231,43
319,43
79,44
179,44
232,44
318,44
79,45
178,45
232,45
318,45
78,46
179,46
232,46
318,46
78,47
178,47
233,47
318,47
78,48
178,48
234,48
318,48
78,49
177,49
235,49
318,49
79,50
176,50
235,50
319,50
79,51
175,51
235,51
319,51
79,52
175,52
236,52
319,52
79,53
174,53
237,53
319,53
79,54
174,54
238,54
318,54
79,55
173,55
238,55
318,55
78,56
173,56
238,56
318,56
78,57
173,57
239,57
318,57
78,58
173,58
240,58
318,58
78,59
172,59
240,59
318,59
78,60
172,60
240,60
318,60
78,61
172,61
240,61
318,61
78,62
172,62
241,62
318,62
78,63
172,63
242,63
318,63
78,64
172,64
243,64
318,64
78,65
172,65
243,65
318,65
78,66
172,66
243,66
318,66
78,67
173,67
243,67
318,67
78,68
173,68
243,68
318,68
77,69
173,69
243,69
317,69
77,70
173,70
243,70
317,70
77,71
174,71
243,71
318,71
78,72
174,72
243,72
318,72
78,73
175,73
243,73
318,73
78,74
175,74
242,74
317,74
78,75
175,75
243,75
317,75
78,76
175,76
243,76
317,76
78,77
176,77
242,77
317,77
78,78
177,78
242,78
317,78
77,79
178,79
241,79
317,79
77,80
179,80
241,80
317,80
77,81
179,81
240,81
317,81
77,82
180,82
240,82
318,82
78,83
181,83
182,83
239,83
318,83
78,84
183,84
238,84
317,84
78,85
184,85
237,85
317,85
77,86
185,86
236,86
317,86
77,87
186,87
236,87
317,87
77,88
187,88
188,88
235,88
317,88
77,89
189,89
190,89
232,89
233,89
234,89
317,89
77,90
191,90
192,90
193,90
230,90
231,90
317,90
76,91
194,91
228,91
229,91
316,91
76,92
195,92
196,92
227,92
316,92
77,93
197,93
198,93
226,93
317,93
77,94
199,94
200,94
223,94
224,94
225,94
317,94
77,95
201,95
202,95
203,95
204,95
205,95
206,95
207,95
220,95
221,95
222,95
317,95
77,96
208,96
209,96
210,96
211,96
212,96
215,96
216,96
217,96
218,96
219,96
317,96
77,97
213,97
214,97
316,97
77,98
316,98
77,99
316,99
77,100
316,100
76,101
316,101
76,102
316,102
367,102
368,102
76,103
316,103
366,103
369,103
370,103
371,103
77,104
317,104
363,104
364,104
365,104
372,104
373,104
374,104
77,105
317,105
361,105
362,105
375,105
376,105
377,105
378,105
77,106
317,106
359,106
360,106
379,106
77,107
317,107
357,107
358,107
379,107
77,108
317,108
356,108
380,108
77,109
317,109
355,109
381,109
77,110
317,110
354,110
382,110
77,111
317,111
353,111
383,111
384,111
77,112
317,112
352,112
385,112
77,113
317,113
351,113
386,113
76,114
318,114
349,114
350,114
387,114
77,115
319,115
346,115
347,115
348,115
388,115
77,116
319,116
345,116
388,116
77,117
319,117
345,117
389,117
77,118
320,118
344,118
389,118
77,119
321,119
342,119
343,119
390,119
77,120
322,120
340,120
341,120
390,120
76,121
322,121
324,121
337,121
338,121
339,121
390,121
76,122
323,122
325,122
334,122
335,122
336,122
391,122
24,123
25,123
76,123
326,123
333,123
392,123
23,124
26,124
27,124
28,124
29,124
30,124
31,124
34,124
35,124
36,124
76,124
327,124
328,124
329,124
330,124
331,124
332,124
392,124
20,125
21,125
22,125
32,125
33,125
37,125
38,125
39,125
76,125
392,125
17,126
18,126
19,126
40,126
41,126
76,126
392,126
16,127
42,127
43,127
44,127
45,127
46,127
76,127
392,127
15,128
47,128
75,128
393,128
14,129
48,129
49,129
75,129
393,129
14,130
50,130
75,130
393,130
13,131
51,131
52,131
74,131
393,131
12,132
53,132
54,132
55,132
74,132
394,132
11,133
56,133
73,133
395,133
11,134
57,134
58,134
72,134
395,134
10,135
59,135
60,135
71,135
394,135
9,136
61,136
62,136
69,136
70,136
394,136
9,137
63,137
64,137
65,137
66,137
67,137
68,137
394,137
8,138
394,138
7,139
394,139
8,140
394,140
8,141
394,141
7,142
394,142
6,143
395,143
6,144
396,144
6,145
395,145
5,146
395,146
5,147
395,147
4,148
395,148
4,149
395,149
3,150
395,150
4,151
395,151
3,152
395,152
3,153
395,153
3,154
395,154
3,155
395,155
3,156
395,156
3,157
395,157
2,158
395,158
1,159
394,159
0,160
394,160
0,161
394,161
1,162
394,162
2,163
394,163
2,164
394,164
2,165
395,165
2,166
394,166
1,167
394,167
2,168
394,168
2,169
393,169
1,170
393,170
1,171
393,171
2,172
392,172
2,173
392,173
3,174
392,174
4,175
392,175
4,176
391,176
4,177
391,177
4,178
391,178
5,179
390,179
5,180
327,180
328,180
329,180
330,180
331,180
332,180
333,180
390,180
5,181
326,181
334,181
336,181
337,181
338,181
390,181
6,182
324,182
325,182
335,182
339,182
389,182
7,183
323,183
340,183
341,183
388,183
7,184
322,184
342,184
343,184
387,184
8,185
321,185
344,185
386,185
8,186
321,186
345,186
387,186
8,187
321,187
346,187
347,187
348,187
349,187
386,187
9,188
320,188
350,188
385,188
9,189
320,189
351,189
384,189
10,190
60,190
61,190
62,190
63,190
64,190
65,190
66,190
67,190
68,190
69,190
70,190
71,190
320,190
352,190
383,190
10,191
58,191
59,191
72,191
73,191
74,191
320,191
353,191
382,191
11,192
57,192
75,192
320,192
354,192
355,192
381,192
12,193
55,193
56,193
75,193
319,193
356,193
380,193
13,194
52,194
53,194
54,194
75,194
319,194
356,194
379,194
13,195
49,195
50,195
51,195
76,195
318,195
357,195
359,195
378,195
14,196
48,196
76,196
318,196
358,196
360,196
361,196
375,196
376,196
377,196
15,197
47,197
76,197
318,197
362,197
363,197
374,197
16,198
17,198
45,198
46,198
76,198
318,198
364,198
365,198
373,198
18,199
42,199
43,199
44,199
77,199
318,199
366,199
367,199
368,199
369,199
370,199
371,199
372,199
19,200
39,200
40,200
41,200
78,200
319,200
20,201
37,201
38,201
79,201
319,201
21,202
22,202
23,202
36,202
79,202
319,202
24,203
25,203
27,203
28,203
29,203
31,203
32,203
33,203
35,203
79,203
319,203
26,204
30,204
34,204
79,204
319,204
80,205
319,205
79,206
319,206
80,207
319,207
79,208
319,208
79,209
319,209
79,210
318,210
80,211
319,211
80,212
319,212
80,213
319,213
80,214
319,214
80,215
319,215
80,216
319,216
80,217
319,217
79,218
319,218
79,219
319,219
79,220
319,220
79,221
319,221
80,222
210,222
320,222
80,223
199,223
200,223
201,223
202,223
203,223
204,223
205,223
206,223
207,223
208,223
209,223
211,223
212,223
213,223
320,223
80,224
197,224
198,224
214,224
320,224
80,225
190,225
191,225
192,225
193,225
194,225
195,225
196,225
215,225
216,225
320,225
80,226
189,226
217,226
218,226
219,226
221,226
320,226
80,227
188,227
220,227
222,227
223,227
320,227
80,228
188,228
224,228
225,228
320,228
80,229
184,229
185,229
186,229
187,229
226,229
227,229
320,229
80,230
183,230
228,230
320,230
80,231
181,231
182,231
229,231
320,231
79,232
180,232
230,232
231,232
232,232
320,232
80,233
179,233
233,233
321,233
80,234
178,234
233,234
321,234
80,235
178,235
234,235
321,235
80,236
177,236
235,236
236,236
237,236
321,236
80,237
176,237
238,237
321,237
79,238
176,238
238,238
321,238
79,239
177,239
238,239
321,239
80,240
176,240
239,240
320,240
80,241
176,241
240,241
320,241
79,242
176,242
240,242
320,242
79,243
175,243
241,243
321,243
80,244
175,244
241,244
321,244
80,245
175,245
242,245
321,245
80,246
174,246
242,246
321,246
80,247
175,247
243,247
321,247
80,248
174,248
244,248
321,248
79,249
174,249
244,249
321,249
79,250
175,250
244,250
321,250
79,251
175,251
244,251
321,251
79,252
175,252
243,252
321,252
79,253
175,253
243,253
321,253
79,254
175,254
243,254
322,254
79,255
175,255
243,255
322,255
79,256
176,256
243,256
322,256
79,257
176,257
243,257
322,257
79,258
176,258
244,258
321,258
79,259
177,259
243,259
321,259
79,260
177,260
243,260
321,260
78,261
178,261
242,261
322,261
78,262
179,262
242,262
321,262
79,263
180,263
241,263
321,263
78,264
180,264
241,264
321,264
79,265
180,265
240,265
321,265
79,266
180,266
239,266
321,266
79,267
181,267
238,267
321,267
79,268
182,268
238,268
321,268
79,269
182,269
239,269
321,269
79,270
183,270
239,270
321,270
79,271
184,271
238,271
321,271
79,272
184,272
237,272
321,272
79,273
185,273
236,273
321,273
79,274
186,274
236,274
321,274
79,275
186,275
235,275
322,275
80,276
186,276
235,276
322,276
79,277
186,277
234,277
322,277
79,278
187,278
234,278
322,278
79,279
188,279
233,279
322,279
79,280
188,280
234,280
321,280
79,281
188,281
233,281
321,281
78,282
189,282
233,282
321,282
78,283
190,283
232,283
321,283
77,284
191,284
232,284
321,284
77,285
191,285
232,285
321,285
77,286
191,286
231,286
322,286
78,287
191,287
231,287
322,287
78,288
191,288
231,288
321,288
78,289
191,289
231,289
321,289
78,290
191,290
231,290
321,290
78,291
191,291
231,291
321,291
78,292
192,292
231,292
321,292
78,293
193,293
231,293
321,293
78,294
192,294
231,294
320,294
78,295
192,295
232,295
320,295
77,296
192,296
233,296
320,296
77,297
191,297
233,297
321,297
78,298
191,298
233,298
321,298
78,299
190,299
234,299
235,299
321,299
78,300
190,300
236,300
237,300
321,300
78,301
189,301
238,301
321,301
78,302
189,302
239,302
240,302
321,302
77,303
188,303
241,303
242,303
243,303
320,303
77,304
187,304
244,304
246,304
247,304
248,304
249,304
250,304
319,304
77,305
186,305
245,305
251,305
252,305
253,305
257,305
258,305
259,305
260,305
261,305
268,305
318,305
77,306
184,306
185,306
254,306
255,306
256,306
262,306
263,306
264,306
265,306
266,306
267,306
269,306
270,306
271,306
272,306
273,306
274,306
275,306
279,306
280,306
281,306
282,306
283,306
289,306
316,306
317,306
77,307
182,307
183,307
276,307
277,307
278,307
284,307
285,307
286,307
287,307
288,307
290,307
291,307
292,307
293,307
294,307
300,307
301,307
302,307
311,307
312,307
313,307
314,307
315,307
78,308
181,308
295,308
296,308
297,308
298,308
299,308
303,308
304,308
305,308
306,308
307,308
308,308
310,308
78,309
178,309
179,309
180,309
309,309
78,310
172,310
173,310
174,310
175,310
176,310
177,310
78,311
161,311
162,311
163,311
164,311
171,311
78,312
160,312
165,312
166,312
167,312
168,312
169,312
170,312
78,313
139,313
140,313
150,313
151,313
152,313
153,313
154,313
155,313
156,313
157,313
158,313
159,313
79,314
130,314
131,314
132,314
133,314
134,314
135,314
136,314
137,314
138,314
141,314
142,314
143,314
144,314
145,314
146,314
147,314
148,314
149,314
79,315
119,315
120,315
121,315
123,315
124,315
129,315
79,316
118,316
122,316
125,316
126,316
127,316
128,316
79,317
96,317
107,317
108,317
109,317
110,317
111,317
112,317
113,317
114,317
115,317
116,317
117,317
80,318
86,318
87,318
88,318
89,318
91,318
92,318
95,318
97,318
98,318
99,318
100,318
101,318
102,318
103,318
104,318
105,318
106,318
81,319
82,319
83,319
84,319
85,319
90,319
93,319
94,319