203,0
204,0
205,0
206,0
207,0
208,0
209,0
210,0
211,0
212,0
213,0
214,0
215,0
216,0
217,0
218,0
219,0
201,1
202,1
220,1
221,1
222,1
223,1
198,2
199,2
200,2
224,2
225,2
226,2
195,3
196,3
197,3
227,3
194,4
227,4
191,5
192,5
193,5
228,5
190,6
229,6
230,6
189,7
231,7
232,7
187,8
188,8
233,8
186,9
234,9
235,9
185,10
236,10
184,11
237,11
238,11
183,12
239,12
182,13
240,13
181,14
241,14
180,15
242,15
180,16
243,16
180,17
244,17
179,18
244,18
179,19
245,19
178,20
246,20
177,21
247,21
177,22
247,22
177,23
248,23
177,24
248,24
176,25
248,25
176,26
249,26
176,27
250,27
175,28
250,28
175,29
250,29
175,30
250,30
175,31
250,31
175,32
250,32
175,33
250,33
175,34
250,34
175,35
250,35
175,36
250,36
175,37
250,37
175,38
250,38
176,39
250,39
176,40
250,40
176,41
250,41
176,42
249,42
176,43
249,43
177,44
249,44
178,45
249,45
178,46
248,46
178,47
247,47
179,48
247,48
179,49
247,49
179,50
246,50
180,51
246,51
180,52
245,52
180,53
244,53
181,54
243,54
180,55
242,55
180,56
242,56
180,57
241,57
181,58
240,58
181,59
240,59
181,60
240,60
181,61
239,61
182,62
239,62
182,63
238,63
182,64
238,64
182,65
238,65
182,66
238,66
182,67
238,67
182,68
237,68
84,69
85,69
86,69
87,69
88,69
89,69
90,69
91,69
92,69
182,69
237,69
83,70
93,70
94,70
95,70
96,70
97,70
98,70
99,70
182,70
237,70
83,71
100,71
101,71
102,71
103,71
104,71
182,71
237,71
83,72
105,72
106,72
107,72
108,72
109,72
181,72
237,72
83,73
110,73
111,73
112,73
113,73
181,73
237,73
84,74
114,74
115,74
116,74
117,74
118,74
119,74
120,74
180,74
237,74
84,75
121,75
122,75
123,75
124,75
125,75
180,75
237,75
83,76
126,76
179,76
238,76
83,77
127,77
128,77
129,77
130,77
131,77
132,77
178,77
238,77
83,78
133,78
134,78
135,78
136,78
137,78
138,78
174,78
175,78
176,78
177,78
239,78
83,79
139,79
140,79
141,79
142,79
143,79
144,79
145,79
172,79
173,79
239,79
84,80
146,80
147,80
148,80
149,80
150,80
170,80
171,80
240,80
84,81
151,81
152,81
153,81
154,81
155,81
156,81
157,81
158,81
159,81
160,81
161,81
162,81
163,81
164,81
165,81
166,81
167,81
168,81
169,81
241,81
84,82
242,82
84,83
243,83
244,83
83,84
245,84
83,85
246,85
247,85
248,85
249,85
83,86
250,86
251,86
82,87
252,87
253,87
254,87
255,87
256,87
257,87
258,87
259,87
260,87
261,87
265,87
266,87
267,87
83,88
262,88
263,88
264,88
268,88
269,88
270,88
271,88
272,88
273,88
274,88
275,88
276,88
277,88
83,89
278,89
279,89
280,89
281,89
282,89
283,89
284,89
285,89
286,89
287,89
295,89
83,90
288,90
289,90
290,90
291,90
292,90
293,90
294,90
296,90
297,90
298,90
299,90
300,90
301,90
302,90
303,90
304,90
305,90
306,90
307,90
308,90
309,90
310,90
311,90
312,90
313,90
314,90
315,90
316,90
317,90
318,90
319,90
320,90
325,90
83,91
321,91
322,91
323,91
324,91
326,91
83,92
326,92
83,93
327,93
83,94
326,94
82,95
327,95
82,96
327,96
83,97
327,97
83,98
327,98
83,99
327,99
82,100
327,100
82,101
327,101
82,102
327,102
83,103
327,103
82,104
328,104
82,105
328,105
82,106
327,106
81,107
327,107
81,108
327,108
81,109
327,109
81,110
327,110
81,111
327,111
81,112
327,112
81,113
327,113
81,114
327,114
81,115
327,115
81,116
327,116
81,117
327,117
81,118
328,118
81,119
328,119
81,120
328,120
81,121
328,121
81,122
328,122
81,123
328,123
81,124
328,124
81,125
328,125
81,126
328,126
81,127
328,127
81,128
328,128
81,129
328,129
81,130
328,130
81,131
328,131
80,132
328,132
80,133
328,133
80,134
328,134
80,135
328,135
80,136
328,136
79,137
328,137
79,138
328,138
79,139
328,139
80,140
328,140
80,141
329,141
80,142
329,142
79,143
329,143
17,144
18,144
19,144
20,144
21,144
22,144
23,144
24,144
79,144
329,144
15,145
16,145
25,145
79,145
329,145
14,146
26,146
27,146
28,146
29,146
79,146
329,146
13,147
30,147
31,147
32,147
33,147
34,147
36,147
79,147
329,147
11,148
12,148
35,148
37,148
38,148
79,148
329,148
10,149
39,149
40,149
41,149
79,149
329,149
10,150
42,150
79,150
329,150
9,151
43,151
44,151
45,151
79,151
329,151
9,152
46,152
79,152
329,152
7,153
8,153
47,153
48,153
78,153
329,153
6,154
49,154
76,154
77,154
329,154
5,155
50,155
51,155
75,155
329,155
5,156
52,156
53,156
75,156
329,156
5,157
54,157
55,157
74,157
328,157
4,158
56,158
74,158
328,158
4,159
57,159
58,159
59,159
73,159
328,159
4,160
60,160
72,160
328,160
3,161
61,161
62,161
71,161
328,161
3,162
63,162
64,162
65,162
66,162
67,162
68,162
69,162
70,162
328,162
3,163
328,163
3,164
328,164
2,165
328,165
2,166
329,166
376,166
377,166
378,166
379,166
380,166
381,166
382,166
383,166
384,166
385,166
386,166
2,167
329,167
374,167
375,167
387,167
1,168
329,168
372,168
373,168
388,168
389,168
1,169
329,169
371,169
390,169
1,170
329,170
370,170
391,170
1,171
329,171
367,171
368,171
369,171
392,171
393,171
1,172
330,172
366,172
394,172
1,173
330,173
365,173
395,173
1,174
330,174
363,174
364,174
396,174
1,175
330,175
362,175
397,175
0,176
331,176
361,176
398,176
0,177
331,177
359,177
360,177
399,177
0,178
332,178
356,178
357,178
358,178
399,178
0,179
333,179
355,179
400,179
1,180
333,180
354,180
401,180
1,181
334,181
352,181
353,181
402,181
1,182
334,182
350,182
351,182
402,182
1,183
335,183
348,183
349,183
403,183
1,184
336,184
337,184
338,184
345,184
346,184
347,184
403,184
1,185
339,185
340,185
341,185
342,185
343,185
344,185
403,185
1,186
404,186
2,187
404,187
2,188
403,188
2,189
402,189
2,190
402,190
404,190
3,191
403,191
405,191
3,192
405,192
4,193
405,193
4,194
405,194
4,195
406,195
4,196
406,196
5,197
406,197
5,198
406,198
5,199
406,199
5,200
406,200
6,201
406,201
7,202
406,202
8,203
406,203
7,204
406,204
7,205
406,205
8,206
406,206
9,207
406,207
9,208
405,208
10,209
405,209
11,210
63,210
64,210
405,210
11,211
60,211
61,211
62,211
65,211
66,211
67,211
68,211
405,211
12,212
57,212
58,212
59,212
69,212
405,212
13,213
55,213
56,213
70,213
405,213
14,214
15,214
53,214
54,214
71,214
405,214
16,215
50,215
51,215
52,215
72,215
405,215
17,216
18,216
48,216
49,216
73,216
405,216
19,217
46,217
47,217
74,217
405,217
20,218
21,218
43,218
44,218
45,218
75,218
405,218
22,219
40,219
41,219
42,219
75,219
405,219
23,220
24,220
38,220
39,220
75,220
405,220
25,221
36,221
37,221
75,221
405,221
26,222
27,222
28,222
29,222
30,222
31,222
32,222
33,222
34,222
35,222
76,222
405,222
76,223
404,223
77,224
404,224
77,225
404,225
77,226
404,226
77,227
403,227
77,228
403,228
77,229
403,229
78,230
403,230
78,231
401,231
403,231
78,232
400,232
402,232
78,233
401,233
78,234
401,234
78,235
335,235
336,235
337,235
401,235
78,236
333,236
334,236
338,236
339,236
340,236
341,236
342,236
401,236
78,237
332,237
343,237
344,237
345,237
400,237
79,238
331,238
346,238
400,238
79,239
330,239
347,239
348,239
349,239
400,239
79,240
330,240
350,240
400,240
79,241
329,241
351,241
352,241
399,241
79,242
328,242
353,242
398,242
79,243
328,243
354,243
355,243
398,243
79,244
327,244
356,244
397,244
79,245
327,245
357,245
396,245
79,246
327,246
357,246
396,246
80,247
327,247
358,247
395,247
80,248
326,248
359,248
360,248
394,248
80,249
326,249
361,249
393,249
80,250
325,250
362,250
392,250
80,251
325,251
363,251
364,251
391,251
80,252
325,252
365,252
390,252
80,253
325,253
366,253
389,253
80,254
324,254
367,254
387,254
388,254
79,255
324,255
368,255
386,255
80,256
324,256
369,256
370,256
385,256
80,257
323,257
371,257
382,257
383,257
384,257
80,258
323,258
372,258
373,258
374,258
375,258
380,258
381,258
80,259
323,259
376,259
378,259
379,259
80,260
323,260
377,260
80,261
323,261
80,262
322,262
80,263
322,263
80,264
322,264
80,265
322,265
80,266
322,266
80,267
322,267
80,268
322,268
80,269
322,269
81,270
322,270
81,271
322,271
81,272
322,272
81,273
322,273
81,274
321,274
81,275
321,275
81,276
321,276
81,277
321,277
82,278
321,278
82,279
321,279
82,280
320,280
82,281
320,281
82,282
320,282
82,283
320,283
82,284
320,284
82,285
320,285
82,286
153,286
159,286
160,286
161,286
162,286
320,286
82,287
124,287
135,287
136,287
137,287
138,287
139,287
140,287
141,287
142,287
143,287
144,287
145,287
146,287
147,287
148,287
149,287
150,287
151,287
152,287
154,287
155,287
156,287
157,287
158,287
163,287
164,287
165,287
166,287
167,287
168,287
169,287
170,287
171,287
172,287
320,287
83,288
113,288
116,288
117,288
118,288
119,288
120,288
121,288
122,288
123,288
125,288
126,288
127,288
128,288
129,288
130,288
131,288
132,288
133,288
134,288
173,288
174,288
320,288
83,289
102,289
103,289
104,289
105,289
106,289
107,289
108,289
109,289
110,289
111,289
112,289
114,289
115,289
175,289
176,289
177,289
319,289
83,290
86,290
90,290
91,290
92,290
93,290
94,290
95,290
96,290
97,290
98,290
99,290
100,290
101,290
178,290
179,290
180,290
319,290
84,291
85,291
87,291
88,291
89,291
181,291
319,291
182,292
183,292
184,292
319,292
185,293
256,293
257,293
258,293
259,293
319,293
186,294
249,294
250,294
251,294
252,294
253,294
254,294
255,294
260,294
261,294
262,294
263,294
264,294
265,294
318,294
186,295
248,295
266,295
267,295
268,295
269,295
270,295
271,295
318,295
187,296
246,296
247,296
272,296
273,296
274,296
275,296
318,296
187,297
245,297
276,297
277,297
318,297
188,298
245,298
278,298
279,298
280,298
281,298
282,298
283,298
318,298
188,299
244,299
284,299
285,299
286,299
287,299
317,299
188,300
243,300
288,300
289,300
317,300
189,301
243,301
290,301
291,301
292,301
293,301
294,301
295,301
296,301
317,301
189,302
243,302
297,302
298,302
299,302
300,302
301,302
317,302
189,303
243,303
302,303
303,303
304,303
316,303
188,304
243,304
305,304
306,304
307,304
308,304
315,304
188,305
243,305
309,305
310,305
311,305
312,305
313,305
314,305
188,306
243,306
188,307
242,307
188,308
242,308
187,309
242,309
187,310
242,310
186,311
242,311
186,312
242,312
185,313
243,313
185,314
243,314
185,315
243,315
184,316
244,316
183,317
244,317
183,318
244,318
182,319
245,319
181,320
245,320
181,321
245,321
181,322
246,322
180,323
246,323
179,324
247,324
178,325
247,325
177,326
248,326
177,327
248,327
176,328
249,328
176,329
249,329
175,330
249,330
175,331
250,331
174,332
250,332
173,333
250,333
174,334
250,334
174,335
250,335
174,336
250,336
174,337
250,337
174,338
250,338
174,339
250,339
174,340
250,340
174,341
250,341
174,342
250,342
174,343
250,343
174,344
250,344
174,345
250,345
174,346
250,346
175,347
250,347
175,348
249,348
175,349
249,349
175,350
248,350
175,351
248,351
176,352
248,352
176,353
247,353
177,354
246,354
177,355
246,355
177,356
245,356
178,357
243,357
244,357
178,358
242,358
178,359
242,359
179,360
241,360
180,361
240,361
181,362
239,362
182,363
238,363
183,364
237,364
184,365
236,365
185,366
186,366
236,366
187,367
234,367
235,367
188,368
189,368
233,368
190,369
231,369
232,369
191,370
192,370
193,370
229,370
230,370
194,371
195,371
223,371
224,371
226,371
227,371
228,371
196,372
197,372
198,372
220,372
221,372
222,372
225,372
199,373
200,373
201,373
202,373
203,373
204,373
214,373
215,373
216,373
217,373
218,373
219,373
205,374
206,374
207,374
208,374
209,374
210,374
211,374
212,374
213,374