285,0
286,0
287,0
288,0
272,1
273,1
274,1
275,1
276,1
277,1
278,1
279,1
280,1
281,1
282,1
283,1
284,1
289,1
269,2
270,2
271,2
289,2
258,3
259,3
260,3
261,3
262,3
263,3
264,3
265,3
266,3
267,3
268,3
289,3
69,4
70,4
71,4
248,4
249,4
250,4
251,4
252,4
253,4
254,4
255,4
256,4
257,4
289,4
65,5
66,5
67,5
68,5
72,5
73,5
74,5
75,5
245,5
246,5
247,5
289,5
64,6
76,6
77,6
78,6
79,6
80,6
81,6
82,6
83,6
84,6
85,6
231,6
232,6
233,6
234,6
235,6
236,6
237,6
238,6
239,6
240,6
241,6
242,6
243,6
244,6
289,6
63,7
86,7
87,7
88,7
89,7
90,7
91,7
96,7
97,7
226,7
227,7
228,7
229,7
230,7
289,7
62,8
92,8
93,8
94,8
95,8
98,8
99,8
100,8
101,8
220,8
221,8
222,8
223,8
224,8
225,8
289,8
63,9
102,9
103,9
104,9
105,9
106,9
110,9
111,9
112,9
218,9
219,9
289,9
63,10
107,10
108,10
109,10
113,10
114,10
115,10
116,10
117,10
216,10
217,10
289,10
63,11
118,11
119,11
120,11
123,11
124,11
125,11
126,11
127,11
128,11
214,11
215,11
289,11
63,12
121,12
122,12
129,12
130,12
131,12
212,12
213,12
289,12
63,13
132,13
133,13
137,13
211,13
289,13
63,14
134,14
135,14
136,14
138,14
139,14
210,14
290,14
64,15
140,15
141,15
209,15
290,15
64,16
142,16
208,16
290,16
64,17
143,17
209,17
290,17
64,18
144,18
145,18
208,18
290,18
63,19
146,19
147,19
208,19
290,19
63,20
148,20
208,20
290,20
63,21
149,21
207,21
289,21
64,22
150,22
207,22
289,22
64,23
151,23
207,23
289,23
64,24
151,24
207,24
289,24
64,25
151,25
207,25
289,25
64,26
151,26
208,26
289,26
64,27
151,27
208,27
290,27
64,28
151,28
208,28
290,28
64,29
151,29
209,29
290,29
64,30
151,30
210,30
290,30
64,31
151,31
210,31
290,31
64,32
152,32
211,32
290,32
64,33
152,33
211,33
290,33
64,34
151,34
211,34
290,34
64,35
151,35
211,35
290,35
65,36
151,36
212,36
289,36
65,37
150,37
213,37
290,37
65,38
150,38
214,38
290,38
65,39
150,39
215,39
290,39
65,40
150,40
216,40
290,40
65,41
149,41
217,41
291,41
65,42
149,42
218,42
219,42
290,42
65,43
148,43
220,43
290,43
65,44
148,44
220,44
290,44
65,45
147,45
221,45
290,45
65,46
148,46
222,46
290,46
65,47
147,47
223,47
290,47
65,48
146,48
223,48
290,48
66,49
145,49
224,49
290,49
66,50
144,50
225,50
290,50
66,51
144,51
225,51
290,51
66,52
143,52
226,52
290,52
66,53
142,53
227,53
290,53
66,54
141,54
227,54
291,54
66,55
141,55
228,55
291,55
66,56
140,56
229,56
290,56
66,57
139,57
230,57
290,57
66,58
138,58
230,58
290,58
66,59
137,59
230,59
290,59
66,60
138,60
230,60
290,60
66,61
138,61
230,61
290,61
66,62
136,62
137,62
230,62
290,62
67,63
135,63
229,63
290,63
67,64
135,64
229,64
290,64
67,65
135,65
229,65
290,65
67,66
135,66
229,66
290,66
67,67
135,67
229,67
290,67
67,68
135,68
228,68
291,68
67,69
135,69
228,69
291,69
67,70
135,70
228,70
291,70
67,71
136,71
227,71
291,71
67,72
136,72
226,72
291,72
67,73
136,73
226,73
290,73
67,74
137,74
225,74
290,74
66,75
138,75
223,75
224,75
290,75
67,76
138,76
222,76
290,76
67,77
139,77
222,77
290,77
67,78
140,78
221,78
290,78
67,79
141,79
220,79
290,79
67,80
141,80
220,80
290,80
67,81
142,81
217,81
218,81
219,81
291,81
67,82
143,82
144,82
215,82
216,82
291,82
67,83
145,83
212,83
213,83
214,83
291,83
67,84
146,84
211,84
292,84
67,85
147,85
148,85
208,85
209,85
210,85
292,85
67,86
149,86
207,86
292,86
67,87
150,87
151,87
152,87
153,87
154,87
205,87
206,87
292,87
67,88
155,88
156,88
157,88
158,88
196,88
197,88
198,88
199,88
200,88
201,88
202,88
203,88
204,88
292,88
67,89
159,89
160,89
161,89
167,89
168,89
194,89
195,89
292,89
342,89
343,89
344,89
68,90
162,90
163,90
164,90
165,90
166,90
169,90
170,90
171,90
172,90
173,90
174,90
175,90
180,90
181,90
182,90
183,90
184,90
185,90
186,90
187,90
188,90
189,90
190,90
191,90
192,90
193,90
292,90
334,90
335,90
336,90
337,90
338,90
339,90
340,90
341,90
345,90
346,90
347,90
348,90
68,91
176,91
177,91
178,91
179,91
293,91
332,91
333,91
349,91
68,92
293,92
330,92
331,92
350,92
351,92
68,93
294,93
329,93
352,93
353,93
68,94
294,94
327,94
328,94
354,94
355,94
356,94
68,95
295,95
325,95
326,95
357,95
68,96
296,96
323,96
324,96
358,96
68,97
297,97
320,97
321,97
322,97
359,97
68,98
298,98
317,98
318,98
319,98
359,98
68,99
299,99
316,99
360,99
68,100
300,100
301,100
302,100
303,100
304,100
305,100
314,100
315,100
360,100
67,101
306,101
307,101
308,101
309,101
310,101
311,101
312,101
313,101
361,101
67,102
362,102
68,103
362,103
68,104
362,104
68,105
363,105
68,106
364,106
68,107
365,107
68,108
366,108
68,109
367,109
68,110
367,110
68,111
367,111
68,112
367,112
67,113
367,113
67,114
368,114
67,115
369,115
67,116
369,116
68,117
369,117
67,118
370,118
19,119
20,119
21,119
22,119
23,119
24,119
25,119
26,119
29,119
67,119
371,119
18,120
27,120
28,120
30,120
67,120
372,120
16,121
17,121
31,121
32,121
33,121
34,121
35,121
67,121
372,121
15,122
36,122
66,122
372,122
14,123
37,123
66,123
372,123
13,124
38,124
39,124
40,124
41,124
65,124
372,124
12,125
42,125
65,125
372,125
11,126
43,126
44,126
46,126
47,126
63,126
64,126
372,126
10,127
45,127
48,127
49,127
61,127
62,127
372,127
9,128
50,128
51,128
52,128
53,128
60,128
372,128
8,129
54,129
55,129
58,129
59,129
372,129
8,130
56,130
57,130
372,130
7,131
372,131
8,132
373,132
7,133
373,133
6,134
372,134
6,135
372,135
5,136
371,136
4,137
371,137
4,138
370,138
4,139
370,139
3,140
370,140
3,141
369,141
2,142
369,142
2,143
369,143
1,144
369,144
1,145
368,145
2,146
368,146
1,147
367,147
1,148
366,148
1,149
305,149
306,149
307,149
308,149
309,149
310,149
311,149
312,149
366,149
0,150
304,150
313,150
314,150
366,150
0,151
303,151
315,151
316,151
317,151
318,151
319,151
365,151
0,152
302,152
320,152
321,152
364,152
0,153
301,153
322,153
323,153
364,153
0,154
300,154
324,154
325,154
326,154
363,154
0,155
298,155
299,155
327,155
361,155
362,155
0,156
297,156
328,156
329,156
331,156
360,156
0,157
297,157
330,157
332,157
333,157
334,157
359,157
0,158
296,158
335,158
336,158
358,158
0,159
296,159
337,159
338,159
358,159
1,160
296,160
339,160
340,160
341,160
358,160
1,161
295,161
342,161
343,161
344,161
345,161
346,161
347,161
348,161
349,161
350,161
352,161
353,161
354,161
355,161
356,161
357,161
2,162
296,162
351,162
3,163
296,163
3,164
295,164
3,165
295,165
4,166
295,166
4,167
295,167
4,168
295,168
5,169
294,169
5,170
294,170
6,171
294,171
7,172
294,172
8,173
62,173
63,173
64,173
65,173
294,173
8,174
58,174
59,174
60,174
61,174
66,174
293,174
9,175
56,175
57,175
67,175
293,175
10,176
54,176
55,176
68,176
294,176
10,177
53,177
69,177
294,177
11,178
49,178
50,178
51,178
52,178
69,178
294,178
12,179
48,179
70,179
294,179
13,180
47,180
70,180
294,180
14,181
44,181
45,181
46,181
70,181
294,181
15,182
42,182
43,182
71,182
294,182
16,183
39,183
40,183
41,183
71,183
294,183
16,184
37,184
38,184
72,184
294,184
17,185
18,185
35,185
36,185
72,185
294,185
19,186
20,186
21,186
22,186
23,186
28,186
29,186
30,186
31,186
32,186
33,186
34,186
72,186
294,186
24,187
25,187
26,187
27,187
72,187
294,187
72,188
294,188
71,189
295,189
71,190
294,190
71,191
294,191
71,192
294,192
72,193
294,193
71,194
294,194
71,195
294,195
71,196
294,196
71,197
294,197
72,198
294,198
72,199
294,199
71,200
294,200
71,201
294,201
71,202
294,202
71,203
295,203
70,204
295,204
70,205
295,205
70,206
294,206
71,207
294,207
71,208
294,208
71,209
294,209
71,210
294,210
72,211
294,211
71,212
294,212
71,213
294,213
70,214
294,214
70,215
294,215
70,216
189,216
190,216
191,216
192,216
193,216
295,216
70,217
185,217
186,217
187,217
188,217
194,217
195,217
196,217
197,217
198,217
199,217
200,217
295,217
71,218
183,218
184,218
201,218
295,218
70,219
179,219
180,219
181,219
182,219
202,219
203,219
204,219
205,219
206,219
295,219
70,220
177,220
178,220
207,220
295,220
70,221
175,221
176,221
208,221
295,221
69,222
173,222
174,222
209,222
210,222
212,222
294,222
69,223
172,223
211,223
213,223
214,223
294,223
69,224
170,224
171,224
215,224
294,224
70,225
169,225
216,225
294,225
70,226
167,226
168,226
217,226
294,226
70,227
165,227
166,227
218,227
294,227
70,228
164,228
219,228
220,228
294,228
69,229
163,229
221,229
294,229
69,230
161,230
162,230
222,230
295,230
69,231
160,231
223,231
295,231
69,232
158,232
159,232
223,232
295,232
69,233
157,233
224,233
295,233
68,234
157,234
225,234
295,234
68,235
158,235
226,235
295,235
68,236
158,236
227,236
295,236
68,237
157,237
227,237
295,237
68,238
156,238
227,238
295,238
68,239
155,239
228,239
295,239
68,240
154,240
228,240
295,240
68,241
154,241
228,241
294,241
68,242
154,242
228,242
294,242
68,243
154,243
229,243
294,243
68,244
153,244
229,244
295,244
67,245
153,245
229,245
295,245
67,246
153,246
229,246
295,246
67,247
153,247
229,247
295,247
67,248
153,248
229,248
295,248
66,249
154,249
229,249
295,249
66,250
154,250
229,250
295,250
66,251
154,251
229,251
295,251
67,252
154,252
228,252
295,252
67,253
154,253
228,253
294,253
67,254
154,254
227,254
294,254
66,255
155,255
227,255
294,255
66,256
155,256
227,256
294,256
66,257
155,257
227,257
295,257
66,258
156,258
226,258
295,258
66,259
156,259
226,259
295,259
66,260
156,260
226,260
295,260
66,261
157,261
226,261
295,261
66,262
158,262
226,262
295,262
65,263
159,263
225,263
295,263
65,264
160,264
224,264
295,264
65,265
160,265
224,265
295,265
65,266
160,266
224,266
295,266
65,267
160,267
223,267
295,267
65,268
161,268
223,268
295,268
65,269
161,269
222,269
295,269
65,270
162,270
222,270
294,270
64,271
162,271
221,271
295,271
64,272
162,272
221,272
295,272
64,273
163,273
221,273
295,273
64,274
163,274
221,274
295,274
64,275
164,275
220,275
295,275
64,276
165,276
220,276
295,276
63,277
165,277
220,277
295,277
63,278
166,278
219,278
295,278
64,279
166,279
219,279
295,279
64,280
166,280
219,280
295,280
64,281
166,281
219,281
295,281
64,282
167,282
219,282
295,282
64,283
167,283
219,283
295,283
63,284
167,284
218,284
296,284
63,285
167,285
218,285
296,285
63,286
167,286
218,286
295,286
63,287
167,287
219,287
295,287
62,288
167,288
219,288
295,288
62,289
168,289
219,289
295,289
62,290
168,290
219,290
295,290
62,291
167,291
220,291
295,291
62,292
167,292
220,292
295,292
63,293
166,293
220,293
295,293
63,294
166,294
221,294
222,294
295,294
63,295
165,295
223,295
295,295
63,296
162,296
163,296
164,296
224,296
225,296
295,296
62,297
161,297
226,297
228,297
229,297
295,297
62,298
159,298
160,298
227,298
230,298
231,298
296,298
62,299
155,299
156,299
157,299
158,299
232,299
233,299
234,299
235,299
236,299
237,299
241,299
242,299
243,299
296,299
62,300
147,300
148,300
149,300
150,300
151,300
152,300
153,300
154,300
238,300
239,300
240,300
244,300
245,300
246,300
247,300
248,300
249,300
250,300
251,300
252,300
256,300
257,300
258,300
259,300
260,300
261,300
296,300
62,301
141,301
142,301
143,301
144,301
145,301
146,301
253,301
254,301
255,301
262,301
263,301
264,301
265,301
266,301
267,301
268,301
269,301
270,301
271,301
272,301
273,301
274,301
275,301
276,301
283,301
284,301
295,301
61,302
132,302
133,302
134,302
135,302
136,302
137,302
138,302
139,302
140,302
277,302
278,302
279,302
280,302
281,302
282,302
285,302
286,302
287,302
288,302
289,302
290,302
291,302
292,302
293,302
294,302
61,303
120,303
121,303
122,303
123,303
124,303
125,303
126,303
127,303
128,303
129,303
130,303
131,303
61,304
107,304
113,304
114,304
115,304
116,304
118,304
119,304
61,305
103,305
104,305
105,305
106,305
108,305
109,305
110,305
111,305
112,305
117,305
62,306
94,306
95,306
96,306
97,306
98,306
99,306
100,306
101,306
102,306
62,307
80,307
81,307
82,307
83,307
84,307
85,307
86,307
87,307
88,307
89,307
90,307
91,307
92,307
93,307
63,308
67,308
68,308
69,308
70,308
71,308
72,308
73,308
74,308
75,308
76,308
77,308
78,308
79,308
64,309
65,309
66,309