82,0
81,1
83,1
84,1
85,1
86,1
87,1
88,1
89,1
90,1
91,1
92,1
93,1
94,1
95,1
96,1
97,1
80,2
98,2
102,2
103,2
314,2
315,2
319,2
320,2
321,2
322,2
323,2
324,2
325,2
326,2
327,2
328,2
329,2
330,2
331,2
332,2
333,2
79,3
99,3
100,3
101,3
104,3
105,3
106,3
107,3
108,3
109,3
110,3
111,3
112,3
113,3
307,3
308,3
309,3
310,3
311,3
312,3
313,3
316,3
317,3
318,3
334,3
79,4
114,4
115,4
116,4
117,4
118,4
119,4
120,4
121,4
122,4
304,4
305,4
306,4
333,4
79,5
123,5
299,5
300,5
301,5
302,5
303,5
334,5
79,6
124,6
125,6
126,6
127,6
128,6
129,6
130,6
131,6
287,6
288,6
289,6
290,6
291,6
292,6
293,6
294,6
295,6
296,6
297,6
298,6
334,6
79,7
132,7
133,7
134,7
135,7
136,7
137,7
138,7
139,7
140,7
141,7
142,7
143,7
144,7
145,7
281,7
282,7
283,7
284,7
285,7
286,7
333,7
79,8
146,8
275,8
276,8
277,8
278,8
279,8
280,8
333,8
79,9
147,9
148,9
149,9
150,9
151,9
152,9
153,9
154,9
155,9
156,9
157,9
264,9
265,9
266,9
272,9
273,9
274,9
333,9
79,10
158,10
159,10
160,10
161,10
162,10
163,10
164,10
259,10
260,10
261,10
262,10
263,10
267,10
268,10
269,10
270,10
271,10
333,10
79,11
165,11
166,11
167,11
168,11
169,11
254,11
255,11
256,11
257,11
258,11
333,11
79,12
170,12
252,12
253,12
333,12
79,13
171,13
249,13
250,13
251,13
333,13
79,14
172,14
173,14
174,14
246,14
247,14
248,14
333,14
79,15
175,15
176,15
245,15
333,15
79,16
177,16
244,16
333,16
79,17
178,17
242,17
243,17
333,17
79,18
179,18
180,18
240,18
241,18
333,18
79,19
181,19
239,19
333,19
79,20
182,20
239,20
333,20
79,21
183,21
238,21
333,21
79,22
184,22
238,22
333,22
79,23
184,23
237,23
333,23
79,24
185,24
237,24
333,24
79,25
185,25
237,25
333,25
78,26
185,26
237,26
333,26
78,27
184,27
237,27
334,27
78,28
183,28
237,28
334,28
78,29
183,29
236,29
334,29
78,30
183,30
237,30
334,30
78,31
183,31
237,31
333,31
78,32
183,32
238,32
333,32
78,33
183,33
238,33
333,33
78,34
182,34
239,34
333,34
78,35
182,35
239,35
333,35
78,36
182,36
240,36
333,36
78,37
181,37
240,37
333,37
78,38
180,38
240,38
333,38
78,39
180,39
241,39
333,39
78,40
180,40
242,40
334,40
78,41
179,41
242,41
334,41
78,42
178,42
243,42
334,42
78,43
178,43
243,43
334,43
78,44
177,44
244,44
333,44
78,45
177,45
245,45
334,45
78,46
176,46
246,46
333,46
78,47
175,47
246,47
333,47
78,48
175,48
247,48
333,48
78,49
174,49
248,49
334,49
77,50
173,50
249,50
334,50
77,51
171,51
172,51
250,51
334,51
77,52
170,52
251,52
334,52
77,53
169,53
251,53
334,53
77,54
168,54
251,54
334,54
77,55
167,55
252,55
333,55
77,56
167,56
252,56
333,56
77,57
166,57
253,57
333,57
77,58
165,58
254,58
333,58
77,59
165,59
255,59
333,59
77,60
165,60
256,60
333,60
77,61
164,61
256,61
333,61
77,62
164,62
256,62
333,62
76,63
164,63
257,63
333,63
77,64
164,64
257,64
333,64
77,65
164,65
258,65
333,65
77,66
164,66
258,66
333,66
77,67
164,67
258,67
333,67
77,68
164,68
258,68
333,68
77,69
164,69
258,69
333,69
77,70
164,70
257,70
334,70
77,71
165,71
257,71
334,71
77,72
165,72
256,72
334,72
77,73
165,73
256,73
334,73
76,74
166,74
255,74
334,74
76,75
167,75
255,75
334,75
76,76
167,76
254,76
334,76
76,77
167,77
254,77
334,77
76,78
168,78
252,78
253,78
334,78
76,79
169,79
251,79
333,79
76,80
170,80
250,80
333,80
76,81
171,81
249,81
333,81
76,82
172,82
248,82
333,82
76,83
173,83
247,83
333,83
76,84
174,84
246,84
333,84
76,85
175,85
176,85
177,85
245,85
333,85
76,86
178,86
179,86
180,86
240,86
241,86
243,86
244,86
333,86
76,87
181,87
182,87
238,87
239,87
242,87
333,87
76,88
183,88
184,88
185,88
236,88
237,88
333,88
76,89
186,89
187,89
188,89
189,89
233,89
234,89
235,89
333,89
76,90
190,90
191,90
192,90
227,90
228,90
229,90
230,90
231,90
232,90
333,90
76,91
193,91
194,91
195,91
196,91
197,91
198,91
216,91
222,91
223,91
224,91
225,91
226,91
333,91
76,92
199,92
200,92
201,92
202,92
203,92
204,92
205,92
206,92
207,92
208,92
209,92
210,92
211,92
212,92
213,92
214,92
215,92
217,92
218,92
219,92
220,92
221,92
333,92
76,93
333,93
76,94
333,94
76,95
333,95
76,96
333,96
76,97
333,97
75,98
334,98
74,99
334,99
75,100
334,100
75,101
334,101
75,102
334,102
75,103
334,103
75,104
333,104
75,105
333,105
75,106
333,106
75,107
333,107
75,108
333,108
18,109
19,109
20,109
21,109
22,109
75,109
333,109
16,110
17,110
23,110
75,110
333,110
14,111
15,111
24,111
25,111
75,111
333,111
13,112
26,112
27,112
75,112
333,112
12,113
28,113
75,113
333,113
11,114
29,114
30,114
75,114
333,114
10,115
31,115
32,115
75,115
333,115
10,116
33,116
74,116
333,116
9,117
34,117
35,117
74,117
333,117
8,118
36,118
74,118
333,118
8,119
37,119
38,119
74,119
333,119
7,120
39,120
73,120
333,120
6,121
40,121
73,121
333,121
5,122
41,122
72,122
333,122
5,123
42,123
43,123
71,123
333,123
5,124
44,124
70,124
334,124
4,125
45,125
70,125
334,125
4,126
46,126
69,126
334,126
4,127
47,127
68,127
334,127
4,128
48,128
49,128
67,128
334,128
4,129
50,129
51,129
66,129
334,129
4,130
52,130
53,130
54,130
64,130
65,130
334,130
3,131
55,131
56,131
57,131
58,131
59,131
63,131
334,131
380,131
381,131
382,131
383,131
384,131
3,132
60,132
61,132
62,132
335,132
376,132
377,132
378,132
379,132
385,132
386,132
387,132
388,132
3,133
335,133
373,133
374,133
375,133
389,133
3,134
336,134
371,134
372,134
390,134
2,135
336,135
368,135
369,135
370,135
391,135
2,136
336,136
366,136
367,136
392,136
2,137
337,137
338,137
363,137
364,137
365,137
393,137
2,138
339,138
359,138
360,138
362,138
394,138
2,139
340,139
357,139
358,139
361,139
395,139
2,140
341,140
351,140
352,140
353,140
354,140
355,140
356,140
396,140
2,141
342,141
347,141
349,141
350,141
397,141
2,142
343,142
344,142
345,142
346,142
348,142
397,142
1,143
398,143
1,144
398,144
0,145
399,145
0,146
400,146
0,147
400,147
0,148
400,148
0,149
401,149
0,150
401,150
0,151
401,151
1,152
402,152
1,153
401,153
1,154
402,154
1,155
402,155
1,156
402,156
1,157
403,157
1,158
403,158
1,159
403,159
1,160
403,160
1,161
404,161
1,162
404,162
1,163
404,163
1,164
404,164
1,165
404,165
1,166
404,166
2,167
405,167
2,168
405,168
1,169
405,169
1,170
405,170
2,171
405,171
2,172
405,172
2,173
405,173
2,174
61,174
62,174
405,174
3,175
58,175
59,175
60,175
63,175
64,175
65,175
405,175
3,176
55,176
56,176
57,176
66,176
67,176
405,176
3,177
53,177
54,177
68,177
404,177
4,178
51,178
52,178
69,178
404,178
4,179
49,179
50,179
70,179
404,179
4,180
46,180
47,180
48,180
71,180
404,180
4,181
45,181
71,181
404,181
4,182
44,182
71,182
404,182
5,183
43,183
72,183
404,183
6,184
42,184
73,184
404,184
6,185
40,185
41,185
73,185
403,185
7,186
39,186
73,186
403,186
7,187
38,187
74,187
403,187
8,188
37,188
74,188
402,188
8,189
35,189
36,189
74,189
402,189
9,190
34,190
75,190
402,190
10,191
33,191
75,191
402,191
11,192
32,192
75,192
401,192
11,193
29,193
30,193
31,193
75,193
401,193
12,194
13,194
28,194
75,194
401,194
14,195
25,195
26,195
27,195
75,195
400,195
15,196
16,196
17,196
18,196
20,196
21,196
22,196
23,196
24,196
75,196
400,196
19,197
76,197
344,197
345,197
346,197
347,197
348,197
349,197
399,197
75,198
340,198
341,198
342,198
343,198
350,198
351,198
352,198
399,198
75,199
337,199
338,199
339,199
353,199
398,199
75,200
335,200
336,200
354,200
355,200
356,200
397,200
75,201
334,201
357,201
396,201
76,202
333,202
358,202
359,202
396,202
76,203
333,203
360,203
395,203
76,204
333,204
361,204
362,204
394,204
76,205
332,205
363,205
364,205
393,205
76,206
332,206
365,206
366,206
367,206
393,206
76,207
331,207
368,207
369,207
392,207
76,208
331,208
370,208
371,208
372,208
391,208
76,209
330,209
373,209
374,209
390,209
76,210
330,210
375,210
376,210
377,210
388,210
389,210
76,211
330,211
378,211
379,211
380,211
381,211
382,211
383,211
387,211
76,212
330,212
384,212
385,212
386,212
76,213
329,213
77,214
329,214
77,215
329,215
77,216
329,216
77,217
329,217
77,218
329,218
76,219
329,219
76,220
329,220
77,221
329,221
77,222
328,222
77,223
328,223
77,224
327,224
76,225
327,225
76,226
327,226
76,227
327,227
76,228
327,228
76,229
327,229
76,230
327,230
76,231
327,231
77,232
327,232
77,233
327,233
77,234
327,234
77,235
327,235
77,236
327,236
77,237
327,237
77,238
327,238
77,239
327,239
77,240
327,240
77,241
327,241
78,242
327,242
77,243
327,243
77,244
327,244
77,245
327,245
77,246
327,246
77,247
327,247
77,248
326,248
78,249
326,249
78,250
326,250
78,251
326,251
78,252
326,252
79,253
80,253
81,253
84,253
85,253
86,253
87,253
88,253
89,253
90,253
91,253
92,253
93,253
325,253
82,254
83,254
94,254
95,254
96,254
97,254
98,254
99,254
100,254
101,254
102,254
103,254
104,254
105,254
106,254
107,254
108,254
109,254
110,254
111,254
112,254
114,254
115,254
325,254
113,255
116,255
117,255
121,255
122,255
123,255
124,255
125,255
126,255
127,255
128,255
130,255
131,255
132,255
133,255
134,255
135,255
136,255
325,255
118,256
119,256
120,256
129,256
137,256
138,256
139,256
140,256
141,256
325,256
142,257
143,257
144,257
145,257
146,257
147,257
148,257
149,257
150,257
151,257
152,257
153,257
154,257
155,257
156,257
157,257
158,257
159,257
160,257
161,257
162,257
163,257
325,257
164,258
165,258
325,258
166,259
167,259
168,259
169,259
249,259
250,259
251,259
252,259
253,259
254,259
255,259
256,259
257,259
258,259
259,259
260,259
261,259
324,259
170,260
171,260
244,260
245,260
246,260
247,260
248,260
262,260
324,260
172,261
173,261
240,261
241,261
242,261
243,261
263,261
264,261
265,261
266,261
267,261
268,261
269,261
270,261
271,261
272,261
273,261
274,261
275,261
276,261
277,261
324,261
174,262
175,262
237,262
238,262
239,262
278,262
279,262
280,262
281,262
282,262
283,262
284,262
285,262
324,262
176,263
177,263
236,263
286,263
287,263
288,263
289,263
290,263
324,263
178,264
235,264
291,264
292,264
293,264
294,264
295,264
296,264
297,264
298,264
299,264
300,264
301,264
302,264
303,264
304,264
305,264
324,264
179,265
234,265
306,265
307,265
308,265
309,265
324,265
180,266
234,266
310,266
311,266
312,266
313,266
314,266
324,266
180,267
233,267
315,267
316,267
317,267
318,267
319,267
320,267
321,267
322,267
323,267
180,268
233,268
179,269
233,269
180,270
232,270
180,271
231,271
180,272
232,272
180,273
232,273
180,274
232,274
180,275
232,275
180,276
233,276
179,277
233,277
179,278
233,278
179,279
233,279
179,280
234,280
179,281
234,281
179,282
234,282
178,283
234,283
178,284
235,284
178,285
234,285
178,286
235,286
177,287
236,287
177,288
236,288
177,289
236,289
176,290
237,290
176,291
237,291
176,292
238,292
175,293
238,293
174,294
238,294
174,295
238,295
173,296
239,296
173,297
239,297
172,298
239,298
172,299
240,299
172,300
240,300
171,301
240,301
171,302
241,302
171,303
241,303
170,304
242,304
170,305
242,305
170,306
242,306
170,307
242,307
169,308
243,308
169,309
243,309
169,310
243,310
169,311
243,311
169,312
243,312
169,313
243,313
169,314
243,314
169,315
243,315
169,316
243,316
168,317
243,317
168,318
242,318
169,319
242,319
169,320
241,320
170,321
241,321
170,322
241,322
171,323
240,323
172,324
239,324
172,325
238,325
173,326
237,326
174,327
236,327
175,328
235,328
176,329
177,329
233,329
234,329
178,330
179,330
232,330
180,331
231,331
181,332
182,332
229,332
230,332
183,333
184,333
227,333
228,333
185,334
186,334
226,334
187,335
224,335
225,335
188,336
189,336
223,336
190,337
191,337
220,337
221,337
222,337
192,338
193,338
194,338
217,338
218,338
219,338
195,339
196,339
215,339
216,339
197,340
198,340
199,340
200,340
201,340
202,340
203,340
207,340
208,340
209,340
210,340
211,340
212,340
213,340
214,340
204,341
205,341
206,341