71,0
72,0
76,0
80,0
70,1
73,1
74,1
75,1
77,1
78,1
79,1
81,1
82,1
83,1
84,1
88,1
70,2
85,2
86,2
87,2
89,2
90,2
91,2
92,2
93,2
97,2
98,2
70,3
94,3
95,3
96,3
99,3
100,3
101,3
102,3
105,3
70,4
103,4
104,4
106,4
107,4
108,4
114,4
70,5
109,5
110,5
111,5
112,5
113,5
115,5
116,5
117,5
118,5
122,5
123,5
70,6
119,6
120,6
121,6
124,6
125,6
126,6
127,6
128,6
131,6
132,6
133,6
70,7
129,7
130,7
134,7
135,7
136,7
137,7
139,7
140,7
70,8
138,8
141,8
142,8
143,8
336,8
71,9
144,9
145,9
148,9
149,9
150,9
156,9
157,9
316,9
317,9
318,9
319,9
324,9
325,9
326,9
327,9
328,9
329,9
330,9
333,9
334,9
335,9
337,9
71,10
146,10
147,10
151,10
152,10
153,10
154,10
155,10
158,10
159,10
160,10
161,10
165,10
299,10
300,10
301,10
302,10
303,10
304,10
306,10
308,10
309,10
310,10
311,10
312,10
313,10
314,10
315,10
320,10
321,10
322,10
323,10
331,10
332,10
337,10
71,11
162,11
163,11
164,11
166,11
167,11
274,11
275,11
282,11
283,11
284,11
285,11
286,11
287,11
291,11
292,11
293,11
294,11
295,11
296,11
297,11
298,11
305,11
307,11
337,11
71,12
168,12
169,12
170,12
171,12
172,12
173,12
174,12
175,12
266,12
267,12
268,12
269,12
270,12
271,12
272,12
273,12
276,12
277,12
278,12
279,12
280,12
281,12
288,12
289,12
290,12
337,12
71,13
176,13
259,13
260,13
261,13
262,13
263,13
264,13
265,13
338,13
71,14
177,14
178,14
257,14
258,14
337,14
71,15
179,15
256,15
337,15
71,16
180,16
254,16
255,16
336,16
71,17
181,17
182,17
252,17
253,17
336,17
72,18
183,18
184,18
250,18
251,18
336,18
72,19
185,19
186,19
249,19
336,19
72,20
187,20
249,20
336,20
72,21
187,21
248,21
336,21
73,22
188,22
247,22
336,22
73,23
189,23
246,23
335,23
73,24
190,24
246,24
335,24
73,25
189,25
246,25
335,25
74,26
189,26
246,26
335,26
74,27
190,27
246,27
335,27
74,28
190,28
246,28
335,28
74,29
190,29
246,29
335,29
74,30
190,30
246,30
334,30
74,31
190,31
246,31
334,31
74,32
189,32
247,32
334,32
74,33
189,33
247,33
333,33
75,34
188,34
247,34
333,34
75,35
187,35
247,35
333,35
75,36
188,36
247,36
334,36
75,37
187,37
247,37
334,37
75,38
186,38
247,38
334,38
75,39
186,39
247,39
334,39
74,40
185,40
248,40
333,40
74,41
185,41
249,41
333,41
75,42
184,42
249,42
333,42
76,43
183,43
250,43
333,43
76,44
182,44
250,44
333,44
76,45
182,45
250,45
333,45
76,46
181,46
251,46
333,46
76,47
180,47
252,47
333,47
75,48
178,48
179,48
252,48
332,48
75,49
177,49
253,49
332,49
75,50
175,50
176,50
254,50
331,50
76,51
174,51
254,51
331,51
76,52
174,52
255,52
331,52
76,53
174,53
255,53
331,53
76,54
173,54
256,54
331,54
76,55
173,55
256,55
331,55
76,56
171,56
172,56
257,56
258,56
331,56
76,57
170,57
259,57
331,57
76,58
169,58
259,58
330,58
77,59
170,59
260,59
330,59
77,60
169,60
261,60
330,60
77,61
169,61
261,61
331,61
77,62
169,62
261,62
330,62
77,63
169,63
262,63
330,63
77,64
169,64
262,64
330,64
77,65
169,65
263,65
329,65
77,66
169,66
263,66
329,66
77,67
169,67
263,67
329,67
78,68
169,68
263,68
329,68
78,69
169,69
263,69
328,69
25,70
26,70
28,70
77,70
169,70
263,70
329,70
21,71
22,71
23,71
24,71
27,71
29,71
30,71
77,71
170,71
263,71
328,71
18,72
19,72
20,72
31,72
77,72
171,72
263,72
328,72
17,73
32,73
34,73
76,73
171,73
264,73
328,73
17,74
33,74
35,74
36,74
76,74
171,74
264,74
328,74
15,75
16,75
37,75
75,75
172,75
173,75
263,75
328,75
13,76
14,76
38,76
76,76
174,76
262,76
328,76
11,77
12,77
39,77
75,77
175,77
261,77
327,77
10,78
40,78
41,78
42,78
75,78
175,78
261,78
328,78
9,79
43,79
44,79
75,79
176,79
177,79
260,79
328,79
10,80
45,80
75,80
178,80
179,80
259,80
327,80
9,81
46,81
74,81
180,81
258,81
327,81
9,82
47,82
48,82
73,82
180,82
257,82
327,82
8,83
49,83
51,83
72,83
181,83
255,83
256,83
327,83
7,84
50,84
52,84
53,84
71,84
181,84
254,84
326,84
6,85
54,85
55,85
70,85
182,85
183,85
253,85
326,85
5,86
56,86
57,86
60,86
68,86
69,86
184,86
186,86
187,86
250,86
251,86
252,86
327,86
4,87
58,87
59,87
61,87
62,87
63,87
64,87
65,87
66,87
67,87
185,87
188,87
249,87
327,87
4,88
189,88
190,88
245,88
246,88
247,88
248,88
326,88
5,89
191,89
192,89
194,89
195,89
242,89
243,89
244,89
326,89
4,90
193,90
196,90
197,90
198,90
200,90
239,90
240,90
241,90
326,90
4,91
199,91
201,91
202,91
203,91
204,91
205,91
211,91
228,91
229,91
237,91
238,91
326,91
371,91
372,91
373,91
3,92
206,92
207,92
208,92
209,92
210,92
212,92
213,92
214,92
215,92
216,92
217,92
220,92
221,92
222,92
223,92
224,92
225,92
226,92
227,92
230,92
231,92
232,92
233,92
234,92
235,92
236,92
326,92
369,92
370,92
374,92
375,92
376,92
377,92
378,92
3,93
218,93
219,93
326,93
365,93
366,93
367,93
368,93
379,93
380,93
3,94
326,94
364,94
381,94
2,95
327,95
363,95
381,95
2,96
328,96
362,96
382,96
3,97
328,97
359,97
360,97
361,97
383,97
3,98
328,98
357,98
358,98
384,98
2,99
329,99
355,99
356,99
385,99
2,100
329,100
354,100
386,100
2,101
329,101
352,101
353,101
387,101
1,102
330,102
351,102
387,102
1,103
331,103
332,103
333,103
349,103
350,103
388,103
1,104
334,104
348,104
388,104
1,105
334,105
339,105
340,105
341,105
342,105
347,105
389,105
1,106
335,106
336,106
337,106
338,106
343,106
344,106
345,106
346,106
389,106
1,107
389,107
1,108
390,108
1,109
390,109
0,110
391,110
0,111
391,111
0,112
391,112
0,113
392,113
1,114
392,114
0,115
392,115
0,116
393,116
0,117
393,117
0,118
393,118
0,119
393,119
0,120
393,120
0,121
393,121
0,122
393,122
1,123
393,123
1,124
393,124
1,125
394,125
1,126
394,126
1,127
394,127
1,128
393,128
1,129
393,129
1,130
393,130
2,131
393,131
2,132
393,132
2,133
393,133
2,134
393,134
2,135
392,135
2,136
392,136
2,137
391,137
2,138
391,138
2,139
391,139
3,140
390,140
3,141
390,141
3,142
390,142
4,143
390,143
4,144
63,144
64,144
341,144
390,144
4,145
55,145
56,145
57,145
58,145
59,145
60,145
61,145
62,145
65,145
66,145
337,145
338,145
339,145
340,145
342,145
343,145
344,145
389,145
4,146
53,146
54,146
67,146
334,146
335,146
336,146
345,146
388,146
5,147
51,147
52,147
68,147
333,147
346,147
388,147
6,148
48,148
49,148
50,148
69,148
332,148
347,148
348,148
350,148
387,148
6,149
47,149
70,149
332,149
349,149
351,149
386,149
7,150
45,150
46,150
71,150
331,150
352,150
353,150
386,150
7,151
43,151
44,151
72,151
330,151
354,151
355,151
386,151
7,152
41,152
42,152
73,152
329,152
356,152
358,152
384,152
385,152
8,153
40,153
74,153
328,153
357,153
359,153
383,153
8,154
38,154
39,154
74,154
329,154
360,154
361,154
383,154
9,155
10,155
37,155
74,155
328,155
362,155
363,155
382,155
11,156
37,156
74,156
328,156
364,156
380,156
381,156
12,157
36,157
74,157
327,157
365,157
366,157
367,157
368,157
369,157
375,157
376,157
377,157
378,157
379,157
13,158
14,158
31,158
32,158
33,158
34,158
35,158
75,158
327,158
370,158
371,158
372,158
373,158
374,158
15,159
30,159
75,159
326,159
16,160
29,160
76,160
326,160
17,161
18,161
27,161
28,161
76,161
326,161
19,162
22,162
23,162
24,162
25,162
26,162
76,162
326,162
20,163
21,163
76,163
326,163
76,164
326,164
75,165
325,165
75,166
325,166
75,167
325,167
75,168
325,168
76,169
325,169
76,170
325,170
76,171
325,171
75,172
325,172
75,173
325,173
75,174
325,174
75,175
325,175
75,176
325,176
75,177
324,177
75,178
324,178
75,179
325,179
75,180
325,180
74,181
325,181
74,182
325,182
74,183
325,183
74,184
325,184
74,185
325,185
74,186
325,186
74,187
325,187
74,188
326,188
74,189
326,189
74,190
326,190
73,191
326,191
73,192
326,192
73,193
326,193
74,194
326,194
73,195
326,195
73,196
326,196
73,197
326,197
72,198
326,198
72,199
326,199
72,200
326,200
72,201
326,201
72,202
326,202
73,203
326,203
73,204
327,204
73,205
327,205
72,206
327,206
72,207
327,207
71,208
327,208
71,209
327,209
71,210
327,210
72,211
327,211
72,212
327,212
71,213
328,213
71,214
328,214
71,215
327,215
71,216
327,216
71,217
327,217
70,218
327,218
70,219
327,219
71,220
327,220
71,221
328,221
71,222
328,222
71,223
328,223
70,224
328,224
70,225
328,225
70,226
328,226
70,227
328,227
71,228
327,228
70,229
327,229
70,230
328,230
70,231
329,231
70,232
329,232
69,233
328,233
69,234
328,234
69,235
328,235
69,236
328,236
69,237
119,237
120,237
121,237
128,237
129,237
130,237
131,237
136,237
137,237
138,237
139,237
144,237
145,237
146,237
153,237
154,237
328,237
70,238
71,238
72,238
73,238
77,238
78,238
79,238
80,238
81,238
86,238
87,238
94,238
95,238
96,238
97,238
102,238
103,238
104,238
105,238
106,238
107,238
108,238
109,238
111,238
112,238
113,238
114,238
115,238
116,238
117,238
118,238
122,238
123,238
124,238
125,238
126,238
127,238
132,238
133,238
134,238
135,238
140,238
141,238
142,238
143,238
147,238
148,238
149,238
150,238
151,238
152,238
155,238
156,238
329,238
74,239
75,239
76,239
82,239
83,239
84,239
85,239
88,239
89,239
90,239
91,239
92,239
93,239
98,239
99,239
100,239
101,239
110,239
157,239
158,239
159,239
161,239
162,239
254,239
255,239
256,239
257,239
258,239
262,239
263,239
329,239
160,240
163,240
251,240
252,240
253,240
259,240
260,240
261,240
264,240
265,240
266,240
267,240
268,240
269,240
270,240
271,240
329,240
164,241
246,241
247,241
248,241
249,241
250,241
272,241
273,241
274,241
275,241
276,241
277,241
279,241
280,241
329,241
165,242
166,242
245,242
278,242
281,242
282,242
283,242
284,242
285,242
288,242
289,242
290,242
291,242
329,242
167,243
168,243
245,243
286,243
287,243
292,243
293,243
294,243
296,243
297,243
329,243
169,244
243,244
244,244
295,244
298,244
299,244
300,244
301,244
305,244
328,244
170,245
241,245
242,245
302,245
303,245
304,245
306,245
307,245
328,245
171,246
240,246
308,246
309,246
310,246
311,246
313,246
314,246
315,246
316,246
322,246
329,246
172,247
239,247
312,247
317,247
318,247
319,247
320,247
321,247
323,247
324,247
325,247
326,247
327,247
328,247
330,247
173,248
238,248
329,248
174,249
238,249
174,250
237,250
174,251
237,251
174,252
237,252
174,253
237,253
174,254
237,254
174,255
237,255
175,256
237,256
175,257
237,257
174,258
237,258
174,259
237,259
174,260
238,260
173,261
239,261
173,262
239,262
172,263
239,263
172,264
240,264
171,265
240,265
171,266
240,266
170,267
241,267
170,268
242,268
169,269
243,269
167,270
168,270
243,270
166,271
244,271
166,272
244,272
166,273
245,273
165,274
245,274
164,275
245,275
164,276
246,276
163,277
247,277
162,278
248,278
161,279
249,279
160,280
249,280
160,281
250,281
160,282
250,282
159,283
250,283
159,284
250,284
159,285
251,285
159,286
252,286
159,287
252,287
159,288
252,288
159,289
252,289
160,290
252,290
160,291
252,291
161,292
251,292
161,293
251,293
162,294
251,294
163,295
250,295
163,296
249,296
164,297
165,297
248,297
166,298
248,298
167,299
246,299
247,299
168,300
245,300
169,301
244,301
170,302
243,302
171,303
174,303
241,303
242,303
172,304
173,304
175,304
240,304
176,305
177,305
178,305
179,305
236,305
237,305
238,305
239,305
180,306
182,306
183,306
184,306
233,306
234,306
235,306
181,307
185,307
186,307
187,307
191,307
228,307
229,307
230,307
231,307
232,307
188,308
189,308
190,308
192,308
193,308
199,308
216,308
217,308
218,308
219,308
224,308
225,308
226,308
227,308
194,309
195,309
196,309
197,309
198,309
200,309
201,309
202,309
203,309
204,309
205,309
206,309
208,309
209,309
210,309
211,309
212,309
213,309
214,309
215,309
220,309
221,309
222,309
223,309
207,310