250,0
251,0
252,0
253,0
258,0
259,0
260,0
261,0
266,0
267,0
268,0
274,0
282,0
247,1
248,1
249,1
254,1
255,1
256,1
257,1
262,1
263,1
264,1
265,1
269,1
270,1
271,1
272,1
273,1
275,1
276,1
277,1
278,1
279,1
280,1
281,1
283,1
284,1
285,1
286,1
287,1
290,1
291,1
292,1
293,1
294,1
295,1
296,1
297,1
299,1
300,1
301,1
307,1
308,1
315,1
316,1
323,1
324,1
331,1
242,2
243,2
244,2
245,2
246,2
288,2
289,2
298,2
302,2
303,2
304,2
305,2
306,2
309,2
310,2
311,2
312,2
313,2
314,2
317,2
318,2
319,2
320,2
321,2
322,2
325,2
326,2
327,2
328,2
329,2
330,2
332,2
333,2
334,2
335,2
336,2
337,2
339,2
340,2
341,2
342,2
343,2
344,2
348,2
349,2
350,2
351,2
356,2
357,2
358,2
359,2
360,2
160,3
161,3
162,3
163,3
164,3
165,3
166,3
167,3
168,3
169,3
170,3
171,3
241,3
338,3
345,3
346,3
347,3
352,3
353,3
354,3
355,3
361,3
152,4
153,4
154,4
155,4
156,4
157,4
158,4
159,4
172,4
173,4
174,4
176,4
177,4
239,4
240,4
362,4
144,5
145,5
146,5
147,5
148,5
149,5
150,5
151,5
175,5
178,5
238,5
363,5
136,6
137,6
138,6
139,6
140,6
141,6
142,6
143,6
179,6
237,6
364,6
128,7
129,7
130,7
131,7
132,7
133,7
134,7
135,7
180,7
236,7
364,7
119,8
120,8
121,8
122,8
123,8
124,8
125,8
126,8
127,8
181,8
236,8
364,8
111,9
112,9
113,9
114,9
115,9
116,9
117,9
118,9
182,9
236,9
363,9
95,10
96,10
97,10
98,10
99,10
100,10
101,10
103,10
104,10
105,10
106,10
107,10
108,10
109,10
110,10
183,10
235,10
363,10
88,11
89,11
90,11
91,11
92,11
93,11
94,11
102,11
183,11
234,11
363,11
87,12
183,12
235,12
363,12
86,13
183,13
235,13
363,13
85,14
183,14
236,14
364,14
86,15
183,15
236,15
364,15
86,16
183,16
236,16
363,16
85,17
184,17
236,17
363,17
85,18
184,18
236,18
363,18
85,19
184,19
236,19
363,19
85,20
184,20
236,20
363,20
85,21
184,21
237,21
362,21
85,22
183,22
238,22
362,22
86,23
183,23
238,23
363,23
86,24
182,24
238,24
363,24
85,25
182,25
239,25
363,25
85,26
182,26
239,26
362,26
85,27
181,27
240,27
362,27
85,28
181,28
240,28
362,28
85,29
180,29
241,29
362,29
85,30
179,30
242,30
361,30
86,31
178,31
243,31
362,31
86,32
177,32
244,32
362,32
86,33
177,33
245,33
362,33
86,34
177,34
245,34
362,34
85,35
177,35
246,35
361,35
86,36
176,36
246,36
361,36
86,37
175,37
247,37
361,37
85,38
174,38
248,38
361,38
85,39
173,39
249,39
362,39
86,40
172,40
250,40
361,40
86,41
171,41
250,41
361,41
85,42
171,42
250,42
361,42
85,43
171,43
251,43
360,43
85,44
170,44
252,44
360,44
86,45
170,45
253,45
360,45
86,46
169,46
254,46
360,46
85,47
169,47
255,47
360,47
86,48
168,48
256,48
360,48
86,49
167,49
256,49
360,49
86,50
167,50
256,50
360,50
86,51
168,51
256,51
360,51
86,52
167,52
257,52
360,52
86,53
167,53
257,53
359,53
85,54
167,54
258,54
359,54
85,55
167,55
257,55
360,55
86,56
167,56
257,56
360,56
86,57
167,57
256,57
360,57
86,58
167,58
256,58
359,58
86,59
168,59
169,59
256,59
359,59
86,60
170,60
255,60
359,60
86,61
170,61
254,61
359,61
86,62
170,62
254,62
358,62
86,63
171,63
253,63
358,63
86,64
172,64
253,64
359,64
86,65
173,65
252,65
359,65
86,66
174,66
250,66
251,66
359,66
86,67
175,67
176,67
177,67
248,67
249,67
358,67
86,68
178,68
247,68
358,68
86,69
179,69
180,69
181,69
246,69
358,69
86,70
182,70
241,70
242,70
243,70
244,70
245,70
358,70
86,71
183,71
184,71
239,71
240,71
357,71
87,72
185,72
186,72
187,72
238,72
358,72
87,73
188,73
189,73
190,73
191,73
233,73
234,73
235,73
236,73
237,73
358,73
87,74
192,74
193,74
195,74
196,74
197,74
198,74
199,74
221,74
230,74
231,74
232,74
358,74
87,75
194,75
200,75
201,75
202,75
203,75
205,75
206,75
207,75
208,75
209,75
213,75
214,75
215,75
216,75
217,75
218,75
219,75
220,75
222,75
223,75
224,75
225,75
226,75
227,75
228,75
229,75
358,75
87,76
204,76
210,76
211,76
212,76
358,76
87,77
358,77
87,78
358,78
87,79
358,79
87,80
359,80
87,81
359,81
87,82
359,82
87,83
359,83
402,83
403,83
404,83
405,83
406,83
410,83
411,83
86,84
359,84
399,84
400,84
401,84
407,84
408,84
409,84
412,84
413,84
86,85
360,85
397,85
398,85
414,85
415,85
416,85
418,85
419,85
86,86
360,86
395,86
396,86
417,86
420,86
421,86
86,87
360,87
394,87
422,87
87,88
361,88
393,88
422,88
87,89
362,89
390,89
391,89
392,89
423,89
424,89
425,89
87,90
362,90
387,90
388,90
389,90
426,90
87,91
362,91
386,91
427,91
87,92
363,92
384,92
385,92
428,92
429,92
87,93
364,93
382,93
383,93
430,93
87,94
365,94
379,94
380,94
381,94
430,94
87,95
366,95
378,95
431,95
87,96
367,96
370,96
371,96
375,96
376,96
377,96
432,96
88,97
368,97
369,97
372,97
373,97
374,97
432,97
88,98
432,98
87,99
433,99
87,100
434,100
87,101
435,101
87,102
435,102
87,103
435,103
87,104
436,104
88,105
437,105
88,106
437,106
87,107
437,107
87,108
438,108
87,109
438,109
87,110
439,110
87,111
439,111
87,112
439,112
88,113
439,113
88,114
439,114
88,115
439,115
87,116
440,116
87,117
440,117
87,118
440,118
28,119
86,119
440,119
20,120
21,120
22,120
23,120
24,120
25,120
26,120
27,120
29,120
30,120
31,120
32,120
33,120
34,120
37,120
38,120
86,120
440,120
17,121
18,121
19,121
35,121
36,121
39,121
40,121
41,121
42,121
45,121
87,121
440,121
15,122
16,122
43,122
44,122
46,122
86,122
440,122
13,123
14,123
47,123
48,123
49,123
86,123
440,123
12,124
50,124
86,124
441,124
11,125
51,125
52,125
53,125
54,125
86,125
440,125
11,126
55,126
85,126
440,126
11,127
56,127
85,127
440,127
10,128
57,128
58,128
84,128
439,128
9,129
59,129
60,129
85,129
439,129
8,130
61,130
62,130
63,130
84,130
439,130
7,131
64,131
84,131
438,131
6,132
65,132
66,132
67,132
82,132
83,132
439,132
5,133
68,133
69,133
70,133
71,133
80,133
81,133
439,133
6,134
72,134
73,134
79,134
438,134
5,135
74,135
75,135
78,135
437,135
5,136
76,136
77,136
437,136
5,137
436,137
4,138
436,138
3,139
365,139
366,139
367,139
368,139
372,139
435,139
3,140
364,140
369,140
370,140
371,140
373,140
374,140
436,140
2,141
363,141
375,141
435,141
2,142
362,142
376,142
377,142
378,142
434,142
3,143
361,143
379,143
380,143
381,143
382,143
383,143
433,143
2,144
360,144
384,144
432,144
1,145
360,145
385,145
431,145
1,146
359,146
386,146
387,146
430,146
1,147
359,147
388,147
389,147
390,147
429,147
1,148
359,148
391,148
428,148
0,149
358,149
392,149
427,149
0,150
357,150
393,150
394,150
395,150
426,150
1,151
357,151
396,151
397,151
398,151
425,151
1,152
356,152
399,152
400,152
423,152
424,152
1,153
357,153
401,153
402,153
422,153
1,154
357,154
403,154
404,154
406,154
407,154
408,154
421,154
1,155
357,155
405,155
409,155
410,155
414,155
415,155
416,155
417,155
418,155
419,155
420,155
1,156
357,156
411,156
412,156
413,156
0,157
356,157
1,158
356,158
2,159
356,159
2,160
355,160
2,161
355,161
2,162
356,162
2,163
356,163
3,164
356,164
3,165
356,165
4,166
356,166
5,167
355,167
5,168
219,168
223,168
227,168
355,168
4,169
203,169
204,169
205,169
206,169
207,169
208,169
211,169
212,169
213,169
214,169
215,169
216,169
217,169
218,169
220,169
221,169
222,169
224,169
225,169
226,169
228,169
229,169
230,169
231,169
232,169
355,169
5,170
195,170
196,170
197,170
198,170
199,170
200,170
201,170
202,170
209,170
210,170
233,170
236,170
237,170
238,170
239,170
240,170
244,170
356,170
6,171
190,171
191,171
192,171
193,171
194,171
234,171
235,171
241,171
242,171
243,171
245,171
246,171
356,171
6,172
187,172
188,172
189,172
247,172
248,172
355,172
7,173
186,173
249,173
250,173
252,173
355,173
8,174
181,174
182,174
183,174
184,174
185,174
251,174
253,174
355,174
9,175
179,175
180,175
254,175
255,175
355,175
10,176
178,176
256,176
355,176
10,177
178,177
256,177
355,177
10,178
176,178
177,178
257,178
356,178
11,179
69,179
70,179
71,179
73,179
74,179
75,179
76,179
77,179
175,179
258,179
259,179
260,179
261,179
355,179
12,180
66,180
67,180
68,180
72,180
78,180
174,180
262,180
355,180
11,181
65,181
79,181
174,181
261,181
355,181
12,182
13,182
60,182
61,182
62,182
63,182
64,182
80,182
81,182
173,182
261,182
355,182
14,183
57,183
58,183
59,183
82,183
172,183
262,183
263,183
264,183
355,183
15,184
56,184
82,184
171,184
265,184
355,184
16,185
17,185
55,185
83,185
170,185
265,185
355,185
18,186
52,186
53,186
54,186
83,186
170,186
264,186
356,186
18,187
50,187
51,187
84,187
170,187
264,187
356,187
19,188
20,188
49,188
85,188
170,188
264,188
356,188
21,189
22,189
23,189
48,189
85,189
170,189
264,189
355,189
24,190
25,190
45,190
46,190
47,190
85,190
170,190
264,190
355,190
26,191
27,191
28,191
43,191
44,191
86,191
169,191
265,191
266,191
355,191
29,192
30,192
33,192
41,192
42,192
86,192
169,192
267,192
355,192
31,193
32,193
34,193
35,193
36,193
37,193
38,193
39,193
40,193
86,193
169,193
267,193
355,193
85,194
169,194
267,194
356,194
86,195
169,195
266,195
356,195
86,196
170,196
265,196
356,196
86,197
171,197
264,197
356,197
86,198
171,198
264,198
356,198
86,199
172,199
264,199
356,199
86,200
172,200
265,200
355,200
86,201
172,201
265,201
355,201
86,202
173,202
264,202
356,202
87,203
174,203
264,203
356,203
86,204
174,204
263,204
356,204
85,205
175,205
263,205
356,205
85,206
176,206
262,206
356,206
85,207
176,207
262,207
355,207
86,208
176,208
262,208
355,208
85,209
177,209
261,209
355,209
85,210
178,210
260,210
355,210
86,211
178,211
259,211
356,211
86,212
178,212
257,212
258,212
356,212
86,213
179,213
256,213
356,213
86,214
180,214
256,214
355,214
85,215
181,215
255,215
355,215
85,216
181,216
255,216
355,216
85,217
182,217
255,217
355,217
86,218
182,218
254,218
355,218
87,219
182,219
254,219
356,219
86,220
182,220
253,220
356,220
85,221
183,221
253,221
356,221
85,222
184,222
253,222
355,222
85,223
184,223
252,223
355,223
85,224
184,224
251,224
355,224
85,225
184,225
252,225
355,225
85,226
184,226
252,226
355,226
86,227
184,227
251,227
356,227
86,228
183,228
251,228
355,228
85,229
184,229
251,229
355,229
85,230
184,230
250,230
355,230
84,231
184,231
250,231
355,231
84,232
184,232
250,232
355,232
84,233
183,233
251,233
354,233
84,234
183,234
251,234
354,234
85,235
182,235
251,235
355,235
85,236
182,236
252,236
355,236
84,237
182,237
253,237
355,237
84,238
180,238
181,238
253,238
356,238
84,239
179,239
254,239
355,239
83,240
179,240
255,240
256,240
257,240
258,240
354,240
83,241
178,241
259,241
353,241
83,242
175,242
176,242
177,242
260,242
264,242
346,242
348,242
349,242
353,242
83,243
174,243
261,243
262,243
263,243
265,243
297,243
298,243
299,243
300,243
301,243
305,243
306,243
307,243
308,243
309,243
310,243
314,243
315,243
316,243
317,243
318,243
319,243
320,243
322,243
323,243
324,243
325,243
326,243
330,243
331,243
332,243
333,243
334,243
335,243
336,243
337,243
338,243
339,243
340,243
341,243
342,243
343,243
344,243
345,243
347,243
350,243
351,243
352,243
84,244
173,244
266,244
267,244
268,244
269,244
273,244
274,244
275,244
276,244
277,244
278,244
281,244
282,244
283,244
284,244
285,244
286,244
289,244
290,244
291,244
292,244
293,244
294,244
295,244
296,244
302,244
303,244
304,244
311,244
312,244
313,244
321,244
327,244
328,244
329,244
84,245
172,245
270,245
271,245
272,245
279,245
280,245
287,245
288,245
84,246
167,246
168,246
169,246
170,246
171,246
83,247
165,247
166,247
83,248
151,248
152,248
159,248
160,248
161,248
162,248
163,248
164,248
83,249
126,249
127,249
128,249
134,249
135,249
136,249
137,249
138,249
143,249
144,249
145,249
146,249
147,249
148,249
149,249
150,249
153,249
154,249
155,249
156,249
157,249
158,249
83,250
118,250
119,250
120,250
121,250
122,250
123,250
124,250
125,250
129,250
130,250
131,250
132,250
133,250
139,250
140,250
141,250
142,250
83,251
102,251
105,251
110,251
111,251
112,251
113,251
114,251
115,251
116,251
117,251
84,252
86,252
87,252
88,252
89,252
90,252
94,252
95,252
96,252
97,252
98,252
99,252
100,252
101,252
103,252
104,252
106,252
107,252
108,252
109,252
85,253
91,253
92,253
93,253