3,0
3,1
3,2
3,3
3,4
3,5
3,6
3,7
3,8
4,9
4,10
4,11
3,12
3,13
3,14
3,15
3,16
4,17
4,18
4,19
4,20
3,21
3,22
3,23
3,24
4,25
4,26
4,27
4,28
4,29
4,30
4,31
4,32
5,33
5,34
4,35
4,36
4,37
4,38
4,39
4,40
5,41
5,42
5,43
5,44
5,45
5,46
4,47
4,48
5,49
5,50
5,51
5,52
5,53
5,54
5,55
4,56
5,57
5,58
5,59
5,60
5,61
5,62
5,63
6,64
6,65
6,66
6,67
6,68
6,69
6,70
5,71
6,72
6,73
6,74
6,75
6,76
6,77
6,78
6,79
6,80
6,81
6,82
6,83
6,84
6,85
6,86
63,86
64,86
7,87
53,87
54,87
55,87
56,87
57,87
58,87
59,87
61,87
62,87
65,87
66,87
8,88
52,88
60,88
67,88
7,89
50,89
51,89
68,89
7,90
49,90
69,90
70,90
71,90
8,91
46,91
47,91
48,91
72,91
73,91
8,92
45,92
74,92
8,93
45,93
74,93
8,94
44,94
74,94
8,95
43,95
75,95
9,96
41,96
42,96
76,96
10,97
40,97
77,97
10,98
38,98
39,98
78,98
10,99
37,99
79,99
10,100
36,100
79,100
11,101
35,101
79,101
11,102
31,102
33,102
34,102
79,102
12,103
13,103
30,103
32,103
79,103
14,104
26,104
27,104
28,104
29,104
80,104
15,105
16,105
23,105
24,105
25,105
80,105
17,106
18,106
19,106
20,106
21,106
22,106
81,106
82,107
82,108
82,109
82,110
82,111
82,112
82,113
82,114
83,115
83,116
84,117
84,118
84,119
84,120
84,121
83,122
84,123
84,124
84,125
84,126
84,127
84,128
84,129
85,130
85,131
85,132
84,133
84,134
84,135
84,136
84,137
84,138
85,139
85,140
85,141
84,142
84,143
84,144
84,145
84,146
84,147
84,148
83,149
83,150
83,151
83,152
82,153
82,154
83,155
83,156
82,157
82,158
82,159
82,160
19,161
20,161
82,161
18,162
21,162
22,162
23,162
26,162
27,162
81,162
15,163
16,163
17,163
24,163
25,163
28,163
29,163
30,163
81,163
14,164
31,164
34,164
81,164
12,165
13,165
32,165
33,165
35,165
80,165
11,166
36,166
37,166
79,166
11,167
38,167
79,167
11,168
39,168
40,168
78,168
10,169
41,169
78,169
10,170
42,170
43,170
78,170
10,171
44,171
78,171
9,172
45,172
76,172
77,172
9,173
46,173
75,173
9,174
47,174
48,174
75,174
9,175
49,175
74,175
8,176
50,176
73,176
8,177
51,177
52,177
72,177
7,178
53,178
71,178
7,179
54,179
70,179
7,180
55,180
56,180
57,180
69,180
7,181
58,181
59,181
60,181
67,181
68,181
6,182
61,182
62,182
63,182
64,182
65,182
66,182
7,183
7,184
7,185
7,186
6,187
6,188
6,189
6,190
6,191
6,192
6,193
6,194
6,195
6,196
5,197
6,198
7,199
6,200
7,201
6,202
5,203
5,204
5,205
5,206
6,207
6,208
6,209
6,210
5,211
5,212
5,213
5,214
5,215
5,216
5,217
5,218
5,219
5,220
4,221
4,222
5,223
5,224
5,225
4,226
4,227
4,228
4,229
4,230
5,231
5,232
4,233
4,234
4,235
4,236
3,237
3,238
4,239
4,240
4,241
4,242
3,243
3,244
3,245
3,246
4,247
3,248
3,249
3,250
3,251
3,252
3,253
3,254
4,255
3,256
3,257
2,258
2,259
2,260
2,261
2,262
3,263
3,264
2,265
2,266
2,267
2,268
1,269
1,270
2,271
2,272
2,273
2,274
2,275
2,276
1,277
1,278
1,279
1,280
1,281
1,282
1,283
1,284
1,285
1,286
1,287
1,288
1,289
1,290
0,291
0,292
0,293
0,294
1,295
1,296
0,297
0,298
1,299
1,300
1,301
2,302