231,0
233,0
234,0
235,0
236,0
237,0
238,0
239,0
240,0
241,0
242,0
243,0
244,0
245,0
246,0
247,0
248,0
249,0
250,0
251,0
252,0
253,0
254,0
255,0
256,0
257,0
258,0
259,0
223,1
224,1
225,1
226,1
227,1
228,1
229,1
230,1
232,1
260,1
261,1
262,1
263,1
264,1
265,1
270,1
222,2
266,2
267,2
268,2
269,2
271,2
272,2
273,2
274,2
275,2
276,2
218,3
219,3
220,3
221,3
277,3
278,3
215,4
216,4
217,4
279,4
280,4
213,5
214,5
281,5
282,5
283,5
210,6
211,6
212,6
284,6
209,7
285,7
286,7
208,8
287,8
207,9
288,9
206,10
289,10
290,10
205,11
291,11
203,12
204,12
291,12
202,13
292,13
201,14
293,14
201,15
294,15
200,16
295,16
199,17
295,17
198,18
296,18
198,19
297,19
199,20
297,20
198,21
298,21
198,22
299,22
198,23
300,23
198,24
300,24
197,25
300,25
197,26
300,26
197,27
300,27
197,28
301,28
197,29
301,29
197,30
301,30
198,31
301,31
199,32
300,32
199,33
300,33
200,34
300,34
201,35
299,35
201,36
298,36
202,37
298,37
203,38
297,38
204,39
297,39
205,40
296,40
205,41
295,41
206,42
294,42
207,43
293,43
208,44
292,44
208,45
291,45
209,46
291,46
210,47
290,47
210,48
290,48
211,49
289,49
211,50
288,50
211,51
288,51
211,52
287,52
212,53
286,53
212,54
286,54
212,55
285,55
213,56
285,56
213,57
284,57
213,58
284,58
214,59
283,59
214,60
283,60
214,61
283,61
214,62
283,62
214,63
283,63
214,64
283,64
214,65
283,65
214,66
283,66
214,67
284,67
214,68
284,68
213,69
285,69
213,70
285,70
212,71
286,71
211,72
287,72
209,73
210,73
288,73
289,73
290,73
207,74
208,74
291,74
292,74
205,75
206,75
293,75
294,75
295,75
296,75
202,76
203,76
204,76
297,76
298,76
299,76
300,76
301,76
198,77
199,77
200,77
201,77
302,77
303,77
304,77
305,77
306,77
307,77
308,77
309,77
310,77
311,77
312,77
313,77
314,77
315,77
316,77
317,77
318,77
320,77
321,77
322,77
323,77
324,77
325,77
326,77
327,77
328,77
331,77
194,78
195,78
196,78
197,78
319,78
329,78
330,78
332,78
333,78
334,78
335,78
336,78
337,78
338,78
339,78
340,78
341,78
342,78
343,78
344,78
345,78
346,78
175,79
176,79
177,79
178,79
179,79
180,79
181,79
182,79
183,79
184,79
185,79
186,79
187,79
188,79
189,79
190,79
191,79
192,79
193,79
347,79
348,79
349,79
350,79
351,79
352,79
353,79
354,79
355,79
358,79
359,79
368,79
369,79
370,79
372,79
373,79
174,80
356,80
357,80
360,80
361,80
362,80
363,80
364,80
365,80
366,80
367,80
371,80
374,80
375,80
376,80
377,80
378,80
379,80
380,80
381,80
382,80
383,80
384,80
385,80
161,81
162,81
163,81
164,81
165,81
166,81
167,81
168,81
169,81
170,81
171,81
172,81
173,81
386,81
387,81
388,81
389,81
390,81
391,81
392,81
144,82
145,82
146,82
147,82
148,82
149,82
150,82
151,82
152,82
153,82
154,82
155,82
156,82
157,82
158,82
159,82
160,82
393,82
394,82
395,82
396,82
128,83
129,83
130,83
131,83
132,83
133,83
134,83
135,83
136,83
137,83
138,83
139,83
140,83
141,83
142,83
143,83
397,83
398,83
126,84
127,84
399,84
400,84
401,84
114,85
115,85
116,85
117,85
118,85
119,85
120,85
121,85
122,85
123,85
124,85
125,85
402,85
99,86
100,86
101,86
102,86
103,86
104,86
105,86
106,86
107,86
108,86
109,86
110,86
111,86
112,86
113,86
403,86
94,87
95,87
96,87
97,87
98,87
403,87
93,88
402,88
93,89
401,89
93,90
400,90
93,91
400,91
93,92
401,92
93,93
401,93
93,94
401,94
92,95
401,95
92,96
401,96
91,97
401,97
91,98
402,98
92,99
402,99
92,100
401,100
91,101
402,101
91,102
401,102
91,103
402,103
91,104
402,104
92,105
402,105
92,106
402,106
92,107
402,107
91,108
402,108
91,109
402,109
91,110
402,110
91,111
402,111
91,112
402,112
91,113
402,113
91,114
402,114
91,115
403,115
91,116
403,116
91,117
403,117
92,118
403,118
92,119
403,119
91,120
403,120
91,121
403,121
91,122
403,122
91,123
404,123
91,124
403,124
91,125
404,125
91,126
404,126
91,127
404,127
91,128
404,128
90,129
404,129
90,130
404,130
90,131
404,131
90,132
404,132
90,133
404,133
90,134
405,134
90,135
405,135
90,136
405,136
90,137
405,137
90,138
405,138
90,139
405,139
90,140
405,140
90,141
405,141
90,142
405,142
89,143
406,143
89,144
406,144
89,145
406,145
89,146
406,146
89,147
406,147
466,147
89,148
406,148
462,148
463,148
464,148
465,148
467,148
468,148
469,148
470,148
473,148
88,149
406,149
456,149
457,149
458,149
459,149
460,149
461,149
471,149
472,149
474,149
89,150
407,150
452,150
453,150
454,150
455,150
475,150
89,151
407,151
448,151
449,151
450,151
451,151
475,151
89,152
407,152
447,152
476,152
477,152
89,153
407,153
444,153
445,153
446,153
478,153
89,154
407,154
443,154
479,154
89,155
408,155
440,155
441,155
442,155
479,155
88,156
408,156
438,156
439,156
480,156
88,157
409,157
436,157
437,157
481,157
88,158
410,158
433,158
434,158
435,158
482,158
88,159
411,159
432,159
482,159
88,160
411,160
428,160
429,160
430,160
431,160
482,160
88,161
412,161
413,161
418,161
423,161
424,161
425,161
426,161
427,161
483,161
88,162
414,162
415,162
416,162
417,162
419,162
420,162
421,162
422,162
484,162
485,162
88,163
486,163
88,164
486,164
87,165
486,165
88,166
487,166
88,167
487,167
88,168
488,168
88,169
488,169
88,170
489,170
87,171
489,171
87,172
490,172
87,173
490,173
87,174
490,174
86,175
491,175
35,176
36,176
37,176
38,176
86,176
491,176
29,177
30,177
31,177
32,177
33,177
34,177
39,177
40,177
41,177
42,177
43,177
44,177
86,177
491,177
28,178
45,178
46,178
47,178
85,178
492,178
25,179
26,179
27,179
48,179
85,179
492,179
23,180
24,180
49,180
50,180
51,180
84,180
492,180
20,181
21,181
22,181
52,181
84,181
492,181
18,182
19,182
53,182
83,182
492,182
17,183
54,183
55,183
56,183
83,183
492,183
15,184
16,184
57,184
58,184
82,184
492,184
14,185
59,185
60,185
80,185
81,185
493,185
13,186
61,186
62,186
63,186
79,186
492,186
12,187
64,187
65,187
66,187
67,187
68,187
78,187
493,187
11,188
69,188
70,188
71,188
72,188
73,188
74,188
75,188
76,188
77,188
493,188
10,189
493,189
9,190
493,190
9,191
493,191
8,192
492,192
8,193
492,193
8,194
492,194
6,195
7,195
492,195
5,196
491,196
5,197
491,197
5,198
491,198
4,199
490,199
4,200
490,200
4,201
489,201
4,202
489,202
3,203
489,203
3,204
488,204
2,205
488,205
2,206
488,206
2,207
487,207
2,208
486,208
1,209
486,209
1,210
426,210
486,210
1,211
424,211
425,211
427,211
428,211
486,211
1,212
421,212
422,212
423,212
429,212
430,212
431,212
432,212
485,212
0,213
250,213
251,213
252,213
254,213
255,213
256,213
257,213
258,213
259,213
260,213
261,213
262,213
263,213
264,213
265,213
273,213
274,213
275,213
276,213
420,213
433,213
434,213
485,213
0,214
244,214
245,214
246,214
247,214
248,214
249,214
253,214
266,214
267,214
268,214
269,214
270,214
271,214
272,214
277,214
278,214
279,214
280,214
419,214
435,214
436,214
437,214
438,214
484,214
1,215
238,215
239,215
240,215
241,215
242,215
243,215
281,215
282,215
283,215
284,215
418,215
439,215
483,215
2,216
233,216
234,216
235,216
236,216
237,216
285,216
286,216
287,216
288,216
417,216
440,216
441,216
482,216
2,217
230,217
231,217
232,217
289,217
290,217
416,217
442,217
443,217
444,217
481,217
2,218
228,218
229,218
291,218
292,218
415,218
445,218
479,218
480,218
3,219
226,219
227,219
293,219
294,219
295,219
414,219
446,219
447,219
478,219
3,220
224,220
225,220
296,220
414,220
448,220
449,220
450,220
476,220
477,220
3,221
223,221
297,221
414,221
451,221
475,221
3,222
222,222
298,222
299,222
413,222
452,222
453,222
454,222
471,222
472,222
473,222
474,222
3,223
221,223
300,223
413,223
455,223
456,223
469,223
470,223
4,224
220,224
300,224
412,224
457,224
458,224
467,224
468,224
4,225
219,225
301,225
412,225
459,225
460,225
461,225
462,225
463,225
464,225
465,225
466,225
5,226
218,226
302,226
303,226
411,226
5,227
217,227
304,227
411,227
5,228
216,228
304,228
411,228
6,229
216,229
305,229
411,229
7,230
215,230
305,230
410,230
7,231
214,231
305,231
410,231
8,232
213,232
306,232
409,232
9,233
213,233
307,233
409,233
9,234
213,234
307,234
409,234
8,235
214,235
307,235
409,235
9,236
213,236
307,236
408,236
10,237
212,237
307,237
408,237
10,238
213,238
307,238
408,238
11,239
212,239
307,239
407,239
12,240
212,240
306,240
407,240
13,241
79,241
80,241
81,241
82,241
213,241
306,241
407,241
14,242
69,242
70,242
71,242
72,242
73,242
74,242
75,242
76,242
77,242
78,242
83,242
213,242
306,242
407,242
15,243
65,243
68,243
84,243
213,243
305,243
407,243
16,244
64,244
66,244
67,244
84,244
213,244
304,244
406,244
17,245
18,245
63,245
85,245
214,245
304,245
406,245
19,246
60,246
61,246
62,246
86,246
214,246
303,246
406,246
20,247
21,247
22,247
57,247
58,247
59,247
86,247
215,247
302,247
406,247
23,248
24,248
53,248
54,248
55,248
56,248
86,248
216,248
302,248
406,248
25,249
26,249
30,249
31,249
49,249
50,249
51,249
52,249
87,249
216,249
301,249
406,249
27,250
28,250
29,250
32,250
33,250
34,250
35,250
36,250
37,250
38,250
39,250
40,250
41,250
42,250
43,250
44,250
45,250
46,250
47,250
48,250
87,250
217,250
300,250
406,250
88,251
217,251
300,251
406,251
88,252
218,252
299,252
406,252
88,253
219,253
298,253
406,253
88,254
220,254
297,254
405,254
88,255
220,255
296,255
405,255
88,256
220,256
295,256
405,256
89,257
221,257
295,257
404,257
89,258
222,258
295,258
404,258
89,259
223,259
294,259
404,259
89,260
223,260
293,260
405,260
89,261
224,261
225,261
293,261
405,261
90,262
226,262
293,262
405,262
90,263
227,263
292,263
405,263
91,264
227,264
292,264
404,264
91,265
228,265
291,265
405,265
91,266
228,266
290,266
405,266
91,267
228,267
290,267
404,267
91,268
228,268
290,268
404,268
91,269
229,269
290,269
404,269
91,270
229,270
289,270
404,270
91,271
230,271
289,271
403,271
91,272
230,272
288,272
403,272
91,273
230,273
288,273
403,273
91,274
230,274
288,274
403,274
92,275
230,275
288,275
403,275
92,276
230,276
288,276
403,276
92,277
230,277
288,277
402,277
92,278
230,278
289,278
402,278
92,279
230,279
289,279
402,279
92,280
230,280
289,280
402,280
92,281
229,281
290,281
402,281
92,282
228,282
291,282
402,282
92,283
227,283
291,283
401,283
92,284
225,284
226,284
292,284
293,284
401,284
92,285
224,285
294,285
295,285
401,285
92,286
224,286
296,286
400,286
92,287
224,287
297,287
400,287
92,288
223,288
298,288
299,288
400,288
92,289
222,289
300,289
301,289
400,289
93,290
220,290
221,290
302,290
303,290
400,290
93,291
218,291
219,291
304,291
305,291
306,291
308,291
399,291
92,292
214,292
215,292
216,292
217,292
307,292
309,292
310,292
311,292
312,292
313,292
314,292
315,292
316,292
322,292
323,292
324,292
325,292
326,292
327,292
328,292
329,292
330,292
331,292
332,292
333,292
334,292
335,292
336,292
399,292
92,293
209,293
210,293
211,293
212,293
213,293
317,293
318,293
319,293
320,293
321,293
337,293
338,293
339,293
340,293
341,293
342,293
343,293
344,293
345,293
346,293
347,293
348,293
349,293
350,293
352,293
353,293
354,293
370,293
371,293
379,293
382,293
383,293
384,293
385,293
388,293
390,293
391,293
392,293
393,293
394,293
395,293
396,293
397,293
398,293
92,294
200,294
201,294
202,294
203,294
204,294
205,294
206,294
207,294
208,294
351,294
355,294
356,294
357,294
358,294
359,294
360,294
361,294
362,294
363,294
364,294
365,294
366,294
367,294
368,294
369,294
372,294
373,294
374,294
375,294
376,294
377,294
378,294
380,294
381,294
386,294
387,294
389,294
92,295
187,295
188,295
189,295
190,295
191,295
192,295
193,295
194,295
195,295
196,295
197,295
198,295
199,295
92,296
178,296
179,296
180,296
181,296
182,296
183,296
184,296
185,296
186,296
92,297
176,297
177,297
92,298
167,298
168,298
169,298
170,298
171,298
172,298
173,298
174,298
175,298
92,299
159,299
160,299
161,299
162,299
163,299
164,299
165,299
166,299
92,300
148,300
149,300
150,300
151,300
152,300
153,300
154,300
155,300
156,300
157,300
158,300
92,301
138,301
139,301
140,301
141,301
142,301
143,301
144,301
145,301
146,301
147,301
93,302
130,302
131,302
132,302
133,302
134,302
135,302
136,302
137,302
93,303
127,303
128,303
129,303
94,304
116,304
117,304
119,304
120,304
121,304
122,304
123,304
124,304
125,304
126,304
94,305
103,305
104,305
105,305
106,305
107,305
108,305
109,305
110,305
111,305
112,305
113,305
114,305
115,305
118,305
95,306
96,306
97,306
98,306
99,306
100,306
101,306
102,306