81,0
81,1
81,2
81,3
81,4
81,5
82,6
82,7
82,8
82,9
82,10
82,11
81,12
81,13
81,14
81,15
81,16
81,17
82,18
82,19
82,20
82,21
81,22
81,23
81,24
81,25
82,26
82,27
82,28
82,29
82,30
82,31
81,32
81,33
81,34
81,35
81,36
81,37
81,38
81,39
81,40
81,41
81,42
81,43
81,44
80,45
80,46
80,47
81,48
80,49
80,50
80,51
80,52
79,53
79,54
79,55
79,56
78,57
78,58
78,59
77,60
77,61
21,62
22,62
23,62
24,62
25,62
26,62
27,62
28,62
29,62
30,62
31,62
32,62
33,62
34,62
35,62
76,62
19,63
20,63
36,63
76,63
17,64
18,64
37,64
38,64
39,64
75,64
16,65
40,65
41,65
42,65
43,65
74,65
15,66
44,66
45,66
46,66
47,66
48,66
73,66
14,67
49,67
50,67
51,67
52,67
71,67
72,67
13,68
53,68
54,68
55,68
56,68
57,68
67,68
69,68
70,68
12,69
58,69
59,69
60,69
61,69
62,69
63,69
64,69
65,69
66,69
68,69
11,70
10,71
9,72
8,73
8,74
7,75
6,76
5,77
5,78
5,79
4,80
4,81
3,82
3,83
3,84
2,85
2,86
1,87
1,88
1,89
1,90
0,91
0,92
0,93
0,94
0,95
0,96
0,97
0,98
0,99
0,100
0,101
0,102
1,103
1,104
1,105
1,106
1,107
2,108
2,109
3,110
3,111
4,112
5,113
5,114
5,115
6,116
7,117
6,118
7,119
65,119
66,119
67,119
68,119
69,119
70,119
71,119
72,119
73,119
74,119
8,120
62,120
63,120
64,120
75,120
76,120
8,121
60,121
61,121
77,121
9,122
58,122
59,122
78,122
10,123
56,123
57,123
79,123
11,124
54,124
55,124
80,124
12,125
53,125
80,125
12,126
51,126
52,126
81,126
13,127
49,127
50,127
81,127
14,128
48,128
82,128
15,129
44,129
45,129
46,129
47,129
82,129
16,130
43,130
83,130
17,131
18,131
41,131
42,131
83,131
19,132
21,132
22,132
31,132
32,132
33,132
35,132
38,132
39,132
40,132
83,132
20,133
23,133
24,133
25,133
26,133
27,133
28,133
29,133
30,133
34,133
36,133
37,133
83,133
84,134
84,135
84,136
84,137
85,138
85,139
85,140
85,141
85,142
85,143
85,144
85,145
85,146
85,147
85,148
85,149
85,150
85,151
85,152
85,153
85,154
85,155
85,156
85,157
85,158
85,159
85,160
85,161
84,162
84,163
84,164
84,165
84,166
84,167
84,168
83,169
83,170
83,171
83,172
83,173
83,174
83,175
83,176
83,177
83,178
83,179
83,180
83,181
83,182
83,183
83,184
83,185
83,186
83,187
83,188
83,189
83,190
83,191
83,192
83,193
83,194
83,195
83,196
83,197
83,198
83,199
83,200
82,201
82,202
82,203
82,204
82,205
81,206
81,207
81,208
81,209
81,210
81,211
80,212
80,213
80,214
80,215
80,216
80,217
79,218
78,219
78,220
79,221
80,222