3,0
3,1
3,2
3,3
3,4
3,5
3,6
3,7
3,8
3,9
3,10
3,11
3,12
4,13
4,14
4,15
3,16
3,17
3,18
3,19
3,20
3,21
3,22
3,23
3,24
3,25
3,26
3,27
3,28
3,29
4,30
4,31
4,32
3,33
3,34
3,35
3,36
3,37
3,38
3,39
3,40
4,41
4,42
4,43
4,44
52,44
53,44
54,44
55,44
56,44
4,45
50,45
51,45
57,45
58,45
59,45
4,46
48,46
49,46
60,46
4,47
46,47
47,47
61,47
4,48
45,48
62,48
63,48
5,49
42,49
44,49
64,49
5,50
41,50
43,50
65,50
66,50
4,51
39,51
40,51
67,51
5,52
37,52
38,52
67,52
5,53
36,53
68,53
5,54
35,54
69,54
6,55
34,55
70,55
6,56
33,56
71,56
7,57
31,57
32,57
72,57
8,58
29,58
30,58
72,58
8,59
27,59
28,59
72,59
9,60
23,60
24,60
25,60
26,60
73,60
10,61
11,61
20,61
21,61
22,61
74,61
12,62
13,62
14,62
15,62
16,62
17,62
18,62
19,62
74,62
75,63
75,64
76,65
76,66
76,67
77,68
77,69
77,70
77,71
77,72
77,73
77,74
78,75
78,76
78,77
78,78
78,79
79,80
79,81
79,82
79,83
79,84
80,85
80,86
79,87
78,88
78,89
78,90
78,91
78,92
78,93
78,94
79,95
79,96
79,97
79,98
79,99
79,100
79,101
79,102
79,103
78,104
78,105
78,106
78,107
79,108
79,109
79,110
79,111
78,112
78,113
78,114
78,115
77,116
77,117
77,118
77,119
77,120
76,121
76,122
76,123
76,124
75,125
75,126
13,127
14,127
15,127
16,127
17,127
18,127
19,127
75,127
12,128
20,128
21,128
22,128
74,128
11,129
23,129
24,129
74,129
10,130
25,130
26,130
73,130
9,131
27,131
28,131
29,131
73,131
9,132
30,132
31,132
72,132
8,133
32,133
33,133
72,133
8,134
34,134
71,134
8,135
35,135
71,135
6,136
7,136
36,136
70,136
5,137
37,137
69,137
5,138
38,138
67,138
68,138
4,139
39,139
66,139
4,140
39,140
65,140
4,141
40,141
41,141
65,141
3,142
42,142
43,142
64,142
3,143
44,143
61,143
62,143
63,143
3,144
45,144
46,144
47,144
59,144
60,144
3,145
48,145
49,145
53,145
54,145
55,145
56,145
57,145
58,145
3,146
50,146
51,146
52,146
3,147
3,148
3,149
3,150
3,151
3,152
3,153
2,154
2,155
2,156
2,157
2,158
2,159
2,160
2,161
2,162
2,163
3,164
3,165
3,166
3,167
3,168
3,169
3,170
2,171
2,172
2,173
2,174
2,175
2,176
2,177
2,178
3,179
3,180
3,181
3,182
3,183
3,184
3,185
3,186
3,187
2,188
2,189
2,190
2,191
2,192
2,193
2,194
2,195
2,196
2,197
2,198
2,199
2,200
2,201
2,202
2,203
2,204
1,205
1,206
2,207
2,208
2,209
2,210
2,211
2,212
2,213
2,214
2,215
2,216
2,217
2,218
2,219
2,220
2,221
1,222
1,223
1,224
1,225
1,226
1,227
1,228
1,229
1,230
2,231
2,232
2,233
2,234
2,235
2,236
2,237
2,238
1,239
1,240
1,241
1,242
1,243
1,244
1,245
1,246
1,247
1,248
1,249
1,250
1,251
1,252
1,253
1,254
1,255
0,256
0,257
0,258
0,259
0,260
1,261
2,262