94,0
95,0
107,0
111,0
112,0
89,1
90,1
91,1
92,1
93,1
96,1
97,1
98,1
99,1
100,1
101,1
102,1
103,1
104,1
105,1
106,1
108,1
109,1
110,1
113,1
114,1
115,1
116,1
117,1
118,1
119,1
120,1
121,1
122,1
123,1
85,2
86,2
87,2
88,2
124,2
125,2
126,2
127,2
128,2
129,2
130,2
81,3
82,3
83,3
84,3
131,3
132,3
133,3
134,3
135,3
79,4
80,4
136,4
137,4
77,5
78,5
138,5
139,5
140,5
141,5
76,6
142,6
143,6
144,6
74,7
75,7
145,7
146,7
73,8
147,8
148,8
72,9
149,9
150,9
71,10
151,10
71,11
152,11
70,12
153,12
69,13
154,13
68,14
155,14
67,15
156,15
67,16
157,16
67,17
157,17
67,18
158,18
66,19
158,19
66,20
159,20
66,21
159,21
67,22
159,22
67,23
159,23
67,24
159,24
67,25
159,25
67,26
159,26
68,27
159,27
68,28
158,28
69,29
158,29
69,30
157,30
70,31
157,31
71,32
156,32
71,33
156,33
72,34
155,34
73,35
154,35
74,36
153,36
75,37
152,37
76,38
151,38
76,39
151,39
77,40
150,40
77,41
149,41
78,42
148,42
79,43
147,43
79,44
147,44
79,45
146,45
80,46
145,46
81,47
144,47
81,48
144,48
81,49
143,49
82,50
143,50
83,51
142,51
83,52
142,52
83,53
141,53
84,54
141,54
84,55
140,55
84,56
140,56
85,57
139,57
85,58
139,58
85,59
139,59
85,60
138,60
85,61
138,61
85,62
138,62
85,63
138,63
84,64
138,64
84,65
137,65
83,66
138,66
83,67
139,67
82,68
139,68
81,69
140,69
79,70
80,70
141,70
77,71
78,71
141,71
76,72
142,72
143,72
72,73
73,73
74,73
75,73
144,73
50,74
51,74
67,74
68,74
69,74
70,74
71,74
145,74
10,75
11,75
12,75
13,75
14,75
15,75
16,75
17,75
18,75
19,75
20,75
21,75
22,75
23,75
24,75
25,75
26,75
27,75
28,75
29,75
30,75
31,75
32,75
33,75
34,75
35,75
36,75
37,75
38,75
39,75
40,75
41,75
42,75
43,75
44,75
45,75
46,75
47,75
48,75
49,75
52,75
53,75
54,75
55,75
56,75
57,75
58,75
59,75
60,75
61,75
62,75
63,75
64,75
65,75
66,75
146,75
147,75
148,75
149,75
6,76
7,76
8,76
9,76
150,76
5,77
151,77
152,77
153,77
154,77
155,77
5,78
156,78
157,78
158,78
159,78
160,78
161,78
162,78
163,78
170,78
171,78
172,78
173,78
174,78
185,78
186,78
191,78
192,78
193,78
194,78
4,79
164,79
165,79
166,79
167,79
168,79
169,79
175,79
176,79
177,79
178,79
179,79
180,79
181,79
182,79
183,79
184,79
187,79
188,79
189,79
190,79
195,79
196,79
197,79
198,79
199,79
200,79
201,79
202,79
203,79
204,79
205,79
206,79
207,79
208,79
209,79
210,79
4,80
211,80
212,80
213,80
214,80
215,80
216,80
217,80
218,80
219,80
224,80
225,80
226,80
227,80
229,80
230,80
231,80
232,80
233,80
234,80
5,81
220,81
221,81
222,81
223,81
228,81
235,81
236,81
237,81
238,81
239,81
240,81
241,81
242,81
243,81
244,81
245,81
246,81
247,81
248,81
249,81
250,81
251,81
252,81
253,81
254,81
255,81
256,81
257,81
258,81
259,81
260,81
261,81
262,81
263,81
264,81
265,81
266,81
267,81
268,81
269,81
270,81
5,82
271,82
5,83
271,83
5,84
270,84
5,85
270,85
5,86
270,86
5,87
270,87
5,88
270,88
5,89
270,89
5,90
270,90
5,91
270,91
5,92
270,92
5,93
270,93
4,94
270,94
4,95
270,95
4,96
270,96
4,97
270,97
4,98
270,98
4,99
270,99
4,100
270,100
4,101
270,101
4,102
270,102
4,103
270,103
4,104
271,104
4,105
271,105
4,106
271,106
4,107
271,107
4,108
271,108
4,109
271,109
4,110
271,110
3,111
270,111
3,112
270,112
3,113
270,113
3,114
270,114
3,115
270,115
3,116
270,116
3,117
270,117
3,118
270,118
3,119
271,119
3,120
271,120
3,121
271,121
3,122
271,122
3,123
271,123
3,124
271,124
3,125
271,125
3,126
271,126
3,127
271,127
3,128
271,128
3,129
271,129
3,130
271,130
3,131
271,131
3,132
271,132
3,133
271,133
3,134
271,134
3,135
271,135
3,136
271,136
3,137
271,137
2,138
271,138
3,139
271,139
3,140
271,140
3,141
271,141
3,142
271,142
4,143
271,143
4,144
52,144
53,144
54,144
55,144
56,144
271,144
4,145
47,145
48,145
49,145
50,145
51,145
57,145
58,145
59,145
60,145
271,145
5,146
44,146
45,146
46,146
61,146
62,146
63,146
271,146
5,147
42,147
43,147
64,147
271,147
6,148
39,148
40,148
41,148
65,148
66,148
271,148
6,149
36,149
37,149
38,149
67,149
272,149
7,150
33,150
34,150
35,150
68,150
272,150
8,151
30,151
31,151
32,151
69,151
272,151
9,152
27,152
28,152
29,152
70,152
272,152
10,153
11,153
12,153
13,153
24,153
25,153
26,153
71,153
272,153
14,154
15,154
16,154
17,154
18,154
19,154
20,154
21,154
22,154
23,154
72,154
272,154
72,155
272,155
73,156
272,156
74,157
272,157
75,158
272,158
76,159
272,159
76,160
272,160
76,161
272,161
77,162
272,162
78,163
272,163
78,164
272,164
79,165
273,165
79,166
273,166
80,167
273,167
80,168
273,168
80,169
273,169
81,170
273,170
81,171
273,171
81,172
273,172
81,173
273,173
81,174
273,174
82,175
273,175
82,176
273,176
82,177
274,177
83,178
274,178
83,179
274,179
83,180
274,180
83,181
275,181
83,182
275,182
83,183
275,183
83,184
276,184
82,185
276,185
82,186
277,186
322,186
323,186
324,186
326,186
327,186
328,186
329,186
330,186
331,186
82,187
277,187
320,187
321,187
325,187
332,187
333,187
82,188
278,188
317,188
318,188
319,188
334,188
335,188
81,189
278,189
315,189
316,189
336,189
337,189
81,190
279,190
314,190
338,190
81,191
280,191
312,191
313,191
339,191
81,192
280,192
310,192
311,192
340,192
81,193
281,193
307,193
308,193
309,193
341,193
80,194
282,194
305,194
306,194
342,194
80,195
283,195
302,195
303,195
304,195
342,195
79,196
284,196
285,196
298,196
299,196
300,196
301,196
343,196
79,197
286,197
287,197
288,197
289,197
290,197
291,197
293,197
294,197
295,197
296,197
297,197
344,197
78,198
292,198
344,198
78,199
345,199
78,200
345,200
77,201
346,201
77,202
346,202
76,203
347,203
75,204
347,204
74,205
348,205
74,206
348,206
9,207
10,207
11,207
12,207
13,207
14,207
15,207
16,207
17,207
73,207
348,207
7,208
8,208
18,208
19,208
20,208
21,208
73,208
348,208
6,209
22,209
23,209
72,209
348,209
5,210
24,210
25,210
26,210
71,210
349,210
4,211
27,211
28,211
71,211
349,211
4,212
29,212
30,212
31,212
70,212
349,212
3,213
32,213
33,213
68,213
69,213
349,213
3,214
34,214
35,214
67,214
349,214
2,215
36,215
66,215
349,215
2,216
37,216
38,216
39,216
65,216
349,216
2,217
40,217
41,217
42,217
43,217
64,217
349,217
2,218
44,218
45,218
46,218
62,218
63,218
350,218
1,219
47,219
48,219
60,219
61,219
350,219
1,220
49,220
50,220
51,220
52,220
53,220
54,220
55,220
56,220
57,220
58,220
59,220
350,220
1,221
350,221
1,222
350,222
1,223
350,223
1,224
350,224
0,225
351,225
0,226
350,226
0,227
350,227
0,228
350,228
0,229
350,229
0,230
349,230
0,231
349,231
0,232
349,232
0,233
349,233
0,234
349,234
0,235
349,235
0,236
349,236
0,237
349,237
0,238
349,238
0,239
349,239
1,240
349,240
1,241
348,241
1,242
348,242
1,243
348,243
1,244
348,244
1,245
348,245
1,246
348,246
1,247
348,247
1,248
348,248
1,249
348,249
1,250
348,250
2,251
347,251
2,252
347,252
2,253
346,253
2,254
346,254
2,255
346,255
2,256
160,256
161,256
346,256
2,257
153,257
154,257
155,257
156,257
157,257
158,257
159,257
162,257
163,257
164,257
165,257
166,257
167,257
168,257
346,257
2,258
150,258
151,258
152,258
169,258
170,258
171,258
172,258
346,258
2,259
148,259
149,259
173,259
174,259
345,259
3,260
144,260
145,260
146,260
147,260
175,260
176,260
284,260
285,260
286,260
287,260
288,260
289,260
290,260
345,260
3,261
142,261
143,261
177,261
178,261
179,261
282,261
283,261
291,261
292,261
293,261
344,261
3,262
140,262
141,262
180,262
181,262
280,262
281,262
294,262
295,262
296,262
297,262
344,262
3,263
138,263
139,263
182,263
279,263
298,263
299,263
343,263
3,264
137,264
183,264
184,264
185,264
278,264
300,264
343,264
3,265
134,265
135,265
136,265
186,265
187,265
277,265
301,265
302,265
342,265
3,266
133,266
188,266
276,266
303,266
304,266
305,266
342,266
3,267
132,267
189,267
276,267
306,267
341,267
3,268
131,268
190,268
191,268
275,268
307,268
308,268
341,268
3,269
128,269
129,269
130,269
192,269
275,269
309,269
340,269
3,270
127,270
193,270
274,270
310,270
339,270
3,271
127,271
194,271
274,271
311,271
312,271
338,271
4,272
126,272
195,272
273,272
313,272
314,272
337,272
4,273
125,273
196,273
273,273
315,273
336,273
4,274
124,274
197,274
272,274
316,274
317,274
335,274
4,275
124,275
198,275
272,275
318,275
334,275
4,276
123,276
199,276
272,276
319,276
320,276
321,276
322,276
323,276
332,276
333,276
4,277
123,277
199,277
272,277
324,277
330,277
331,277
4,278
123,278
200,278
272,278
325,278
326,278
327,278
328,278
329,278
4,279
123,279
200,279
272,279
4,280
123,280
200,280
272,280
4,281
123,281
201,281
271,281
5,282
123,282
201,282
271,282
5,283
123,283
201,283
271,283
5,284
123,284
201,284
271,284
5,285
123,285
201,285
271,285
5,286
124,286
201,286
271,286
5,287
124,287
200,287
271,287
5,288
125,288
200,288
271,288
5,289
125,289
200,289
272,289
5,290
125,290
199,290
272,290
5,291
126,291
199,291
272,291
6,292
126,292
198,292
272,292
6,293
127,293
198,293
272,293
6,294
127,294
197,294
272,294
6,295
128,295
196,295
272,295
6,296
128,296
196,296
272,296
6,297
129,297
195,297
272,297
6,298
129,298
195,298
272,298
6,299
130,299
194,299
272,299
6,300
130,300
194,300
272,300
6,301
131,301
193,301
272,301
6,302
131,302
193,302
272,302
6,303
131,303
192,303
272,303
6,304
131,304
191,304
272,304
6,305
132,305
191,305
272,305
6,306
132,306
191,306
272,306
6,307
132,307
190,307
272,307
5,308
133,308
189,308
273,308
6,309
7,309
8,309
133,309
188,309
273,309
9,310
10,310
11,310
12,310
13,310
14,310
15,310
16,310
17,310
18,310
19,310
20,310
133,310
188,310
273,310
21,311
22,311
23,311
24,311
25,311
26,311
134,311
188,311
273,311
27,312
28,312
29,312
30,312
31,312
32,312
33,312
34,312
35,312
36,312
134,312
187,312
273,312
37,313
38,313
39,313
40,313
41,313
42,313
43,313
134,313
187,313
273,313
44,314
45,314
46,314
47,314
48,314
49,314
50,314
51,314
52,314
53,314
54,314
55,314
56,314
57,314
58,314
134,314
186,314
273,314
59,315
60,315
61,315
62,315
63,315
64,315
65,315
134,315
186,315
273,315
66,316
67,316
68,316
69,316
70,316
73,316
74,316
75,316
76,316
133,316
185,316
273,316
71,317
72,317
77,317
78,317
79,317
80,317
81,317
82,317
83,317
84,317
85,317
133,317
184,317
273,317
86,318
87,318
88,318
89,318
90,318
132,318
185,318
273,318
91,319
92,319
93,319
94,319
95,319
130,319
131,319
185,319
273,319
96,320
97,320
98,320
99,320
100,320
101,320
102,320
103,320
104,320
105,320
106,320
107,320
108,320
128,320
129,320
185,320
273,320
109,321
110,321
111,321
112,321
113,321
114,321
115,321
116,321
117,321
118,321
119,321
120,321
121,321
122,321
123,321
124,321
125,321
126,321
127,321
185,321
273,321
186,322
273,322
187,323
273,323
188,324
189,324
273,324
190,325
191,325
273,325
192,326
193,326
194,326
195,326
273,326
196,327
197,327
198,327
199,327
200,327
201,327
202,327
203,327
204,327
205,327
206,327
207,327
208,327
209,327
273,327
210,328
273,328
211,329
212,329
213,329
214,329
215,329
216,329
217,329
218,329
219,329
220,329
221,329
273,329
222,330
223,330
224,330
226,330
227,330
228,330
229,330
230,330
231,330
273,330
225,331
232,331
233,331
234,331
235,331
236,331
237,331
238,331
239,331
240,331
241,331
242,331
243,331
273,331
244,332
245,332
246,332
247,332
248,332
249,332
250,332
251,332
252,332
253,332
254,332
255,332
256,332
257,332
258,332
259,332
260,332
261,332
273,332
262,333
263,333
264,333
265,333
266,333
267,333
268,333
269,333
270,333
271,333
272,333