249,0
250,0
251,0
252,0
253,0
254,0
255,0
256,0
257,0
258,0
259,0
260,0
261,0
244,1
245,1
246,1
247,1
248,1
262,1
263,1
264,1
265,1
266,1
241,2
242,2
243,2
267,2
268,2
269,2
270,2
237,3
238,3
239,3
240,3
271,3
272,3
273,3
234,4
235,4
236,4
274,4
275,4
276,4
232,5
233,5
277,5
278,5
229,6
230,6
231,6
279,6
280,6
227,7
228,7
281,7
282,7
225,8
226,8
283,8
224,9
284,9
222,10
223,10
285,10
221,11
286,11
219,12
220,12
286,12
218,13
287,13
217,14
287,14
216,15
288,15
215,16
288,16
215,17
288,17
214,18
288,18
214,19
288,19
213,20
288,20
212,21
288,21
212,22
288,22
211,23
288,23
210,24
288,24
210,25
287,25
210,26
287,26
210,27
287,27
210,28
286,28
210,29
286,29
210,30
286,30
210,31
286,31
210,32
285,32
210,33
285,33
211,34
285,34
212,35
284,35
212,36
284,36
212,37
283,37
213,38
282,38
214,39
282,39
214,40
281,40
215,41
281,41
216,42
280,42
216,43
280,43
217,44
279,44
217,45
279,45
218,46
278,46
218,47
277,47
218,48
277,48
219,49
277,49
220,50
276,50
221,51
275,51
221,52
275,52
221,53
274,53
222,54
274,54
223,55
273,55
223,56
273,56
223,57
273,57
223,58
273,58
224,59
273,59
224,60
272,60
224,61
272,61
224,62
272,62
224,63
272,63
224,64
272,64
224,65
272,65
223,66
273,66
274,66
275,66
223,67
276,67
223,68
276,68
222,69
276,69
222,70
276,70
220,71
221,71
277,71
278,71
218,72
219,72
279,72
280,72
216,73
217,73
281,73
282,73
97,74
98,74
99,74
100,74
101,74
102,74
103,74
151,74
214,74
215,74
283,74
284,74
285,74
286,74
85,75
86,75
87,75
88,75
89,75
90,75
91,75
92,75
93,75
94,75
95,75
96,75
104,75
105,75
106,75
107,75
108,75
109,75
110,75
111,75
112,75
113,75
114,75
115,75
116,75
117,75
118,75
119,75
120,75
121,75
122,75
123,75
124,75
125,75
126,75
127,75
128,75
129,75
130,75
131,75
132,75
133,75
134,75
135,75
136,75
137,75
138,75
139,75
140,75
141,75
142,75
143,75
144,75
145,75
146,75
147,75
148,75
149,75
150,75
152,75
153,75
154,75
155,75
156,75
203,75
204,75
205,75
206,75
207,75
209,75
210,75
211,75
212,75
213,75
287,75
288,75
289,75
290,75
291,75
292,75
293,75
84,76
157,76
158,76
159,76
160,76
161,76
162,76
163,76
164,76
165,76
166,76
167,76
168,76
169,76
170,76
171,76
172,76
174,76
175,76
176,76
177,76
181,76
182,76
183,76
184,76
185,76
186,76
187,76
188,76
189,76
192,76
193,76
194,76
195,76
196,76
197,76
198,76
199,76
200,76
201,76
202,76
208,76
294,76
295,76
296,76
297,76
298,76
299,76
311,76
312,76
85,77
173,77
178,77
179,77
180,77
190,77
191,77
300,77
301,77
302,77
303,77
304,77
305,77
306,77
307,77
308,77
309,77
310,77
313,77
314,77
315,77
316,77
317,77
318,77
319,77
320,77
321,77
322,77
323,77
324,77
325,77
326,77
327,77
328,77
329,77
330,77
331,77
332,77
333,77
334,77
335,77
336,77
337,77
338,77
339,77
340,77
341,77
342,77
343,77
344,77
85,78
345,78
346,78
347,78
348,78
349,78
350,78
351,78
352,78
353,78
354,78
355,78
356,78
357,78
358,78
359,78
360,78
361,78
362,78
363,78
364,78
365,78
366,78
367,78
368,78
369,78
370,78
371,78
372,78
373,78
85,79
374,79
375,79
376,79
85,80
377,80
85,81
378,81
85,82
378,82
85,83
378,83
85,84
378,84
85,85
377,85
85,86
377,86
85,87
377,87
85,88
378,88
85,89
378,89
85,90
378,90
85,91
378,91
85,92
378,92
84,93
378,93
84,94
378,94
84,95
378,95
84,96
378,96
84,97
378,97
83,98
378,98
83,99
378,99
84,100
379,100
84,101
379,101
84,102
379,102
84,103
379,103
84,104
379,104
84,105
379,105
84,106
379,106
84,107
379,107
84,108
379,108
84,109
379,109
84,110
379,110
84,111
380,111
84,112
380,112
84,113
380,113
84,114
380,114
84,115
380,115
85,116
380,116
85,117
380,117
84,118
380,118
84,119
380,119
84,120
381,120
85,121
381,121
85,122
381,122
85,123
382,123
85,124
382,124
85,125
382,125
84,126
382,126
84,127
382,127
84,128
382,128
84,129
382,129
84,130
382,130
83,131
382,131
83,132
382,132
83,133
383,133
83,134
383,134
83,135
383,135
83,136
383,136
26,137
27,137
83,137
383,137
19,138
20,138
21,138
22,138
23,138
24,138
25,138
28,138
29,138
30,138
31,138
32,138
33,138
34,138
83,138
384,138
16,139
17,139
18,139
35,139
36,139
37,139
83,139
384,139
15,140
38,140
39,140
83,140
384,140
13,141
14,141
40,141
41,141
83,141
385,141
12,142
42,142
43,142
44,142
81,142
82,142
385,142
11,143
45,143
79,143
80,143
385,143
427,143
428,143
429,143
430,143
431,143
432,143
433,143
10,144
46,144
47,144
48,144
78,144
385,144
424,144
425,144
426,144
434,144
435,144
9,145
49,145
50,145
78,145
385,145
422,145
423,145
436,145
8,146
51,146
52,146
77,146
385,146
421,146
437,146
438,146
8,147
53,147
54,147
55,147
76,147
386,147
419,147
420,147
439,147
7,148
56,148
75,148
386,148
417,148
418,148
440,148
7,149
57,149
58,149
71,149
74,149
386,149
416,149
441,149
6,150
59,150
60,150
70,150
72,150
73,150
387,150
388,150
389,150
413,150
414,150
415,150
442,150
6,151
61,151
62,151
63,151
70,151
390,151
412,151
443,151
5,152
64,152
65,152
66,152
67,152
68,152
69,152
390,152
410,152
411,152
443,152
5,153
391,153
392,153
393,153
408,153
409,153
443,153
4,154
394,154
395,154
396,154
397,154
398,154
403,154
404,154
405,154
407,154
444,154
4,155
399,155
400,155
401,155
402,155
406,155
445,155
3,156
446,156
3,157
447,157
2,158
447,158
2,159
447,159
2,160
448,160
2,161
449,161
1,162
449,162
1,163
449,163
1,164
450,164
0,165
450,165
0,166
451,166
0,167
451,167
1,168
451,168
1,169
451,169
1,170
451,170
0,171
452,171
1,172
452,172
1,173
452,173
1,174
452,174
1,175
453,175
1,176
453,176
1,177
453,177
2,178
453,178
2,179
453,179
2,180
453,180
3,181
453,181
3,182
453,182
4,183
453,183
4,184
453,184
5,185
453,185
5,186
452,186
6,187
452,187
6,188
452,188
7,189
452,189
7,190
451,190
8,191
451,191
8,192
451,192
9,193
451,193
10,194
450,194
11,195
67,195
68,195
69,195
70,195
71,195
72,195
73,195
74,195
75,195
76,195
450,195
11,196
66,196
77,196
449,196
12,197
63,197
64,197
65,197
78,197
79,197
449,197
12,198
61,198
62,198
80,198
449,198
13,199
59,199
60,199
81,199
448,199
14,200
57,200
58,200
81,200
400,200
401,200
402,200
403,200
404,200
405,200
448,200
15,201
56,201
82,201
397,201
398,201
399,201
406,201
407,201
447,201
16,202
54,202
55,202
83,202
395,202
396,202
408,202
409,202
410,202
411,202
412,202
447,202
17,203
52,203
53,203
83,203
394,203
413,203
414,203
447,203
18,204
51,204
83,204
394,204
415,204
446,204
19,205
20,205
48,205
49,205
50,205
84,205
393,205
416,205
417,205
418,205
419,205
420,205
445,205
21,206
22,206
45,206
46,206
47,206
84,206
392,206
421,206
444,206
23,207
24,207
25,207
44,207
84,207
391,207
422,207
423,207
424,207
443,207
26,208
27,208
28,208
41,208
42,208
43,208
85,208
391,208
425,208
441,208
442,208
29,209
30,209
31,209
32,209
33,209
34,209
35,209
36,209
37,209
38,209
39,209
40,209
86,209
391,209
426,209
427,209
428,209
429,209
440,209
86,210
390,210
430,210
431,210
435,210
437,210
438,210
439,210
86,211
390,211
432,211
433,211
434,211
436,211
86,212
390,212
86,213
389,213
86,214
389,214
85,215
389,215
85,216
388,216
85,217
388,217
86,218
237,218
238,218
239,218
240,218
241,218
242,218
243,218
244,218
245,218
246,218
247,218
252,218
253,218
388,218
86,219
224,219
225,219
226,219
227,219
228,219
229,219
230,219
231,219
232,219
233,219
234,219
235,219
236,219
248,219
249,219
250,219
251,219
254,219
255,219
256,219
388,219
85,220
221,220
222,220
223,220
257,220
258,220
259,220
260,220
261,220
262,220
388,220
85,221
217,221
218,221
219,221
220,221
263,221
387,221
85,222
214,222
215,222
216,222
264,222
265,222
266,222
267,222
268,222
269,222
270,222
271,222
387,222
85,223
209,223
210,223
211,223
212,223
213,223
272,223
387,223
85,224
207,224
208,224
273,224
274,224
386,224
84,225
205,225
206,225
275,225
276,225
386,225
84,226
204,226
277,226
386,226
84,227
202,227
203,227
278,227
386,227
85,228
201,228
279,228
386,228
85,229
200,229
280,229
386,229
84,230
198,230
199,230
281,230
386,230
84,231
197,231
282,231
386,231
84,232
197,232
283,232
386,232
84,233
196,233
284,233
386,233
84,234
195,234
285,234
385,234
84,235
194,235
285,235
385,235
84,236
193,236
286,236
385,236
84,237
193,237
286,237
385,237
84,238
193,238
286,238
385,238
84,239
192,239
285,239
385,239
85,240
192,240
285,240
385,240
85,241
192,241
285,241
385,241
84,242
192,242
285,242
385,242
84,243
192,243
286,243
385,243
84,244
192,244
286,244
385,244
84,245
192,245
286,245
385,245
84,246
192,246
286,246
385,246
84,247
193,247
285,247
385,247
84,248
193,248
284,248
384,248
84,249
193,249
284,249
384,249
84,250
193,250
283,250
384,250
84,251
193,251
282,251
384,251
84,252
194,252
282,252
384,252
84,253
194,253
281,253
384,253
84,254
195,254
281,254
384,254
84,255
195,255
280,255
384,255
84,256
196,256
278,256
279,256
384,256
84,257
197,257
277,257
384,257
84,258
198,258
277,258
384,258
84,259
199,259
276,259
384,259
84,260
199,260
275,260
384,260
84,261
200,261
275,261
383,261
83,262
201,262
275,262
383,262
83,263
202,263
274,263
383,263
83,264
203,264
273,264
383,264
83,265
204,265
272,265
383,265
83,266
205,266
272,266
383,266
83,267
205,267
271,267
383,267
83,268
206,268
271,268
383,268
83,269
207,269
270,269
383,269
83,270
208,270
270,270
383,270
83,271
208,271
269,271
383,271
83,272
209,272
269,272
383,272
83,273
210,273
269,273
383,273
83,274
210,274
269,274
382,274
83,275
210,275
269,275
382,275
83,276
210,276
268,276
382,276
83,277
211,277
268,277
382,277
83,278
211,278
268,278
382,278
83,279
212,279
268,279
382,279
83,280
212,280
268,280
382,280
83,281
212,281
266,281
267,281
382,281
83,282
212,282
265,282
382,282
83,283
212,283
265,283
382,283
83,284
212,284
266,284
267,284
268,284
382,284
82,285
213,285
269,285
270,285
381,285
82,286
213,286
271,286
378,286
379,286
380,286
82,287
213,287
272,287
365,287
366,287
367,287
368,287
369,287
370,287
371,287
372,287
373,287
374,287
375,287
376,287
377,287
82,288
213,288
272,288
349,288
350,288
351,288
352,288
353,288
354,288
355,288
356,288
357,288
358,288
359,288
360,288
361,288
362,288
363,288
364,288
82,289
212,289
273,289
274,289
332,289
333,289
334,289
335,289
336,289
337,289
338,289
339,289
340,289
341,289
342,289
343,289
344,289
345,289
346,289
347,289
348,289
83,290
212,290
275,290
276,290
277,290
278,290
324,290
325,290
326,290
327,290
328,290
329,290
330,290
331,290
83,291
212,291
279,291
280,291
281,291
282,291
295,291
296,291
297,291
298,291
309,291
310,291
311,291
312,291
313,291
314,291
315,291
316,291
317,291
318,291
319,291
320,291
321,291
322,291
323,291
83,292
211,292
283,292
284,292
285,292
286,292
287,292
288,292
289,292
290,292
291,292
292,292
293,292
294,292
299,292
300,292
301,292
302,292
303,292
304,292
305,292
306,292
307,292
308,292
84,293
85,293
208,293
209,293
210,293
86,294
87,294
88,294
89,294
90,294
91,294
92,294
93,294
94,294
95,294
96,294
97,294
98,294
99,294
100,294
101,294
102,294
103,294
104,294
105,294
106,294
107,294
108,294
109,294
110,294
111,294
115,294
116,294
117,294
118,294
119,294
120,294
121,294
122,294
123,294
124,294
125,294
126,294
127,294
207,294
112,295
113,295
114,295
128,295
129,295
130,295
131,295
132,295
133,295
134,295
135,295
136,295
137,295
138,295
139,295
140,295
141,295
142,295
143,295
144,295
145,295
146,295
147,295
148,295
149,295
150,295
151,295
152,295
153,295
154,295
155,295
205,295
206,295
156,296
157,296
159,296
160,296
161,296
162,296
163,296
173,296
174,296
175,296
201,296
202,296
203,296
204,296
158,297
164,297
165,297
166,297
167,297
168,297
169,297
170,297
171,297
172,297
176,297
177,297
178,297
179,297
180,297
181,297
182,297
183,297
184,297
185,297
186,297
187,297
188,297
189,297
190,297
191,297
192,297
193,297
194,297
195,297
196,297
197,297
198,297
199,297
200,297