88,0
89,0
93,0
94,0
95,0
96,0
97,0
102,0
103,0
104,0
87,1
90,1
91,1
92,1
98,1
99,1
100,1
101,1
105,1
106,1
107,1
108,1
109,1
110,1
111,1
86,2
112,2
113,2
114,2
115,2
116,2
117,2
118,2
119,2
120,2
121,2
122,2
123,2
124,2
125,2
126,2
129,2
130,2
131,2
132,2
133,2
134,2
86,3
127,3
128,3
135,3
136,3
137,3
138,3
139,3
140,3
141,3
86,4
142,4
143,4
144,4
145,4
146,4
147,4
148,4
149,4
150,4
151,4
152,4
153,4
154,4
155,4
156,4
87,5
157,5
158,5
159,5
160,5
161,5
162,5
163,5
169,5
170,5
87,6
164,6
165,6
166,6
167,6
168,6
171,6
172,6
173,6
174,6
175,6
176,6
177,6
178,6
87,7
179,7
180,7
181,7
182,7
183,7
184,7
185,7
87,8
186,8
187,8
188,8
189,8
190,8
191,8
192,8
193,8
86,9
194,9
195,9
196,9
86,10
197,10
198,10
199,10
86,11
200,11
87,12
201,12
202,12
288,12
289,12
292,12
293,12
294,12
295,12
296,12
301,12
302,12
303,12
304,12
306,12
307,12
308,12
309,12
310,12
311,12
312,12
313,12
314,12
315,12
316,12
317,12
318,12
320,12
321,12
322,12
323,12
324,12
325,12
326,12
329,12
330,12
331,12
332,12
333,12
334,12
335,12
336,12
337,12
338,12
339,12
340,12
341,12
345,12
346,12
347,12
348,12
349,12
350,12
351,12
352,12
353,12
354,12
355,12
356,12
87,13
203,13
204,13
271,13
272,13
273,13
274,13
276,13
277,13
278,13
279,13
280,13
281,13
282,13
283,13
284,13
285,13
286,13
287,13
290,13
291,13
297,13
298,13
299,13
300,13
305,13
319,13
327,13
328,13
342,13
343,13
344,13
357,13
358,13
359,13
87,14
205,14
264,14
265,14
266,14
267,14
268,14
269,14
270,14
275,14
360,14
361,14
87,15
206,15
263,15
362,15
87,16
206,16
262,16
363,16
87,17
207,17
260,17
261,17
363,17
87,18
206,18
259,18
363,18
87,19
207,19
259,19
363,19
86,20
208,20
259,20
363,20
87,21
208,21
258,21
362,21
87,22
208,22
257,22
362,22
87,23
208,23
258,23
362,23
86,24
208,24
258,24
362,24
86,25
207,25
258,25
362,25
86,26
207,26
259,26
362,26
87,27
207,27
259,27
362,27
87,28
207,28
259,28
361,28
87,29
207,29
259,29
361,29
87,30
207,30
259,30
361,30
87,31
206,31
260,31
361,31
86,32
205,32
261,32
361,32
86,33
205,33
261,33
361,33
87,34
205,34
262,34
361,34
87,35
204,35
263,35
360,35
87,36
204,36
263,36
360,36
87,37
204,37
263,37
360,37
87,38
203,38
264,38
360,38
86,39
203,39
265,39
360,39
87,40
202,40
265,40
360,40
87,41
202,41
266,41
360,41
87,42
201,42
266,42
360,42
87,43
201,43
267,43
359,43
87,44
200,44
266,44
359,44
87,45
200,45
267,45
359,45
88,46
200,46
268,46
359,46
87,47
199,47
269,47
359,47
87,48
198,48
269,48
359,48
87,49
198,49
270,49
359,49
87,50
198,50
270,50
358,50
87,51
198,51
271,51
358,51
87,52
198,52
271,52
358,52
88,53
198,53
272,53
358,53
87,54
197,54
272,54
358,54
87,55
197,55
272,55
358,55
87,56
197,56
272,56
358,56
87,57
197,57
272,57
357,57
87,58
198,58
273,58
357,58
87,59
198,59
272,59
357,59
87,60
198,60
271,60
357,60
87,61
199,61
271,61
357,61
87,62
199,62
270,62
357,62
87,63
199,63
270,63
357,63
87,64
200,64
270,64
357,64
88,65
201,65
269,65
356,65
88,66
202,66
268,66
356,66
88,67
203,67
267,67
356,67
88,68
203,68
266,68
356,68
87,69
204,69
264,69
265,69
355,69
87,70
205,70
206,70
263,70
356,70
87,71
207,71
208,71
262,71
356,71
87,72
209,72
260,72
261,72
355,72
87,73
210,73
258,73
259,73
354,73
87,74
211,74
212,74
255,74
256,74
257,74
354,74
87,75
213,75
214,75
215,75
216,75
254,75
354,75
87,76
217,76
252,76
253,76
354,76
87,77
218,77
250,77
251,77
354,77
87,78
219,78
220,78
221,78
222,78
245,78
246,78
247,78
248,78
249,78
354,78
86,79
223,79
224,79
225,79
240,79
243,79
244,79
353,79
86,80
226,80
227,80
228,80
229,80
230,80
231,80
232,80
234,80
235,80
236,80
237,80
238,80
239,80
241,80
242,80
353,80
27,81
28,81
29,81
30,81
31,81
32,81
87,81
233,81
353,81
24,82
25,82
26,82
33,82
34,82
87,82
353,82
22,83
23,83
35,83
36,83
37,83
38,83
39,83
86,83
353,83
21,84
40,84
86,84
353,84
20,85
41,85
42,85
43,85
44,85
45,85
85,85
353,85
18,86
19,86
46,86
85,86
353,86
16,87
17,87
47,87
85,87
352,87
15,88
48,88
49,88
50,88
51,88
85,88
352,88
15,89
52,89
84,89
352,89
14,90
53,90
84,90
352,90
14,91
54,91
55,91
56,91
57,91
83,91
352,91
13,92
58,92
59,92
60,92
82,92
353,92
11,93
12,93
61,93
81,93
353,93
10,94
62,94
79,94
80,94
352,94
9,95
63,95
64,95
65,95
66,95
67,95
68,95
78,95
352,95
8,96
69,96
70,96
71,96
72,96
73,96
74,96
75,96
77,96
352,96
7,97
76,97
353,97
354,97
7,98
355,98
7,99
355,99
6,100
355,100
5,101
356,101
399,101
400,101
401,101
402,101
403,101
5,102
357,102
392,102
393,102
394,102
395,102
396,102
397,102
398,102
404,102
405,102
406,102
407,102
408,102
409,102
5,103
358,103
390,103
391,103
410,103
411,103
412,103
5,104
359,104
385,104
386,104
387,104
388,104
389,104
413,104
4,105
360,105
383,105
384,105
414,105
415,105
4,106
360,106
379,106
381,106
382,106
416,106
3,107
360,107
377,107
378,107
380,107
416,107
2,108
361,108
376,108
417,108
2,109
362,109
363,109
364,109
368,109
369,109
370,109
371,109
373,109
374,109
375,109
418,109
2,110
365,110
366,110
367,110
372,110
419,110
2,111
420,111
2,112
421,112
2,113
421,113
2,114
421,114
1,115
422,115
0,116
422,116
1,117
423,117
1,118
423,118
1,119
423,119
1,120
424,120
1,121
423,121
0,122
424,122
1,123
425,123
1,124
425,124
2,125
426,125
2,126
426,126
3,127
427,127
3,128
427,128
3,129
427,129
2,130
427,130
3,131
427,131
4,132
428,132
4,133
428,133
5,134
429,134
5,135
429,135
5,136
429,136
6,137
428,137
6,138
428,138
6,139
429,139
7,140
429,140
8,141
429,141
8,142
429,142
9,143
429,143
10,144
428,144
10,145
428,145
11,146
428,146
11,147
68,147
69,147
70,147
71,147
72,147
428,147
12,148
63,148
64,148
65,148
66,148
67,148
73,148
74,148
75,148
427,148
13,149
61,149
62,149
76,149
427,149
14,150
57,150
58,150
59,150
60,150
77,150
78,150
427,150
15,151
55,151
56,151
79,151
426,151
16,152
53,152
54,152
79,152
426,152
17,153
18,153
51,153
52,153
79,153
426,153
19,154
46,154
47,154
48,154
49,154
50,154
79,154
205,154
210,154
211,154
212,154
217,154
218,154
219,154
220,154
425,154
20,155
21,155
22,155
40,155
41,155
43,155
44,155
45,155
79,155
201,155
202,155
203,155
204,155
206,155
207,155
208,155
209,155
213,155
214,155
215,155
216,155
221,155
222,155
223,155
224,155
225,155
226,155
227,155
231,155
232,155
233,155
425,155
23,156
24,156
25,156
26,156
27,156
31,156
32,156
33,156
34,156
35,156
36,156
37,156
38,156
39,156
42,156
80,156
81,156
196,156
197,156
198,156
199,156
200,156
228,156
229,156
230,156
234,156
424,156
28,157
29,157
30,157
82,157
193,157
194,157
195,157
235,157
236,157
237,157
238,157
239,157
240,157
241,157
242,157
424,157
81,158
189,158
190,158
191,158
192,158
243,158
244,158
245,158
246,158
359,158
423,158
82,159
188,159
247,159
248,159
249,159
356,159
357,159
358,159
360,159
422,159
82,160
187,160
250,160
251,160
352,160
353,160
354,160
355,160
361,160
362,160
363,160
364,160
365,160
422,160
83,161
185,161
186,161
252,161
253,161
351,161
366,161
367,161
422,161
83,162
184,162
254,162
255,162
256,162
350,162
368,162
421,162
83,163
182,163
183,163
257,163
349,163
369,163
370,163
420,163
83,164
181,164
258,164
348,164
371,164
372,164
419,164
82,165
180,165
259,165
260,165
261,165
348,165
373,165
374,165
375,165
418,165
83,166
179,166
262,166
347,166
376,166
417,166
83,167
179,167
263,167
347,167
377,167
416,167
84,168
178,168
264,168
346,168
378,168
379,168
380,168
381,168
415,168
84,169
178,169
264,169
345,169
382,169
414,169
84,170
177,170
265,170
266,170
345,170
383,170
414,170
84,171
176,171
267,171
345,171
384,171
385,171
386,171
411,171
412,171
413,171
84,172
175,172
268,172
345,172
387,172
388,172
410,172
83,173
175,173
268,173
345,173
389,173
408,173
409,173
83,174
175,174
269,174
345,174
390,174
391,174
392,174
407,174
83,175
174,175
270,175
344,175
393,175
394,175
395,175
396,175
402,175
403,175
404,175
405,175
406,175
84,176
174,176
270,176
344,176
397,176
398,176
399,176
400,176
401,176
84,177
175,177
271,177
344,177
84,178
174,178
271,178
344,178
85,179
174,179
271,179
344,179
84,180
174,180
271,180
344,180
84,181
174,181
270,181
344,181
84,182
174,182
270,182
344,182
84,183
174,183
271,183
344,183
84,184
175,184
271,184
344,184
84,185
176,185
271,185
344,185
84,186
176,186
271,186
344,186
83,187
176,187
271,187
344,187
83,188
177,188
271,188
345,188
83,189
177,189
271,189
345,189
84,190
178,190
271,190
344,190
84,191
179,191
270,191
344,191
84,192
180,192
270,192
344,192
84,193
180,193
268,193
269,193
344,193
84,194
180,194
267,194
345,194
84,195
180,195
266,195
345,195
84,196
181,196
266,196
345,196
84,197
182,197
265,197
345,197
84,198
183,198
264,198
345,198
84,199
183,199
262,199
263,199
345,199
85,200
184,200
261,200
345,200
85,201
185,201
260,201
345,201
84,202
184,202
260,202
345,202
84,203
185,203
259,203
346,203
84,204
186,204
258,204
346,204
84,205
186,205
258,205
345,205
84,206
186,206
257,206
345,206
84,207
186,207
256,207
345,207
85,208
186,208
256,208
345,208
85,209
186,209
255,209
346,209
84,210
186,210
254,210
346,210
85,211
186,211
253,211
347,211
85,212
186,212
253,212
347,212
85,213
186,213
253,213
346,213
85,214
187,214
252,214
346,214
85,215
187,215
252,215
346,215
85,216
186,216
252,216
346,216
84,217
185,217
251,217
346,217
85,218
185,218
251,218
347,218
85,219
185,219
251,219
347,219
85,220
184,220
251,220
346,220
85,221
183,221
250,221
346,221
85,222
182,222
251,222
346,222
85,223
178,223
179,223
180,223
181,223
251,223
347,223
85,224
176,224
177,224
252,224
347,224
86,225
87,225
88,225
89,225
96,225
103,225
104,225
111,225
174,225
175,225
253,225
347,225
90,226
91,226
92,226
93,226
94,226
95,226
97,226
98,226
99,226
100,226
101,226
102,226
105,226
106,226
107,226
108,226
109,226
110,226
112,226
113,226
114,226
115,226
116,226
117,226
118,226
123,226
124,226
125,226
126,226
127,226
128,226
129,226
130,226
131,226
132,226
133,226
140,226
141,226
168,226
169,226
170,226
172,226
173,226
253,226
347,226
119,227
120,227
121,227
122,227
134,227
135,227
136,227
137,227
138,227
139,227
142,227
143,227
144,227
145,227
146,227
147,227
148,227
150,227
151,227
152,227
153,227
154,227
155,227
158,227
159,227
160,227
161,227
162,227
163,227
164,227
165,227
166,227
167,227
171,227
254,227
347,227
149,228
156,228
157,228
254,228
347,228
255,229
347,229
256,230
257,230
347,230
258,231
259,231
348,231
260,232
348,232
261,233
262,233
263,233
264,233
348,233
265,234
266,234
348,234
267,235
268,235
269,235
270,235
271,235
272,235
273,235
274,235
347,235
275,236
277,236
278,236
279,236
280,236
281,236
347,236
276,237
282,237
283,237
284,237
285,237
286,237
287,237
288,237
348,237
289,238
290,238
291,238
292,238
293,238
294,238
295,238
296,238
299,238
300,238
301,238
302,238
303,238
304,238
305,238
306,238
307,238
349,238
297,239
298,239
308,239
309,239
310,239
312,239
313,239
314,239
315,239
316,239
317,239
318,239
349,239
311,240
319,240
320,240
321,240
322,240
323,240
324,240
325,240
333,240
349,240
326,241
327,241
328,241
329,241
330,241
331,241
332,241
334,241
335,241
336,241
337,241
338,241
339,241
340,241
343,241
344,241
345,241
346,241
347,241
349,241
341,242
342,242
348,242