6,0
5,1
7,1
8,1
9,1
10,1
5,2
11,2
12,2
13,2
14,2
15,2
16,2
20,2
21,2
22,2
23,2
24,2
5,3
17,3
18,3
19,3
25,3
26,3
27,3
28,3
29,3
5,4
30,4
31,4
32,4
33,4
34,4
35,4
41,4
232,4
233,4
234,4
235,4
236,4
237,4
238,4
239,4
5,5
36,5
37,5
38,5
39,5
40,5
42,5
43,5
44,5
45,5
46,5
47,5
48,5
49,5
50,5
51,5
52,5
229,5
230,5
231,5
240,5
241,5
242,5
243,5
244,5
245,5
5,6
53,6
54,6
55,6
56,6
57,6
58,6
59,6
60,6
62,6
63,6
64,6
65,6
66,6
67,6
210,6
211,6
212,6
213,6
214,6
215,6
216,6
217,6
218,6
219,6
220,6
221,6
222,6
223,6
224,6
225,6
226,6
227,6
228,6
246,6
5,7
61,7
68,7
69,7
70,7
71,7
72,7
209,7
246,7
5,8
73,8
74,8
75,8
76,8
77,8
78,8
79,8
83,8
84,8
85,8
86,8
87,8
189,8
190,8
194,8
195,8
196,8
197,8
198,8
199,8
200,8
201,8
202,8
203,8
204,8
205,8
206,8
207,8
208,8
246,8
4,9
80,9
81,9
82,9
88,9
89,9
90,9
91,9
92,9
93,9
94,9
188,9
191,9
192,9
193,9
246,9
4,10
95,10
96,10
97,10
182,10
183,10
184,10
185,10
186,10
187,10
246,10
4,11
98,11
99,11
100,11
101,11
177,11
178,11
179,11
180,11
181,11
246,11
5,12
102,12
103,12
104,12
105,12
175,12
176,12
246,12
5,13
106,13
107,13
173,13
174,13
247,13
5,14
108,14
171,14
172,14
247,14
5,15
109,15
170,15
246,15
5,16
110,16
169,16
246,16
5,17
110,17
168,17
247,17
5,18
111,18
168,18
247,18
5,19
111,19
167,19
246,19
5,20
111,20
167,20
246,20
5,21
111,21
167,21
247,21
5,22
111,22
167,22
247,22
5,23
112,23
167,23
247,23
5,24
111,24
166,24
247,24
5,25
111,25
166,25
247,25
5,26
111,26
166,26
247,26
5,27
111,27
167,27
248,27
5,28
111,28
167,28
248,28
5,29
111,29
168,29
248,29
4,30
112,30
168,30
248,30
4,31
112,31
168,31
248,31
4,32
112,32
168,32
248,32
5,33
112,33
169,33
248,33
5,34
112,34
169,34
248,34
5,35
111,35
169,35
248,35
5,36
111,36
170,36
248,36
5,37
111,37
170,37
248,37
5,38
111,38
170,38
248,38
4,39
111,39
170,39
248,39
4,40
110,40
171,40
248,40
4,41
110,41
172,41
248,41
4,42
110,42
172,42
248,42
4,43
109,43
172,43
248,43
4,44
109,44
173,44
248,44
4,45
108,45
173,45
248,45
4,46
108,46
174,46
248,46
4,47
108,47
174,47
248,47
4,48
107,48
174,48
249,48
4,49
107,49
174,49
249,49
4,50
107,50
175,50
249,50
4,51
108,51
176,51
249,51
4,52
107,52
176,52
249,52
4,53
106,53
177,53
249,53
5,54
106,54
177,54
249,54
5,55
105,55
177,55
249,55
5,56
105,56
177,56
249,56
4,57
105,57
177,57
249,57
4,58
105,58
178,58
249,58
4,59
105,59
178,59
249,59
3,60
105,60
178,60
249,60
3,61
104,61
178,61
249,61
3,62
104,62
178,62
249,62
3,63
104,63
178,63
249,63
3,64
103,64
178,64
249,64
2,65
103,65
178,65
250,65
2,66
103,66
178,66
250,66
2,67
103,67
178,67
250,67
2,68
103,68
178,68
250,68
2,69
103,69
177,69
251,69
1,70
103,70
178,70
251,70
1,71
103,71
177,71
251,71
1,72
104,72
177,72
251,72
1,73
105,73
176,73
251,73
1,74
105,74
176,74
251,74
2,75
106,75
175,75
251,75
2,76
106,76
175,76
251,76
2,77
106,77
174,77
251,77
2,78
107,78
173,78
251,78
2,79
108,79
173,79
251,79
2,80
109,80
171,80
172,80
251,80
2,81
110,81
169,81
170,81
251,81
2,82
111,82
168,82
251,82
1,83
112,83
168,83
251,83
1,84
113,84
114,84
167,84
251,84
1,85
115,85
166,85
251,85
1,86
116,86
117,86
163,86
164,86
165,86
251,86
1,87
118,87
161,87
162,87
251,87
1,88
119,88
159,88
160,88
251,88
1,89
120,89
121,89
158,89
251,89
1,90
122,90
156,90
157,90
252,90
0,91
123,91
124,91
125,91
127,91
153,91
154,91
155,91
252,91
0,92
126,92
128,92
129,92
130,92
131,92
150,92
151,92
152,92
252,92
0,93
132,93
133,93
134,93
148,93
149,93
252,93
0,94
135,94
136,94
146,94
147,94
252,94
0,95
137,95
138,95
139,95
140,95
141,95
142,95
143,95
144,95
145,95
252,95
1,96
252,96
1,97
252,97
1,98
252,98
1,99
252,99
1,100
252,100
1,101
252,101
1,102
252,102
1,103
252,103
1,104
252,104
1,105
252,105
1,106
252,106
0,107
252,107
0,108
252,108
0,109
252,109
0,110
253,110
0,111
253,111
0,112
253,112
0,113
253,113
0,114
253,114
0,115
253,115
0,116
50,116
51,116
52,116
53,116
253,116
1,117
44,117
45,117
46,117
47,117
48,117
49,117
54,117
55,117
253,117
1,118
43,118
56,118
253,118
1,119
43,119
57,119
58,119
59,119
253,119
1,120
41,120
42,120
60,120
253,120
1,121
39,121
40,121
61,121
253,121
1,122
36,122
37,122
38,122
62,122
253,122
2,123
34,123
35,123
63,123
253,123
2,124
32,124
33,124
63,124
253,124
2,125
29,125
30,125
31,125
64,125
253,125
3,126
27,126
28,126
65,126
253,126
3,127
24,127
25,127
26,127
66,127
253,127
4,128
23,128
67,128
253,128
5,129
21,129
22,129
67,129
253,129
6,130
17,130
18,130
19,130
20,130
68,130
253,130
7,131
8,131
9,131
10,131
11,131
12,131
13,131
14,131
15,131
16,131
68,131
254,131
68,132
254,132
69,133
254,133
70,134
254,134
71,135
254,135
72,136
254,136
72,137
254,137
72,138
254,138
72,139
254,139
72,140
254,140
73,141
254,141
73,142
254,142
74,143
254,143
74,144
254,144
75,145
253,145
75,146
253,146
75,147
253,147
75,148
253,148
75,149
253,149
75,150
254,150
75,151
254,151
76,152
255,152
76,153
255,153
76,154
255,154
301,154
302,154
303,154
304,154
305,154
306,154
307,154
308,154
309,154
310,154
311,154
312,154
76,155
255,155
298,155
299,155
300,155
313,155
76,156
255,156
297,156
314,156
77,157
256,157
296,157
315,157
316,157
317,157
77,158
255,158
296,158
318,158
77,159
256,159
295,159
319,159
77,160
256,160
293,160
294,160
320,160
77,161
256,161
292,161
321,161
77,162
256,162
290,162
291,162
322,162
76,163
257,163
288,163
289,163
323,163
76,164
257,164
287,164
323,164
76,165
258,165
259,165
286,165
324,165
76,166
260,166
284,166
285,166
324,166
76,167
260,167
282,167
283,167
325,167
76,168
260,168
280,168
281,168
325,168
75,169
260,169
277,169
278,169
279,169
326,169
75,170
261,170
262,170
275,170
276,170
326,170
75,171
263,171
264,171
274,171
327,171
74,172
265,172
266,172
267,172
268,172
269,172
270,172
271,172
272,172
273,172
327,172
74,173
328,173
73,174
328,174
73,175
328,175
73,176
329,176
72,177
329,177
73,178
329,178
72,179
329,179
72,180
329,180
72,181
329,181
9,182
10,182
11,182
12,182
13,182
14,182
15,182
16,182
71,182
329,182
7,183
8,183
17,183
18,183
71,183
330,183
6,184
19,184
20,184
70,184
330,184
5,185
21,185
22,185
23,185
69,185
330,185
5,186
24,186
25,186
69,186
330,186
4,187
26,187
68,187
330,187
4,188
27,188
28,188
68,188
330,188
3,189
29,189
30,189
67,189
330,189
2,190
31,190
32,190
66,190
330,190
1,191
33,191
34,191
66,191
330,191
2,192
35,192
65,192
331,192
2,193
36,193
64,193
331,193
1,194
37,194
38,194
63,194
331,194
1,195
39,195
40,195
62,195
331,195
1,196
41,196
61,196
331,196
0,197
42,197
43,197
60,197
331,197
0,198
44,198
45,198
46,198
58,198
59,198
331,198
0,199
47,199
48,199
49,199
50,199
54,199
55,199
56,199
57,199
331,199
1,200
51,200
52,200
53,200
331,200
1,201
331,201
1,202
331,202
1,203
331,203
1,204
331,204
0,205
331,205
0,206
331,206
0,207
331,207
0,208
331,208
0,209
331,209
0,210
331,210
0,211
331,211
0,212
331,212
0,213
332,213
0,214
332,214
0,215
331,215
0,216
331,216
0,217
331,217
0,218
331,218
0,219
331,219
0,220
331,220
1,221
330,221
1,222
330,222
1,223
330,223
1,224
330,224
1,225
329,225
1,226
329,226
1,227
329,227
1,228
328,228
1,229
328,229
1,230
327,230
1,231
267,231
268,231
269,231
270,231
271,231
272,231
273,231
327,231
1,232
265,232
266,232
274,232
275,232
277,232
327,232
0,233
263,233
264,233
276,233
278,233
279,233
280,233
281,233
326,233
0,234
262,234
282,234
283,234
327,234
0,235
130,235
131,235
132,235
133,235
134,235
135,235
136,235
137,235
138,235
139,235
140,235
141,235
142,235
261,235
284,235
326,235
0,236
120,236
121,236
122,236
123,236
124,236
125,236
126,236
127,236
128,236
129,236
143,236
144,236
145,236
146,236
147,236
148,236
149,236
151,236
152,236
153,236
262,236
285,236
286,236
326,236
1,237
116,237
117,237
118,237
119,237
150,237
154,237
155,237
156,237
157,237
158,237
159,237
160,237
261,237
287,237
325,237
1,238
111,238
112,238
113,238
114,238
115,238
161,238
162,238
260,238
288,238
289,238
324,238
0,239
110,239
163,239
164,239
165,239
259,239
290,239
324,239
0,240
110,240
166,240
167,240
259,240
291,240
323,240
0,241
107,241
108,241
109,241
168,241
169,241
170,241
258,241
292,241
322,241
1,242
106,242
171,242
172,242
173,242
257,242
293,242
321,242
1,243
105,243
174,243
257,243
294,243
320,243
1,244
104,244
175,244
257,244
295,244
319,244
1,245
103,245
176,245
177,245
256,245
296,245
297,245
298,245
318,245
1,246
101,246
102,246
178,246
256,246
299,246
317,246
1,247
98,247
99,247
100,247
179,247
256,247
300,247
316,247
1,248
97,248
180,248
255,248
301,248
302,248
314,248
315,248
1,249
97,249
181,249
255,249
303,249
304,249
311,249
312,249
313,249
1,250
96,250
181,250
255,250
305,250
306,250
307,250
308,250
309,250
310,250
1,251
95,251
182,251
255,251
1,252
94,252
182,252
255,252
1,253
94,253
182,253
254,253
1,254
94,254
182,254
254,254
1,255
93,255
183,255
184,255
254,255
1,256
93,256
185,256
254,256
1,257
93,257
185,257
255,257
1,258
92,258
186,258
255,258
1,259
92,259
187,259
255,259
1,260
92,260
187,260
255,260
1,261
93,261
187,261
254,261
1,262
93,262
187,262
254,262
2,263
93,263
187,263
254,263
2,264
93,264
187,264
254,264
2,265
94,265
187,265
254,265
2,266
94,266
186,266
254,266
2,267
94,267
186,267
254,267
2,268
95,268
186,268
254,268
2,269
95,269
185,269
253,269
2,270
95,270
185,270
253,270
2,271
96,271
184,271
253,271
2,272
97,272
184,272
253,272
2,273
98,273
183,273
253,273
2,274
98,274
183,274
253,274
2,275
99,275
182,275
253,275
2,276
99,276
181,276
253,276
2,277
99,277
180,277
253,277
2,278
100,278
180,278
254,278
2,279
101,279
179,279
254,279
2,280
101,280
179,280
254,280
2,281
102,281
178,281
253,281
1,282
103,282
178,282
253,282
1,283
104,283
177,283
253,283
2,284
104,284
176,284
253,284
2,285
105,285
175,285
253,285
3,286
105,286
174,286
253,286
3,287
105,287
174,287
253,287
2,288
105,288
173,288
253,288
2,289
106,289
173,289
253,289
2,290
106,290
173,290
253,290
3,291
106,291
173,291
252,291
3,292
106,292
172,292
252,292
3,293
106,293
172,293
252,293
2,294
106,294
172,294
252,294
2,295
106,295
171,295
252,295
2,296
106,296
171,296
252,296
2,297
106,297
171,297
252,297
2,298
106,298
171,298
251,298
2,299
106,299
171,299
252,299
2,300
106,300
171,300
252,300
2,301
106,301
172,301
252,301
2,302
107,302
172,302
252,302
2,303
106,303
172,303
252,303
3,304
106,304
172,304
252,304
4,305
104,305
105,305
173,305
252,305
4,306
103,306
174,306
252,306
4,307
101,307
102,307
175,307
176,307
252,307
4,308
7,308
8,308
9,308
10,308
11,308
12,308
13,308
14,308
15,308
16,308
98,308
99,308
100,308
177,308
252,308
5,309
6,309
17,309
18,309
19,309
20,309
21,309
22,309
23,309
24,309
25,309
28,309
29,309
30,309
31,309
32,309
33,309
34,309
35,309
36,309
37,309
38,309
48,309
95,309
96,309
97,309
178,309
251,309
26,310
27,310
39,310
40,310
41,310
42,310
43,310
44,310
45,310
46,310
47,310
49,310
50,310
51,310
52,310
53,310
54,310
55,310
56,310
57,310
58,310
59,310
60,310
61,310
62,310
63,310
69,310
70,310
71,310
72,310
73,310
74,310
90,310
91,310
92,310
93,310
94,310
179,310
180,310
181,310
251,310
64,311
65,311
66,311
67,311
68,311
75,311
76,311
77,311
78,311
79,311
80,311
81,311
82,311
83,311
84,311
85,311
86,311
87,311
88,311
89,311
182,311
183,311
251,311
184,312
185,312
186,312
251,312
187,313
188,313
189,313
190,313
191,313
192,313
193,313
195,313
196,313
197,313
198,313
200,313
201,313
202,313
203,313
204,313
205,313
206,313
216,313
217,313
218,313
219,313
220,313
221,313
222,313
223,313
224,313
251,313
194,314
199,314
207,314
208,314
209,314
210,314
211,314
212,314
213,314
214,314
215,314
225,314
226,314
227,314
228,314
229,314
230,314
231,314
232,314
233,314
234,314
237,314
238,314
239,314
240,314
241,314
242,314
243,314
244,314
245,314
246,314
247,314
248,314
251,314
235,315
236,315
249,315
250,315