73,0
72,1
72,2
72,3
73,4
73,5
73,6
73,7
74,8
74,9
74,10
74,11
74,12
73,13
74,14
74,15
74,16
74,17
74,18
74,19
74,20
75,21
75,22
75,23
74,24
75,25
75,26
75,27
75,28
75,29
76,30
76,31
76,32
76,33
77,34
76,35
76,36
76,37
76,38
76,39
77,40
77,41
77,42
77,43
77,44
78,45
77,46
77,47
77,48
78,49
78,50
78,51
78,52
78,53
79,54
79,55
79,56
78,57
79,58
79,59
79,60
79,61
79,62
79,63
80,64
80,65
80,66
80,67
79,68
79,69
79,70
20,71
21,71
22,71
23,71
24,71
25,71
26,71
29,71
30,71
31,71
79,71
18,72
19,72
27,72
28,72
32,72
33,72
34,72
35,72
36,72
79,72
17,73
37,73
38,73
79,73
14,74
15,74
16,74
39,74
78,74
13,75
40,75
41,75
42,75
43,75
78,75
13,76
44,76
78,76
11,77
12,77
45,77
46,77
47,77
77,77
10,78
48,78
77,78
9,79
49,79
76,79
8,80
50,80
51,80
52,80
53,80
75,80
8,81
54,81
55,81
74,81
8,82
56,82
57,82
73,82
7,83
58,83
72,83
7,84
59,84
60,84
61,84
62,84
68,84
69,84
70,84
71,84
6,85
63,85
64,85
65,85
66,85
67,85
5,86
4,87
3,88
3,89
3,90
2,91
2,92
2,93
1,94
1,95
1,96
1,97
0,98
0,99
0,100
0,101
0,102
0,103
1,104
1,105
1,106
2,107
2,108
1,109
2,110
2,111
2,112
2,113
3,114
3,115
4,116
5,117
5,118
5,119
6,120
6,121
7,122
7,123
8,124
8,125
9,126
10,127
11,128
12,129
12,130
13,131
13,132
14,133
66,133
15,134
60,134
61,134
62,134
63,134
64,134
65,134
67,134
16,135
56,135
58,135
59,135
68,135
69,135
17,136
18,136
53,136
54,136
55,136
57,136
70,136
19,137
20,137
52,137
71,137
21,138
45,138
47,138
48,138
49,138
50,138
51,138
72,138
73,138
74,138
22,139
23,139
43,139
44,139
46,139
75,139
24,140
40,140
41,140
42,140
76,140
25,141
26,141
27,141
28,141
29,141
31,141
32,141
33,141
34,141
37,141
38,141
39,141
77,141
30,142
35,142
36,142
78,142
78,143
78,144
79,145
78,146
78,147
78,148
79,149
79,150
79,151
79,152
79,153
80,154
80,155
80,156
79,157
79,158
79,159
79,160
79,161
79,162
79,163
79,164
79,165
79,166
79,167
79,168
78,169
78,170
78,171
78,172
78,173
78,174
78,175
79,176
79,177
79,178
79,179
78,180
77,181
77,182
77,183
77,184
77,185
78,186
78,187
78,188
78,189
78,190
77,191
77,192
77,193
77,194
77,195
77,196
77,197
77,198
77,199
77,200
77,201
76,202
76,203
76,204
76,205
76,206
76,207
76,208
76,209
76,210
76,211
76,212
75,213
75,214
75,215
75,216
75,217
75,218
75,219
75,220
75,221
75,222
75,223
74,224
74,225
74,226
74,227
74,228
74,229
74,230
74,231
74,232
74,233
74,234
73,235
73,236
73,237
73,238
73,239
73,240
73,241
73,242
73,243
73,244
73,245
72,246
72,247
73,248
73,249
73,250
73,251
73,252
73,253
73,254
73,255
73,256
72,257
72,258
72,259
72,260
72,261
72,262
72,263
72,264
72,265
72,266
72,267
71,268
71,269
71,270
71,271
72,272