86,0
86,1
85,2
84,3
84,4
84,5
83,6
83,7
83,8
83,9
83,10
83,11
83,12
83,13
83,14
83,15
83,16
83,17
82,18
82,19
82,20
82,21
82,22
82,23
82,24
82,25
82,26
82,27
82,28
81,29
81,30
81,31
81,32
81,33
80,34
80,35
80,36
79,37
79,38
79,39
79,40
79,41
79,42
79,43
79,44
79,45
79,46
79,47
79,48
79,49
78,50
78,51
78,52
78,53
78,54
78,55
77,56
77,57
77,58
76,59
76,60
22,61
23,61
24,61
25,61
76,61
20,62
21,62
26,62
27,62
28,62
29,62
30,62
31,62
32,62
33,62
34,62
35,62
75,62
19,63
36,63
37,63
38,63
39,63
40,63
75,63
18,64
41,64
42,64
43,64
75,64
16,65
17,65
44,65
45,65
74,65
15,66
46,66
47,66
48,66
49,66
50,66
72,66
73,66
14,67
51,67
52,67
53,67
71,67
13,68
54,68
55,68
56,68
69,68
70,68
12,69
57,69
58,69
68,69
11,70
59,70
60,70
61,70
62,70
63,70
64,70
65,70
66,70
67,70
10,71
9,72
9,73
8,74
8,75
7,76
7,77
6,78
6,79
5,80
5,81
5,82
4,83
4,84
4,85
3,86
3,87
3,88
2,89
2,90
2,91
2,92
1,93
1,94
1,95
0,96
0,97
0,98
0,99
0,100
0,101
1,102
1,103
1,104
1,105
2,106
2,107
2,108
3,109
3,110
4,111
4,112
4,113
5,114
5,115
6,116
7,117
7,118
8,119
8,120
9,121
9,122
10,123
11,124
11,125
12,126
13,127
64,127
65,127
66,127
67,127
68,127
69,127
70,127
71,127
13,128
59,128
60,128
61,128
62,128
63,128
72,128
14,129
53,129
54,129
55,129
56,129
57,129
58,129
73,129
15,130
51,130
52,130
74,130
16,131
48,131
49,131
50,131
75,131
16,132
46,132
47,132
75,132
17,133
18,133
19,133
43,133
44,133
45,133
76,133
20,134
21,134
39,134
40,134
41,134
42,134
76,134
22,135
23,135
36,135
37,135
38,135
77,135
24,136
27,136
28,136
29,136
30,136
32,136
33,136
34,136
35,136
77,136
25,137
26,137
31,137
78,137
78,138
79,139
79,140
79,141
79,142
79,143
79,144
80,145
80,146
80,147
80,148
80,149
80,150
80,151
81,152
81,153
81,154
81,155
81,156
81,157
81,158
81,159
80,160
80,161
80,162
81,163
81,164
81,165
81,166
80,167
81,168
81,169
81,170
81,171
81,172
80,173
80,174
81,175
81,176
81,177
81,178
81,179
81,180
81,181
81,182
81,183
81,184
81,185
81,186
81,187
81,188
81,189
81,190
81,191
80,192
80,193
80,194
80,195
80,196
80,197
81,198
81,199
81,200
80,201
80,202
81,203
81,204
81,205
81,206
81,207
82,208
82,209
82,210
82,211
82,212
82,213
82,214
82,215
82,216
82,217
82,218
82,219
82,220
82,221
82,222
81,223
81,224
81,225
81,226
81,227
81,228
81,229
81,230
81,231
81,232
81,233
81,234
81,235
82,236
82,237
82,238
82,239
82,240
82,241
81,242
81,243
81,244
81,245
81,246
81,247
82,248
82,249
82,250
82,251
82,252
82,253
82,254
81,255
81,256
81,257
81,258
81,259
81,260
81,261
82,262
82,263
82,264
81,265
81,266
82,267
82,268
83,269
84,270
85,271