0,0
0,1
1,2
2,3
2,4
2,5
2,6
2,7
2,8
2,9
3,10
3,11
3,12
2,13
2,14
2,15
2,16
2,17
2,18
3,19
3,20
3,21
3,22
3,23
3,24
3,25
3,26
3,27
4,28
4,29
4,30
4,31
4,32
4,33
4,34
4,35
4,36
4,37
5,38
5,39
5,40
5,41
5,42
6,43
6,44
6,45
6,46
5,47
5,48
5,49
5,50
5,51
5,52
6,53
6,54
6,55
7,56
7,57
7,58
7,59
8,60
8,61
7,62
7,63
7,64
8,65
8,66
8,67
8,68
8,69
9,70
9,71
9,72
9,73
9,74
10,75
10,76
10,77
10,78
10,79
57,79
58,79
59,79
60,79
10,80
56,80
61,80
62,80
63,80
64,80
65,80
11,81
51,81
52,81
53,81
54,81
55,81
66,81
11,82
49,82
50,82
67,82
68,82
69,82
70,82
11,83
48,83
71,83
72,83
73,83
11,84
46,84
47,84
74,84
75,84
76,84
12,85
44,85
45,85
77,85
78,85
12,86
43,86
79,86
80,86
13,87
41,87
42,87
81,87
14,88
39,88
40,88
82,88
14,89
37,89
38,89
83,89
84,89
14,90
36,90
85,90
86,90
87,90
15,91
34,91
35,91
88,91
16,92
17,92
18,92
31,92
32,92
33,92
88,92
19,93
20,93
21,93
22,93
26,93
27,93
28,93
29,93
30,93
89,93
23,94
24,94
25,94
90,94
91,95
91,96
92,97
93,98
94,99
94,100
95,101
95,102
95,103
95,104
95,105
96,106
97,107
97,108
97,109
97,110
97,111
96,112
96,113
97,114
97,115
97,116
97,117
97,118
97,119
97,120
97,121
97,122
96,123
95,124
95,125
96,126
95,127
95,128
94,129
94,130
94,131
93,132
92,133
92,134
91,135
90,136
90,137
90,138
89,139
88,140
24,141
25,141
26,141
27,141
28,141
29,141
30,141
31,141
32,141
33,141
34,141
35,141
36,141
87,141
23,142
37,142
38,142
39,142
86,142
21,143
22,143
40,143
41,143
85,143
20,144
42,144
43,144
84,144
19,145
44,145
45,145
46,145
80,145
83,145
19,146
47,146
48,146
78,146
79,146
81,146
82,146
18,147
49,147
50,147
51,147
77,147
18,148
52,148
53,148
54,148
58,148
76,148
17,149
55,149
56,149
57,149
59,149
60,149
62,149
72,149
73,149
74,149
75,149
16,150
61,150
63,150
64,150
65,150
66,150
71,150
16,151
67,151
68,151
69,151
70,151
15,152
15,153
15,154
14,155
14,156
14,157
14,158
14,159
13,160
13,161
13,162
13,163
12,164
12,165
12,166
12,167
12,168
12,169
11,170
11,171
11,172
11,173
10,174
11,175
11,176
10,177
10,178
10,179
10,180
10,181
9,182
9,183
9,184
9,185
9,186
9,187
8,188
8,189
8,190
8,191
8,192
8,193
7,194
7,195
7,196
7,197
7,198
7,199
7,200
6,201
6,202
6,203
7,204
6,205
6,206
6,207
6,208
5,209
5,210
5,211
5,212
4,213
4,214
4,215
4,216
4,217
4,218
4,219
4,220
3,221
3,222
3,223
3,224
3,225
3,226
2,227
2,228
2,229
2,230
2,231
2,232
2,233
1,234
1,235
1,236
1,237
1,238
1,239
1,240
1,241
1,242
1,243
0,244
0,245
0,246
0,247