87,0
86,1
86,2
87,3
87,4
87,5
88,6
88,7
88,8
88,9
87,10
87,11
87,12
87,13
87,14
86,15
86,16
86,17
86,18
86,19
86,20
86,21
86,22
86,23
86,24
86,25
86,26
86,27
86,28
86,29
86,30
86,31
86,32
86,33
86,34
86,35
86,36
86,37
86,38
86,39
87,40
87,41
86,42
86,43
86,44
86,45
86,46
86,47
86,48
86,49
86,50
86,51
86,52
86,53
86,54
86,55
86,56
86,57
85,58
85,59
85,60
85,61
85,62
85,63
85,64
85,65
85,66
85,67
85,68
85,69
85,70
85,71
85,72
85,73
85,74
85,75
85,76
85,77
85,78
85,79
84,80
84,81
84,82
84,83
84,84
84,85
84,86
19,87
20,87
21,87
22,87
23,87
24,87
25,87
26,87
84,87
17,88
18,88
27,88
28,88
29,88
30,88
31,88
32,88
33,88
34,88
84,88
15,89
16,89
35,89
36,89
37,89
83,89
14,90
38,90
39,90
83,90
13,91
40,91
41,91
42,91
83,91
12,92
43,92
44,92
82,92
11,93
45,93
82,93
10,94
45,94
81,94
9,95
46,95
47,95
81,95
9,96
48,96
49,96
50,96
80,96
8,97
51,97
80,97
8,98
52,98
53,98
79,98
6,99
7,99
54,99
55,99
78,99
5,100
56,100
76,100
77,100
4,101
57,101
58,101
75,101
4,102
59,102
60,102
61,102
75,102
4,103
62,103
63,103
64,103
65,103
70,103
71,103
72,103
73,103
74,103
3,104
66,104
67,104
68,104
69,104
3,105
2,106
2,107
1,108
1,109
1,110
1,111
1,112
0,113
0,114
0,115
0,116
0,117
0,118
0,119
0,120
0,121
0,122
0,123
1,124
1,125
1,126
1,127
1,128
2,129
2,130
2,131
2,132
3,133
3,134
4,135
5,136
5,137
5,138
6,139
6,140
7,141
6,142
69,142
70,142
71,142
7,143
63,143
64,143
65,143
66,143
67,143
68,143
72,143
73,143
8,144
62,144
74,144
75,144
9,145
59,145
60,145
61,145
76,145
10,146
57,146
58,146
77,146
10,147
55,147
56,147
78,147
11,148
54,148
78,148
12,149
51,149
52,149
53,149
79,149
13,150
50,150
80,150
14,151
48,151
49,151
80,151
15,152
47,152
81,152
16,153
17,153
46,153
81,153
18,154
43,154
44,154
45,154
81,154
19,155
20,155
40,155
41,155
42,155
82,155
21,156
22,156
23,156
24,156
39,156
82,156
25,157
26,157
37,157
38,157
82,157
27,158
28,158
29,158
32,158
33,158
34,158
35,158
36,158
83,158
30,159
31,159
83,159
83,160
83,161
83,162
84,163
84,164
84,165
84,166
84,167
84,168
84,169
84,170
85,171
85,172
85,173
85,174
85,175
85,176
85,177
85,178
85,179
85,180
85,181
85,182
85,183
85,184
85,185
84,186
85,187
84,188
84,189
85,190
85,191
85,192
85,193
85,194
85,195
85,196
85,197
85,198
85,199
85,200
85,201
85,202
85,203
85,204
85,205
85,206
86,207
86,208
86,209
86,210
86,211
86,212
86,213
86,214
86,215
86,216
86,217
86,218
86,219
86,220
86,221
85,222
85,223
84,224
85,225
84,226
85,227
86,228
87,229