2,0
2,1
2,2
3,3
3,4
3,5
3,6
3,7
4,8
4,9
4,10
4,11
4,12
4,13
4,14
4,15
4,16
4,17
4,18
4,19
5,20
5,21
5,22
5,23
5,24
5,25
5,26
5,27
5,28
5,29
5,30
5,31
6,32
6,33
6,34
6,35
6,36
7,37
7,38
6,39
6,40
6,41
7,42
7,43
7,44
7,45
7,46
8,47
8,48
8,49
8,50
9,51
9,52
9,53
9,54
9,55
10,56
10,57
10,58
10,59
11,60
11,61
11,62
11,63
60,63
61,63
62,63
63,63
64,63
65,63
66,63
67,63
12,64
55,64
56,64
57,64
58,64
59,64
68,64
69,64
70,64
12,65
52,65
53,65
54,65
71,65
72,65
74,65
12,66
50,66
51,66
73,66
75,66
13,67
45,67
46,67
47,67
48,67
49,67
76,67
13,68
43,68
44,68
77,68
14,69
41,69
42,69
78,69
15,70
38,70
39,70
40,70
79,70
16,71
35,71
36,71
37,71
80,71
17,72
18,72
31,72
32,72
33,72
34,72
81,72
19,73
20,73
21,73
23,73
24,73
30,73
81,73
22,74
25,74
26,74
27,74
28,74
29,74
82,74
82,75
83,76
84,77
85,78
85,79
85,80
86,81
87,82
87,83
87,84
88,85
88,86
88,87
89,88
89,89
89,90
89,91
90,92
90,93
91,94
91,95
91,96
92,97
92,98
92,99
91,100
91,101
91,102
91,103
91,104
91,105
91,106
91,107
90,108
90,109
90,110
90,111
90,112
89,113
88,114
88,115
87,116
87,117
86,118
85,119
84,120
84,121
84,122
83,123
82,124
81,125
16,126
17,126
18,126
19,126
20,126
21,126
22,126
23,126
80,126
14,127
15,127
24,127
25,127
26,127
27,127
79,127
13,128
28,128
29,128
31,128
32,128
78,128
12,129
30,129
33,129
34,129
35,129
77,129
12,130
36,130
37,130
76,130
11,131
38,131
39,131
75,131
10,132
40,132
41,132
42,132
75,132
9,133
43,133
44,133
74,133
9,134
45,134
46,134
73,134
9,135
47,135
48,135
72,135
8,136
49,136
50,136
51,136
69,136
70,136
71,136
8,137
52,137
53,137
54,137
68,137
8,138
55,138
56,138
57,138
58,138
59,138
64,138
65,138
66,138
67,138
8,139
60,139
61,139
62,139
63,139
8,140
8,141
8,142
7,143
7,144
7,145
7,146
7,147
7,148
6,149
6,150
6,151
6,152
6,153
6,154
6,155
6,156
6,157
6,158
5,159
5,160
5,161
5,162
5,163
5,164
5,165
5,166
5,167
5,168
5,169
4,170
4,171
4,172
4,173
4,174
4,175
4,176
4,177
4,178
4,179
4,180
5,181
4,182
4,183
4,184
4,185
4,186
4,187
4,188
4,189
4,190
4,191
4,192
4,193
4,194
4,195
3,196
3,197
3,198
3,199
3,200
3,201
3,202
3,203
3,204
3,205
3,206
3,207
3,208
3,209
2,210
2,211
2,212
2,213
2,214
2,215
1,216
1,217
0,218
0,219
0,220
0,221
1,222