309,0
310,0
311,0
312,0
313,0
314,0
315,0
316,0
317,0
301,1
302,1
303,1
304,1
305,1
306,1
307,1
308,1
318,1
296,2
297,2
298,2
299,2
300,2
317,2
291,3
292,3
293,3
294,3
295,3
317,3
277,4
284,4
285,4
286,4
287,4
288,4
289,4
290,4
317,4
273,5
274,5
275,5
276,5
278,5
279,5
280,5
281,5
282,5
283,5
317,5
268,6
269,6
270,6
271,6
272,6
316,6
262,7
263,7
264,7
265,7
266,7
267,7
316,7
257,8
258,8
259,8
260,8
261,8
316,8
253,9
254,9
255,9
256,9
317,9
250,10
251,10
252,10
317,10
246,11
247,11
248,11
249,11
317,11
244,12
245,12
317,12
125,13
126,13
127,13
128,13
129,13
130,13
131,13
132,13
133,13
134,13
135,13
136,13
137,13
138,13
139,13
140,13
159,13
160,13
161,13
162,13
163,13
164,13
165,13
166,13
167,13
168,13
243,13
317,13
94,14
95,14
100,14
101,14
102,14
103,14
104,14
105,14
106,14
107,14
108,14
109,14
110,14
111,14
112,14
113,14
114,14
115,14
116,14
117,14
118,14
119,14
120,14
121,14
122,14
123,14
124,14
141,14
142,14
143,14
144,14
145,14
146,14
147,14
148,14
149,14
150,14
151,14
152,14
153,14
154,14
155,14
156,14
157,14
158,14
169,14
170,14
171,14
172,14
173,14
174,14
175,14
176,14
242,14
317,14
93,15
96,15
97,15
98,15
99,15
177,15
178,15
179,15
180,15
241,15
318,15
93,16
181,16
182,16
240,16
318,16
93,17
183,17
184,17
239,17
318,17
94,18
185,18
239,18
318,18
94,19
186,19
239,19
318,19
94,20
187,20
239,20
318,20
94,21
188,21
239,21
319,21
93,22
187,22
239,22
319,22
93,23
187,23
239,23
319,23
93,24
187,24
239,24
319,24
92,25
187,25
239,25
319,25
92,26
186,26
240,26
319,26
92,27
186,27
239,27
319,27
93,28
186,28
239,28
318,28
93,29
186,29
239,29
318,29
92,30
186,30
239,30
319,30
92,31
186,31
240,31
319,31
92,32
185,32
241,32
319,32
92,33
185,33
241,33
319,33
92,34
184,34
242,34
319,34
93,35
184,35
242,35
319,35
93,36
183,36
243,36
319,36
92,37
183,37
243,37
319,37
92,38
183,38
244,38
320,38
92,39
182,39
244,39
320,39
92,40
182,40
245,40
320,40
92,41
181,41
245,41
320,41
92,42
181,42
246,42
320,42
92,43
180,43
247,43
320,43
92,44
180,44
247,44
321,44
92,45
180,45
248,45
321,45
92,46
179,46
248,46
321,46
92,47
178,47
249,47
321,47
92,48
177,48
249,48
322,48
92,49
177,49
250,49
322,49
92,50
177,50
250,50
322,50
92,51
176,51
251,51
322,51
91,52
176,52
251,52
322,52
91,53
176,53
251,53
322,53
92,54
175,54
251,54
322,54
92,55
175,55
252,55
322,55
92,56
175,56
252,56
322,56
92,57
174,57
251,57
323,57
92,58
174,58
251,58
323,58
91,59
173,59
251,59
323,59
91,60
173,60
251,60
323,60
91,61
173,61
251,61
323,61
91,62
173,62
250,62
323,62
91,63
173,63
250,63
323,63
91,64
173,64
249,64
324,64
91,65
173,65
248,65
324,65
91,66
172,66
248,66
324,66
91,67
172,67
248,67
324,67
91,68
172,68
247,68
325,68
91,69
172,69
246,69
325,69
90,70
172,70
246,70
325,70
90,71
171,71
245,71
325,71
89,72
171,72
244,72
325,72
89,73
172,73
243,73
324,73
89,74
172,74
242,74
325,74
89,75
173,75
240,75
241,75
325,75
89,76
174,76
238,76
239,76
325,76
89,77
175,77
237,77
325,77
89,78
176,78
236,78
325,78
89,79
177,79
235,79
325,79
89,80
178,80
179,80
233,80
234,80
325,80
89,81
180,81
181,81
229,81
230,81
231,81
232,81
326,81
89,82
182,82
183,82
184,82
227,82
228,82
326,82
89,83
185,83
224,83
225,83
226,83
326,83
89,84
186,84
187,84
221,84
222,84
223,84
326,84
89,85
188,85
189,85
190,85
219,85
220,85
326,85
89,86
191,86
192,86
193,86
215,86
216,86
217,86
218,86
327,86
89,87
194,87
195,87
196,87
197,87
198,87
199,87
200,87
201,87
202,87
207,87
208,87
209,87
210,87
211,87
212,87
213,87
214,87
327,87
89,88
203,88
204,88
205,88
206,88
327,88
89,89
327,89
89,90
327,90
88,91
328,91
88,92
328,92
88,93
328,93
380,93
381,93
382,93
383,93
384,93
385,93
386,93
387,93
388,93
88,94
328,94
377,94
378,94
379,94
389,94
390,94
391,94
392,94
88,95
329,95
375,95
376,95
393,95
394,95
88,96
329,96
373,96
374,96
395,96
22,97
23,97
24,97
25,97
26,97
27,97
28,97
29,97
30,97
31,97
32,97
33,97
34,97
35,97
36,97
37,97
38,97
87,97
330,97
370,97
371,97
372,97
396,97
397,97
19,98
20,98
21,98
39,98
40,98
41,98
42,98
87,98
330,98
367,98
369,98
398,98
17,99
18,99
43,99
44,99
87,99
330,99
365,99
366,99
368,99
399,99
16,100
45,100
86,100
331,100
363,100
364,100
400,100
15,101
46,101
47,101
85,101
331,101
361,101
362,101
401,101
14,102
48,102
85,102
331,102
360,102
402,102
13,103
49,103
85,103
332,103
359,103
403,103
13,104
50,104
51,104
52,104
85,104
333,104
334,104
356,104
357,104
358,104
403,104
12,105
53,105
54,105
85,105
335,105
355,105
404,105
11,106
55,106
56,106
84,106
336,106
351,106
352,106
353,106
354,106
405,106
10,107
57,107
84,107
337,107
338,107
339,107
348,107
349,107
350,107
406,107
9,108
58,108
59,108
60,108
83,108
340,108
341,108
342,108
343,108
344,108
345,108
346,108
347,108
407,108
9,109
61,109
81,109
82,109
407,109
9,110
62,110
63,110
64,110
80,110
408,110
8,111
65,111
66,111
67,111
78,111
79,111
408,111
7,112
68,112
69,112
70,112
71,112
73,112
74,112
75,112
76,112
77,112
409,112
7,113
72,113
409,113
6,114
410,114
5,115
411,115
4,116
411,116
3,117
412,117
3,118
412,118
3,119
412,119
2,120
412,120
2,121
412,121
2,122
412,122
2,123
412,123
1,124
413,124
1,125
413,125
1,126
413,126
0,127
413,127
0,128
413,128
0,129
413,129
1,130
414,130
1,131
414,131
1,132
414,132
1,133
414,133
2,134
414,134
2,135
414,135
2,136
414,136
2,137
414,137
2,138
414,138
3,139
413,139
3,140
412,140
3,141
412,141
3,142
412,142
3,143
411,143
4,144
411,144
5,145
411,145
5,146
410,146
6,147
343,147
344,147
345,147
346,147
347,147
410,147
6,148
340,148
341,148
342,148
348,148
349,148
350,148
351,148
409,148
6,149
337,149
338,149
339,149
352,149
353,149
354,149
408,149
7,150
335,150
336,150
355,150
408,150
8,151
334,151
356,151
357,151
358,151
359,151
407,151
8,152
333,152
360,152
407,152
9,153
70,153
71,153
333,153
361,153
362,153
406,153
9,154
66,154
67,154
68,154
69,154
72,154
73,154
74,154
75,154
76,154
332,154
363,154
364,154
406,154
10,155
62,155
63,155
64,155
65,155
77,155
78,155
332,155
365,155
405,155
11,156
61,156
79,156
332,156
366,156
404,156
12,157
59,157
60,157
80,157
331,157
367,157
368,157
403,157
12,158
57,158
58,158
81,158
330,158
369,158
402,158
13,159
55,159
56,159
82,159
330,159
370,159
371,159
401,159
14,160
52,160
53,160
54,160
82,160
329,160
372,160
373,160
374,160
400,160
14,161
48,161
50,161
51,161
82,161
329,161
375,161
376,161
377,161
399,161
15,162
46,162
47,162
49,162
82,162
329,162
378,162
398,162
16,163
44,163
45,163
83,163
328,163
379,163
380,163
394,163
395,163
396,163
397,163
17,164
18,164
43,164
83,164
327,164
381,164
382,164
383,164
384,164
385,164
386,164
387,164
388,164
389,164
390,164
391,164
392,164
393,164
19,165
20,165
41,165
42,165
83,165
327,165
21,166
22,166
40,166
84,166
327,166
23,167
24,167
25,167
37,167
38,167
39,167
84,167
327,167
26,168
27,168
28,168
29,168
30,168
31,168
32,168
33,168
34,168
35,168
36,168
84,168
327,168
85,169
327,169
85,170
327,170
85,171
326,171
85,172
326,172
85,173
326,173
86,174
326,174
86,175
326,175
86,176
326,176
86,177
326,177
86,178
327,178
86,179
327,179
86,180
327,180
86,181
327,181
86,182
224,182
225,182
226,182
227,182
327,182
86,183
211,183
212,183
213,183
214,183
215,183
216,183
217,183
218,183
219,183
220,183
221,183
222,183
223,183
228,183
229,183
327,183
86,184
207,184
208,184
209,184
210,184
230,184
231,184
232,184
233,184
234,184
235,184
236,184
237,184
238,184
239,184
240,184
241,184
242,184
328,184
86,185
200,185
201,185
202,185
203,185
204,185
205,185
206,185
243,185
244,185
245,185
246,185
328,185
86,186
198,186
199,186
247,186
248,186
249,186
250,186
328,186
87,187
195,187
196,187
197,187
251,187
252,187
253,187
328,187
87,188
193,188
194,188
254,188
329,188
86,189
190,189
191,189
192,189
255,189
256,189
329,189
87,190
187,190
188,190
189,190
257,190
258,190
329,190
87,191
186,191
259,191
329,191
87,192
182,192
183,192
184,192
185,192
260,192
261,192
262,192
329,192
87,193
181,193
263,193
329,193
87,194
181,194
263,194
329,194
87,195
180,195
264,195
330,195
87,196
179,196
265,196
266,196
330,196
87,197
179,197
267,197
330,197
88,198
178,198
267,198
330,198
88,199
177,199
268,199
330,199
88,200
177,200
269,200
330,200
88,201
176,201
269,201
331,201
88,202
175,202
269,202
331,202
88,203
174,203
270,203
331,203
88,204
174,204
270,204
331,204
88,205
174,205
271,205
331,205
88,206
173,206
271,206
332,206
87,207
173,207
271,207
332,207
87,208
172,208
271,208
332,208
88,209
172,209
270,209
332,209
88,210
172,210
270,210
331,210
88,211
173,211
269,211
331,211
88,212
173,212
269,212
332,212
88,213
174,213
268,213
332,213
88,214
174,214
268,214
332,214
88,215
175,215
267,215
332,215
88,216
175,216
267,216
332,216
88,217
175,217
266,217
332,217
88,218
176,218
177,218
265,218
332,218
88,219
178,219
264,219
333,219
88,220
179,220
264,220
333,220
88,221
179,221
263,221
333,221
88,222
180,222
262,222
333,222
88,223
181,223
182,223
262,223
334,223
88,224
183,224
261,224
334,224
89,225
183,225
260,225
334,225
89,226
183,226
260,226
334,226
89,227
183,227
259,227
334,227
89,228
184,228
259,228
334,228
89,229
185,229
258,229
334,229
89,230
186,230
257,230
335,230
89,231
186,231
256,231
335,231
89,232
187,232
188,232
256,232
335,232
89,233
189,233
255,233
336,233
89,234
189,234
255,234
336,234
89,235
190,235
254,235
336,235
89,236
190,236
254,236
336,236
89,237
191,237
253,237
336,237
89,238
191,238
253,238
336,238
90,239
192,239
252,239
336,239
90,240
193,240
252,240
337,240
90,241
193,241
252,241
337,241
90,242
194,242
252,242
337,242
90,243
195,243
252,243
337,243
90,244
195,244
251,244
337,244
90,245
195,245
251,245
338,245
90,246
196,246
251,246
338,246
90,247
196,247
251,247
338,247
90,248
196,248
251,248
338,248
90,249
196,249
251,249
338,249
91,250
196,250
251,250
338,250
91,251
197,251
251,251
339,251
90,252
197,252
251,252
339,252
90,253
197,253
252,253
339,253
90,254
196,254
252,254
339,254
90,255
196,255
253,255
338,255
90,256
195,256
254,256
255,256
339,256
90,257
195,257
256,257
257,257
339,257
90,258
194,258
258,258
339,258
90,259
194,259
259,259
260,259
261,259
262,259
339,259
90,260
193,260
263,260
264,260
265,260
266,260
267,260
268,260
269,260
338,260
90,261
192,261
270,261
271,261
272,261
273,261
274,261
284,261
285,261
286,261
287,261
288,261
289,261
290,261
291,261
292,261
293,261
294,261
295,261
296,261
297,261
298,261
299,261
300,261
301,261
302,261
303,261
304,261
305,261
306,261
307,261
308,261
309,261
310,261
311,261
312,261
313,261
314,261
315,261
316,261
317,261
318,261
319,261
331,261
332,261
333,261
334,261
335,261
336,261
337,261
90,262
189,262
190,262
191,262
275,262
276,262
277,262
278,262
279,262
280,262
281,262
282,262
283,262
320,262
321,262
322,262
323,262
324,262
325,262
326,262
327,262
328,262
329,262
330,262
91,263
125,263
126,263
127,263
128,263
129,263
130,263
131,263
132,263
133,263
134,263
135,263
136,263
137,263
164,263
165,263
166,263
167,263
173,263
174,263
175,263
176,263
177,263
178,263
179,263
180,263
181,263
182,263
183,263
186,263
187,263
188,263
92,264
104,264
105,264
106,264
107,264
114,264
115,264
116,264
117,264
118,264
119,264
120,264
121,264
122,264
123,264
124,264
138,264
139,264
140,264
141,264
142,264
143,264
144,264
145,264
146,264
147,264
148,264
149,264
150,264
151,264
152,264
153,264
154,264
155,264
156,264
157,264
158,264
159,264
160,264
161,264
162,264
163,264
168,264
169,264
170,264
171,264
172,264
184,264
185,264
93,265
94,265
95,265
96,265
97,265
98,265
99,265
100,265
101,265
102,265
103,265
108,265
109,265
110,265
111,265
112,265
113,265