98,0
99,0
100,0
101,0
110,0
111,0
112,0
113,0
114,0
115,0
116,0
117,0
118,0
119,0
97,1
102,1
103,1
104,1
105,1
106,1
107,1
108,1
109,1
120,1
121,1
122,1
123,1
124,1
125,1
126,1
127,1
128,1
129,1
130,1
131,1
132,1
133,1
134,1
135,1
136,1
137,1
96,2
138,2
139,2
140,2
141,2
142,2
143,2
144,2
145,2
146,2
147,2
148,2
149,2
150,2
151,2
152,2
153,2
154,2
155,2
156,2
158,2
161,2
163,2
165,2
166,2
167,2
168,2
169,2
170,2
171,2
172,2
173,2
174,2
294,2
295,2
296,2
297,2
298,2
299,2
300,2
301,2
310,2
311,2
312,2
313,2
314,2
315,2
316,2
317,2
318,2
319,2
96,3
157,3
159,3
160,3
162,3
164,3
175,3
176,3
177,3
178,3
179,3
180,3
181,3
182,3
183,3
184,3
185,3
186,3
187,3
188,3
189,3
190,3
191,3
192,3
287,3
288,3
289,3
290,3
291,3
292,3
293,3
302,3
303,3
304,3
305,3
306,3
307,3
308,3
309,3
320,3
321,3
322,3
323,3
324,3
325,3
326,3
327,3
328,3
329,3
330,3
331,3
332,3
333,3
334,3
335,3
336,3
337,3
341,3
342,3
343,3
344,3
345,3
346,3
347,3
348,3
349,3
350,3
351,3
352,3
353,3
354,3
355,3
366,3
367,3
368,3
96,4
193,4
194,4
195,4
196,4
197,4
198,4
199,4
200,4
201,4
202,4
203,4
204,4
205,4
206,4
207,4
208,4
209,4
210,4
282,4
283,4
285,4
286,4
338,4
339,4
340,4
356,4
357,4
358,4
359,4
360,4
361,4
362,4
363,4
364,4
365,4
369,4
370,4
371,4
372,4
373,4
374,4
375,4
376,4
377,4
378,4
379,4
380,4
381,4
382,4
383,4
384,4
385,4
386,4
387,4
96,5
211,5
212,5
213,5
214,5
280,5
281,5
284,5
388,5
96,6
215,6
216,6
217,6
218,6
279,6
388,6
96,7
219,7
220,7
221,7
278,7
388,7
96,8
222,8
278,8
388,8
96,9
223,9
224,9
277,9
388,9
96,10
225,10
276,10
388,10
96,11
226,11
275,11
388,11
96,12
226,12
275,12
388,12
96,13
227,13
275,13
389,13
96,14
227,14
275,14
389,14
95,15
227,15
275,15
389,15
95,16
227,16
275,16
389,16
95,17
227,17
275,17
389,17
95,18
227,18
275,18
389,18
95,19
226,19
275,19
390,19
95,20
226,20
274,20
390,20
95,21
226,21
275,21
390,21
95,22
225,22
275,22
390,22
95,23
225,23
276,23
389,23
95,24
225,24
276,24
389,24
95,25
225,25
276,25
390,25
95,26
224,26
277,26
390,26
95,27
224,27
278,27
390,27
95,28
223,28
278,28
390,28
95,29
223,29
278,29
390,29
95,30
222,30
279,30
390,30
95,31
222,31
280,31
390,31
95,32
221,32
281,32
391,32
94,33
221,33
282,33
391,33
93,34
220,34
283,34
391,34
93,35
219,35
283,35
391,35
93,36
218,36
283,36
391,36
93,37
217,37
284,37
391,37
92,38
216,38
284,38
392,38
92,39
216,39
285,39
392,39
92,40
215,40
286,40
392,40
92,41
215,41
287,41
391,41
92,42
214,42
287,42
391,42
92,43
213,43
288,43
391,43
92,44
212,44
289,44
391,44
92,45
212,45
290,45
391,45
92,46
211,46
290,46
392,46
92,47
210,47
291,47
392,47
92,48
210,48
292,48
392,48
92,49
209,49
293,49
392,49
92,50
209,50
293,50
392,50
91,51
209,51
294,51
392,51
91,52
209,52
294,52
393,52
91,53
209,53
295,53
393,53
91,54
208,54
296,54
393,54
91,55
207,55
296,55
393,55
91,56
208,56
296,56
393,56
91,57
208,57
295,57
393,57
91,58
208,58
295,58
393,58
91,59
208,59
296,59
394,59
91,60
209,60
296,60
393,60
91,61
209,61
296,61
393,61
91,62
210,62
295,62
393,62
443,62
444,62
446,62
447,62
448,62
449,62
450,62
451,62
91,63
211,63
295,63
394,63
441,63
442,63
445,63
452,63
453,63
454,63
455,63
91,64
212,64
294,64
394,64
438,64
439,64
440,64
456,64
91,65
213,65
294,65
394,65
437,65
457,65
458,65
459,65
90,66
214,66
293,66
395,66
436,66
460,66
90,67
215,67
292,67
395,67
434,67
435,67
461,67
90,68
216,68
217,68
291,68
395,68
433,68
462,68
89,69
218,69
290,69
395,69
431,69
432,69
462,69
88,70
219,70
220,70
289,70
396,70
430,70
463,70
88,71
221,71
222,71
223,71
287,71
288,71
396,71
429,71
464,71
88,72
224,72
225,72
286,72
397,72
428,72
465,72
88,73
226,73
281,73
283,73
284,73
285,73
397,73
425,73
426,73
427,73
465,73
88,74
227,74
228,74
229,74
279,74
280,74
282,74
398,74
424,74
466,74
88,75
230,75
231,75
232,75
233,75
234,75
235,75
274,75
275,75
276,75
277,75
278,75
398,75
423,75
467,75
88,76
236,76
237,76
238,76
239,76
240,76
241,76
242,76
243,76
244,76
262,76
270,76
271,76
272,76
273,76
399,76
422,76
468,76
89,77
245,77
246,77
247,77
248,77
249,77
250,77
251,77
252,77
253,77
254,77
255,77
256,77
257,77
258,77
259,77
260,77
261,77
263,77
264,77
265,77
266,77
267,77
268,77
269,77
400,77
420,77
421,77
468,77
88,78
401,78
417,78
418,78
419,78
469,78
35,79
88,79
402,79
415,79
416,79
469,79
32,80
33,80
34,80
36,80
37,80
38,80
39,80
40,80
41,80
42,80
43,80
44,80
45,80
47,80
87,80
403,80
404,80
405,80
413,80
414,80
468,80
26,81
28,81
29,81
30,81
31,81
46,81
48,81
49,81
50,81
88,81
406,81
407,81
412,81
469,81
23,82
24,82
25,82
27,82
51,82
52,82
53,82
54,82
88,82
408,82
409,82
410,82
411,82
469,82
21,83
22,83
55,83
56,83
87,83
470,83
20,84
57,84
86,84
470,84
18,85
19,85
58,85
59,85
60,85
86,85
470,85
16,86
17,86
61,86
86,86
471,86
15,87
62,87
63,87
84,87
85,87
471,87
14,88
64,88
83,88
471,88
13,89
65,89
83,89
472,89
12,90
66,90
67,90
68,90
81,90
82,90
472,90
11,91
69,91
70,91
71,91
72,91
80,91
472,91
10,92
73,92
74,92
75,92
76,92
77,92
78,92
79,92
472,92
9,93
472,93
8,94
473,94
7,95
473,95
7,96
473,96
6,97
473,97
5,98
472,98
5,99
472,99
5,100
472,100
5,101
473,101
4,102
473,102
3,103
473,103
2,104
473,104
2,105
473,105
2,106
473,106
2,107
473,107
1,108
473,108
1,109
473,109
1,110
473,110
1,111
473,111
1,112
473,112
1,113
473,113
0,114
473,114
0,115
473,115
0,116
472,116
1,117
472,117
1,118
472,118
1,119
472,119
1,120
472,120
1,121
472,121
1,122
472,122
1,123
472,123
2,124
472,124
2,125
472,125
2,126
472,126
2,127
471,127
2,128
471,128
2,129
471,129
3,130
471,130
3,131
470,131
4,132
470,132
4,133
469,133
5,134
468,134
5,135
468,135
6,136
468,136
7,137
468,137
7,138
467,138
8,139
467,139
7,140
70,140
71,140
72,140
73,140
74,140
75,140
76,140
404,140
405,140
406,140
467,140
8,141
65,141
66,141
67,141
68,141
69,141
77,141
78,141
402,141
403,141
407,141
408,141
409,141
410,141
411,141
412,141
413,141
467,141
9,142
61,142
63,142
64,142
79,142
401,142
414,142
415,142
466,142
10,143
58,143
59,143
60,143
62,143
80,143
400,143
416,143
417,143
418,143
466,143
11,144
12,144
57,144
81,144
399,144
419,144
420,144
465,144
13,145
54,145
55,145
56,145
82,145
398,145
421,145
422,145
465,145
14,146
53,146
83,146
398,146
423,146
424,146
465,146
15,147
16,147
17,147
52,147
83,147
398,147
425,147
464,147
18,148
19,148
50,148
51,148
84,148
397,148
426,148
464,148
20,149
21,149
49,149
85,149
397,149
427,149
463,149
22,150
23,150
24,150
46,150
47,150
48,150
85,150
396,150
428,150
463,150
25,151
42,151
43,151
45,151
85,151
396,151
428,151
460,151
461,151
462,151
26,152
27,152
28,152
29,152
30,152
31,152
32,152
33,152
34,152
35,152
36,152
41,152
44,152
86,152
396,152
429,152
459,152
37,153
38,153
39,153
40,153
87,153
396,153
430,153
431,153
458,153
87,154
396,154
432,154
457,154
87,155
396,155
433,155
456,155
87,156
395,156
434,156
435,156
455,156
88,157
395,157
436,157
437,157
454,157
88,158
395,158
438,158
439,158
452,158
453,158
89,159
395,159
440,159
441,159
450,159
451,159
88,160
395,160
442,160
448,160
449,160
88,161
395,161
443,161
444,161
445,161
446,161
447,161
88,162
395,162
88,163
395,163
88,164
395,164
88,165
395,165
88,166
394,166
88,167
394,167
88,168
393,168
89,169
393,169
89,170
393,170
89,171
393,171
89,172
393,172
89,173
393,173
89,174
393,174
89,175
393,175
90,176
393,176
90,177
393,177
90,178
393,178
90,179
393,179
90,180
393,180
90,181
393,181
90,182
393,182
90,183
393,183
90,184
393,184
90,185
393,185
90,186
393,186
90,187
392,187
90,188
392,188
90,189
392,189
90,190
391,190
91,191
392,191
91,192
392,192
91,193
392,193
91,194
391,194
92,195
391,195
91,196
391,196
91,197
391,197
91,198
391,198
91,199
391,199
91,200
392,200
91,201
391,201
91,202
391,202
91,203
391,203
92,204
391,204
92,205
390,205
93,206
390,206
93,207
390,207
92,208
390,208
92,209
390,209
92,210
390,210
92,211
390,211
93,212
390,212
93,213
390,213
94,214
390,214
93,215
390,215
93,216
390,216
92,217
390,217
93,218
390,218
93,219
389,219
93,220
389,220
93,221
389,221
93,222
389,222
93,223
388,223
93,224
388,224
93,225
389,225
93,226
389,226
93,227
389,227
93,228
388,228
93,229
388,229
94,230
387,230
94,231
384,231
385,231
386,231
95,232
379,232
380,232
381,232
382,232
383,232
95,233
98,233
363,233
364,233
365,233
366,233
367,233
368,233
369,233
370,233
371,233
372,233
373,233
374,233
375,233
376,233
377,233
378,233
96,234
97,234
99,234
100,234
101,234
102,234
103,234
104,234
105,234
106,234
107,234
108,234
109,234
110,234
111,234
112,234
113,234
346,234
347,234
348,234
349,234
351,234
352,234
353,234
354,234
355,234
356,234
357,234
358,234
359,234
360,234
361,234
362,234
114,235
115,235
116,235
117,235
118,235
119,235
120,235
121,235
122,235
123,235
124,235
125,235
126,235
127,235
128,235
129,235
130,235
131,235
327,235
328,235
329,235
330,235
331,235
336,235
337,235
338,235
339,235
340,235
341,235
342,235
343,235
344,235
345,235
350,235
132,236
133,236
134,236
135,236
136,236
137,236
138,236
139,236
140,236
141,236
142,236
143,236
144,236
145,236
146,236
147,236
148,236
149,236
306,236
307,236
308,236
309,236
310,236
311,236
312,236
317,236
318,236
319,236
320,236
321,236
322,236
323,236
324,236
325,236
326,236
332,236
333,236
334,236
335,236
150,237
151,237
152,237
153,237
154,237
155,237
156,237
157,237
158,237
159,237
160,237
161,237
162,237
163,237
164,237
165,237
166,237
167,237
284,237
285,237
286,237
287,237
288,237
289,237
290,237
291,237
292,237
293,237
294,237
295,237
296,237
297,237
298,237
299,237
300,237
301,237
302,237
303,237
304,237
305,237
313,237
314,237
315,237
316,237
168,238
169,238
170,238
171,238
172,238
173,238
174,238
175,238
176,238
177,238
178,238
179,238
180,238
181,238
182,238
183,238
184,238
185,238
273,238
274,238
275,238
276,238
277,238
278,238
279,238
280,238
281,238
282,238
283,238
186,239
187,239
188,239
189,239
190,239
191,239
192,239
193,239
194,239
195,239
196,239
271,239
272,239
197,240
198,240
199,240
200,240
269,240
270,240
201,241
202,241
203,241
268,241
204,242
205,242
206,242
267,242
207,243
266,243
208,244
266,244
209,245
266,245
210,246
266,246
211,247
266,247
212,248
266,248
212,249
266,249
213,250
266,250
213,251
266,251
213,252
266,252
213,253
267,253
212,254
267,254
212,255
267,255
212,256
267,256
212,257
267,257
211,258
268,258
211,259
268,259
211,260
269,260
210,261
269,261
210,262
270,262
210,263
270,263
209,264
271,264
209,265
271,265
208,266
272,266
207,267
273,267
207,268
273,268
207,269
274,269
206,270
275,270
205,271
275,271
203,272
204,272
276,272
202,273
277,273
202,274
276,274
201,275
276,275
200,276
277,276
199,277
278,277
198,278
279,278
198,279
280,279
197,280
280,280
197,281
281,281
196,282
281,282
196,283
282,283
195,284
282,284
194,285
283,285
194,286
283,286
193,287
284,287
193,288
284,288
192,289
284,289
191,290
284,290
191,291
284,291
191,292
283,292
191,293
283,293
191,294
283,294
191,295
282,295
192,296
282,296
192,297
282,297
193,298
282,298
193,299
281,299
194,300
280,300
195,301
280,301
196,302
279,302
197,303
278,303
198,304
199,304
200,304
277,304
201,305
277,305
202,306
274,306
275,306
276,306
203,307
272,307
273,307
204,308
205,308
206,308
269,308
270,308
271,308
207,309
208,309
209,309
210,309
211,309
266,309
267,309
268,309
212,310
213,310
214,310
263,310
264,310
265,310
215,311
216,311
217,311
218,311
219,311
220,311
255,311
256,311
261,311
262,311
221,312
231,312
232,312
233,312
234,312
238,312
250,312
251,312
252,312
253,312
254,312
257,312
258,312
259,312
260,312
222,313
223,313
224,313
225,313
226,313
227,313
228,313
229,313
230,313
235,313
236,313
237,313
239,313
240,313
241,313
242,313
243,313
244,313
245,313
246,313
247,313
248,313
249,313