3,0
3,1
3,2
3,3
3,4
3,5
3,6
3,7
4,8
4,9
4,10
4,11
4,12
4,13
4,14
4,15
4,16
4,17
4,18
4,19
4,20
4,21
4,22
4,23
4,24
4,25
5,26
4,27
4,28
4,29
4,30
4,31
4,32
4,33
4,34
4,35
5,36
4,37
4,38
4,39
4,40
4,41
4,42
4,43
5,44
5,45
5,46
5,47
5,48
5,49
5,50
5,51
5,52
5,53
5,54
5,55
5,56
5,57
5,58
5,59
5,60
5,61
5,62
5,63
5,64
6,65
6,66
6,67
6,68
6,69
6,70
6,71
6,72
6,73
6,74
6,75
6,76
6,77
6,78
51,78
52,78
6,79
49,79
50,79
53,79
54,79
55,79
6,80
45,80
46,80
47,80
48,80
56,80
57,80
7,81
44,81
58,81
59,81
7,82
41,82
42,82
43,82
60,82
61,82
7,83
38,83
39,83
40,83
62,83
7,84
37,84
63,84
8,85
34,85
35,85
36,85
64,85
8,86
33,86
65,86
9,87
32,87
65,87
9,88
29,88
30,88
31,88
66,88
10,89
27,89
28,89
67,89
11,90
25,90
26,90
68,90
12,91
23,91
24,91
68,91
13,92
14,92
21,92
22,92
69,92
15,93
16,93
17,93
18,93
19,93
20,93
70,93
70,94
71,95
71,96
72,97
72,98
73,99
74,100
74,101
75,102
75,103
75,104
76,105
76,106
77,107
77,108
78,109
78,110
78,111
79,112
79,113
79,114
79,115
79,116
79,117
79,118
79,119
79,120
78,121
78,122
77,123
77,124
77,125
76,126
76,127
76,128
76,129
75,130
75,131
74,132
74,133
73,134
73,135
72,136
71,137
71,138
70,139
18,140
19,140
20,140
21,140
22,140
23,140
24,140
25,140
26,140
27,140
28,140
70,140
14,141
15,141
16,141
17,141
29,141
30,141
69,141
12,142
13,142
31,142
32,142
33,142
69,142
11,143
34,143
35,143
68,143
10,144
36,144
37,144
38,144
67,144
10,145
39,145
40,145
41,145
65,145
66,145
9,146
42,146
64,146
9,147
43,147
44,147
45,147
64,147
8,148
46,148
47,148
63,148
8,149
48,149
49,149
50,149
62,149
8,150
51,150
52,150
53,150
54,150
55,150
56,150
57,150
58,150
59,150
60,150
61,150
7,151
7,152
7,153
7,154
7,155
6,156
6,157
6,158
6,159
6,160
6,161
6,162
6,163
6,164
5,165
5,166
5,167
5,168
5,169
5,170
5,171
5,172
4,173
4,174
4,175
4,176
4,177
4,178
4,179
4,180
4,181
4,182
4,183
3,184
4,185
4,186
4,187
4,188
4,189
4,190
4,191
3,192
4,193
4,194
4,195
4,196
4,197
4,198
4,199
4,200
4,201
4,202
4,203
4,204
4,205
4,206
4,207
4,208
3,209
3,210
3,211
3,212
3,213
3,214
3,215
3,216
3,217
2,218
2,219
2,220
2,221
3,222
3,223
2,224
2,225
2,226
2,227
2,228
2,229
2,230
2,231
2,232
2,233
2,234
2,235
2,236
2,237
2,238
2,239
2,240
2,241
1,242
1,243
1,244
1,245
1,246
1,247
1,248
1,249
1,250
1,251
1,252
1,253
1,254
1,255
1,256
1,257
0,258
0,259
0,260
0,261
0,262
0,263
0,264
0,265
0,266
0,267
0,268
0,269
0,270
0,271
0,272
0,273
0,274
0,275
0,276
0,277
0,278
0,279
0,280
0,281
0,282
0,283
0,284
1,285
1,286
1,287
2,288