73,0
73,1
74,2
75,3
75,4
75,5
75,6
75,7
75,8
75,9
76,10
75,11
75,12
75,13
75,14
75,15
75,16
76,17
76,18
76,19
76,20
76,21
77,22
76,23
76,24
76,25
76,26
76,27
77,28
77,29
77,30
78,31
78,32
78,33
78,34
77,35
77,36
77,37
77,38
78,39
78,40
78,41
78,42
78,43
78,44
79,45
79,46
78,47
78,48
78,49
79,50
79,51
80,52
80,53
80,54
80,55
80,56
80,57
80,58
80,59
79,60
79,61
79,62
80,63
80,64
80,65
80,66
81,67
81,68
81,69
81,70
81,71
80,72
25,73
80,73
21,74
22,74
23,74
24,74
26,74
27,74
28,74
29,74
80,74
19,75
20,75
30,75
80,75
18,76
31,76
32,76
80,76
16,77
17,77
33,77
34,77
35,77
80,77
15,78
36,78
80,78
13,79
14,79
37,79
80,79
12,80
38,80
39,80
80,80
11,81
40,81
80,81
10,82
41,82
80,82
9,83
41,83
80,83
9,84
42,84
43,84
79,84
9,85
44,85
79,85
8,86
45,86
46,86
78,86
7,87
47,87
48,87
77,87
7,88
49,88
77,88
6,89
50,89
51,89
52,89
76,89
6,90
53,90
76,90
5,91
53,91
75,91
5,92
54,92
74,92
4,93
55,93
56,93
73,93
3,94
57,94
58,94
59,94
60,94
71,94
72,94
3,95
61,95
62,95
63,95
64,95
65,95
70,95
3,96
66,96
67,96
68,96
69,96
3,97
2,98
2,99
2,100
2,101
2,102
2,103
2,104
2,105
1,106
0,107
0,108
0,109
0,110
1,111
0,112
0,113
0,114
0,115
0,116
1,117
0,118
0,119
0,120
0,121
0,122
0,123
1,124
1,125
1,126
1,127
1,128
1,129
0,130
0,131
0,132
0,133
0,134
0,135
1,136
1,137
2,138
2,139
2,140
2,141
2,142
2,143
2,144
3,145
3,146
3,147
3,148
4,149
61,149
62,149
64,149
65,149
66,149
67,149
5,150
59,150
60,150
63,150
68,150
69,150
70,150
71,150
72,150
5,151
58,151
73,151
5,152
56,152
57,152
74,152
6,153
55,153
75,153
6,154
53,154
54,154
76,154
6,155
50,155
52,155
76,155
7,156
49,156
51,156
76,156
8,157
47,157
48,157
76,157
9,158
46,158
77,158
10,159
45,159
77,159
10,160
43,160
44,160
78,160
11,161
12,161
42,161
78,161
13,162
41,162
78,162
14,163
38,163
39,163
40,163
78,163
14,164
35,164
36,164
37,164
79,164
15,165
16,165
33,165
34,165
79,165
17,166
18,166
19,166
31,166
32,166
79,166
20,167
21,167
22,167
23,167
24,167
25,167
28,167
29,167
30,167
80,167
26,168
27,168
80,168
80,169
79,170
79,171
79,172
79,173
79,174
79,175
79,176
79,177
79,178
79,179
79,180
79,181
78,182
78,183
78,184
78,185
78,186
78,187
78,188
78,189
77,190
78,191
78,192
78,193
77,194
76,195
76,196
76,197
76,198
76,199
76,200
76,201
76,202
76,203
76,204
76,205
76,206
75,207
75,208
75,209
75,210
75,211
75,212
75,213
75,214
75,215
75,216
74,217
74,218
73,219
73,220
73,221
73,222
73,223
73,224
73,225
73,226
73,227
74,228
73,229
73,230
72,231
72,232
72,233
72,234
72,235
72,236