91,0
92,0
93,0
94,0
95,0
96,0
97,0
90,1
98,1
99,1
100,1
101,1
102,1
103,1
104,1
105,1
106,1
107,1
108,1
109,1
110,1
111,1
89,2
112,2
113,2
114,2
115,2
116,2
117,2
118,2
119,2
120,2
132,2
133,2
134,2
135,2
136,2
137,2
140,2
89,3
121,3
122,3
123,3
124,3
125,3
126,3
127,3
128,3
129,3
130,3
131,3
138,3
139,3
141,3
142,3
143,3
144,3
145,3
146,3
147,3
148,3
88,4
149,4
150,4
151,4
152,4
153,4
154,4
155,4
156,4
157,4
158,4
159,4
160,4
161,4
87,5
162,5
163,5
164,5
165,5
166,5
167,5
168,5
88,6
89,6
90,6
169,6
170,6
171,6
172,6
174,6
175,6
176,6
91,7
173,7
177,7
238,7
239,7
240,7
241,7
242,7
243,7
244,7
245,7
246,7
247,7
248,7
249,7
250,7
251,7
252,7
258,7
259,7
260,7
261,7
262,7
263,7
264,7
91,8
178,8
235,8
236,8
237,8
253,8
254,8
255,8
256,8
257,8
265,8
266,8
267,8
268,8
269,8
270,8
271,8
272,8
273,8
274,8
280,8
281,8
91,9
179,9
233,9
234,9
275,9
276,9
277,9
278,9
279,9
282,9
283,9
284,9
285,9
286,9
287,9
91,10
180,10
232,10
288,10
289,10
290,10
291,10
292,10
293,10
294,10
295,10
296,10
301,10
302,10
303,10
304,10
91,11
180,11
231,11
297,11
298,11
299,11
300,11
305,11
306,11
307,11
308,11
309,11
310,11
91,12
180,12
230,12
311,12
312,12
313,12
314,12
315,12
316,12
317,12
318,12
319,12
320,12
321,12
322,12
323,12
90,13
180,13
230,13
324,13
325,13
326,13
327,13
328,13
90,14
180,14
229,14
329,14
330,14
331,14
332,14
333,14
334,14
335,14
336,14
343,14
344,14
345,14
346,14
347,14
348,14
349,14
90,15
180,15
229,15
337,15
338,15
339,15
340,15
341,15
342,15
350,15
351,15
352,15
353,15
354,15
355,15
90,16
180,16
229,16
356,16
357,16
358,16
359,16
360,16
361,16
362,16
363,16
364,16
90,17
179,17
229,17
365,17
366,17
367,17
368,17
369,17
370,17
371,17
372,17
373,17
374,17
375,17
90,18
179,18
230,18
376,18
377,18
90,19
179,19
230,19
378,19
90,20
178,20
230,20
379,20
90,21
178,21
231,21
378,21
90,22
178,22
231,22
377,22
90,23
177,23
231,23
377,23
89,24
176,24
231,24
377,24
89,25
176,25
231,25
376,25
89,26
175,26
232,26
376,26
89,27
175,27
233,27
376,27
89,28
175,28
233,28
376,28
89,29
175,29
233,29
376,29
89,30
175,30
233,30
376,30
89,31
174,31
234,31
376,31
89,32
174,32
234,32
376,32
89,33
173,33
235,33
376,33
88,34
172,34
235,34
376,34
88,35
172,35
236,35
376,35
88,36
171,36
236,36
376,36
88,37
171,37
237,37
376,37
88,38
170,38
237,38
376,38
88,39
170,39
238,39
376,39
88,40
169,40
238,40
376,40
88,41
168,41
239,41
376,41
88,42
168,42
239,42
376,42
88,43
168,43
240,43
376,43
88,44
167,44
240,44
376,44
88,45
167,45
240,45
376,45
88,46
167,46
241,46
377,46
88,47
166,47
242,47
376,47
88,48
167,48
242,48
377,48
88,49
167,49
243,49
377,49
88,50
167,50
243,50
377,50
88,51
167,51
243,51
377,51
88,52
167,52
243,52
376,52
88,53
167,53
243,53
376,53
88,54
168,54
242,54
376,54
88,55
168,55
242,55
376,55
88,56
169,56
241,56
376,56
88,57
170,57
240,57
376,57
88,58
170,58
239,58
376,58
88,59
171,59
239,59
376,59
88,60
172,60
239,60
376,60
88,61
172,61
238,61
376,61
87,62
173,62
236,62
237,62
376,62
87,63
174,63
175,63
235,63
376,63
87,64
176,64
177,64
233,64
234,64
376,64
87,65
178,65
179,65
232,65
376,65
87,66
180,66
230,66
231,66
376,66
87,67
181,67
182,67
228,67
229,67
376,67
86,68
183,68
227,68
376,68
87,69
184,69
185,69
186,69
224,69
225,69
226,69
376,69
86,70
187,70
188,70
223,70
376,70
86,71
189,71
190,71
220,71
221,71
222,71
376,71
86,72
191,72
218,72
219,72
376,72
86,73
192,73
193,73
194,73
195,73
217,73
376,73
86,74
196,74
197,74
214,74
215,74
216,74
376,74
86,75
198,75
199,75
200,75
211,75
212,75
213,75
376,75
86,76
201,76
202,76
203,76
204,76
205,76
206,76
207,76
208,76
209,76
210,76
376,76
86,77
376,77
86,78
376,78
86,79
376,79
86,80
376,80
85,81
376,81
85,82
375,82
85,83
375,83
85,84
375,84
84,85
375,85
26,86
27,86
28,86
29,86
30,86
84,86
375,86
21,87
22,87
23,87
24,87
25,87
31,87
32,87
33,87
34,87
35,87
84,87
375,87
20,88
36,88
37,88
38,88
39,88
83,88
321,88
322,88
323,88
324,88
376,88
19,89
40,89
83,89
315,89
316,89
317,89
318,89
319,89
320,89
325,89
326,89
327,89
375,89
17,90
18,90
41,90
42,90
83,90
313,90
314,90
328,90
329,90
330,90
375,90
16,91
43,91
44,91
84,91
311,91
312,91
331,91
332,91
375,91
15,92
45,92
46,92
47,92
49,92
50,92
83,92
310,92
333,92
334,92
335,92
375,92
14,93
48,93
51,93
52,93
53,93
82,93
309,93
336,93
337,93
374,93
13,94
54,94
82,94
308,94
338,94
339,94
373,94
13,95
55,95
81,95
307,95
340,95
344,95
345,95
373,95
12,96
56,96
57,96
58,96
59,96
80,96
306,96
341,96
342,96
343,96
346,96
347,96
372,96
11,97
60,97
79,97
305,97
348,97
349,97
350,97
372,97
10,98
61,98
62,98
63,98
64,98
65,98
76,98
77,98
78,98
304,98
351,98
352,98
371,98
9,99
66,99
67,99
68,99
71,99
72,99
73,99
74,99
75,99
303,99
353,99
354,99
370,99
9,100
69,100
70,100
302,100
355,100
356,100
357,100
369,100
8,101
301,101
358,101
359,101
360,101
361,101
362,101
363,101
364,101
365,101
366,101
367,101
368,101
7,102
301,102
7,103
301,103
7,104
300,104
6,105
299,105
6,106
299,106
5,107
298,107
4,108
298,108
4,109
297,109
4,110
297,110
3,111
296,111
2,112
295,112
2,113
295,113
2,114
294,114
2,115
294,115
2,116
293,116
1,117
293,117
1,118
293,118
1,119
293,119
1,120
293,120
1,121
292,121
0,122
291,122
0,123
291,123
0,124
291,124
0,125
291,125
0,126
291,126
1,127
291,127
1,128
291,128
1,129
291,129
1,130
291,130
1,131
292,131
2,132
292,132
2,133
293,133
3,134
293,134
3,135
293,135
4,136
293,136
4,137
294,137
4,138
294,138
5,139
294,139
5,140
295,140
5,141
296,141
6,142
296,142
6,143
296,143
7,144
297,144
8,145
297,145
8,146
298,146
9,147
298,147
10,148
62,148
63,148
64,148
65,148
66,148
67,148
68,148
298,148
10,149
57,149
58,149
59,149
60,149
61,149
69,149
70,149
71,149
72,149
299,149
11,150
55,150
56,150
73,150
74,150
300,150
12,151
53,151
54,151
75,151
300,151
12,152
50,152
51,152
52,152
75,152
301,152
302,152
13,153
49,153
76,153
77,153
303,153
354,153
355,153
356,153
357,153
358,153
359,153
360,153
361,153
362,153
363,153
14,154
48,154
78,154
303,154
350,154
351,154
352,154
353,154
364,154
365,154
366,154
15,155
16,155
43,155
44,155
45,155
46,155
47,155
78,155
304,155
347,155
348,155
349,155
367,155
17,156
41,156
42,156
79,156
305,156
346,156
368,156
18,157
19,157
38,157
39,157
40,157
79,157
306,157
345,157
369,157
20,158
21,158
22,158
23,158
34,158
35,158
36,158
37,158
80,158
307,158
342,158
343,158
344,158
370,158
24,159
25,159
26,159
27,159
28,159
29,159
30,159
31,159
32,159
33,159
80,159
308,159
340,159
341,159
370,159
80,160
309,160
338,160
339,160
371,160
80,161
310,161
311,161
334,161
335,161
336,161
337,161
371,161
80,162
312,162
330,162
331,162
332,162
333,162
372,162
79,163
313,163
314,163
315,163
316,163
326,163
327,163
328,163
329,163
372,163
80,164
81,164
317,164
318,164
319,164
320,164
321,164
322,164
323,164
324,164
325,164
372,164
82,165
373,165
82,166
373,166
82,167
373,167
82,168
373,168
82,169
373,169
82,170
373,170
82,171
373,171
82,172
374,172
82,173
374,173
83,174
374,174
84,175
374,175
84,176
374,176
84,177
374,177
84,178
374,178
84,179
374,179
85,180
374,180
85,181
374,181
85,182
374,182
85,183
374,183
85,184
374,184
85,185
374,185
85,186
374,186
85,187
374,187
85,188
374,188
85,189
374,189
86,190
374,190
86,191
374,191
86,192
374,192
86,193
374,193
86,194
374,194
86,195
374,195
86,196
374,196
86,197
374,197
86,198
374,198
86,199
374,199
86,200
374,200
86,201
374,201
87,202
374,202
87,203
374,203
87,204
374,204
87,205
374,205
87,206
374,206
87,207
374,207
88,208
374,208
88,209
374,209
88,210
374,210
88,211
374,211
88,212
374,212
88,213
374,213
88,214
375,214
88,215
375,215
88,216
374,216
89,217
374,217
89,218
375,218
89,219
375,219
89,220
375,220
88,221
375,221
88,222
375,222
88,223
177,223
375,223
88,224
111,224
112,224
113,224
114,224
115,224
116,224
117,224
118,224
119,224
135,224
136,224
137,224
138,224
139,224
140,224
141,224
142,224
143,224
144,224
145,224
146,224
147,224
148,224
149,224
150,224
151,224
152,224
153,224
154,224
155,224
156,224
157,224
158,224
159,224
160,224
161,224
162,224
163,224
164,224
165,224
166,224
167,224
168,224
169,224
170,224
171,224
176,224
178,224
179,224
180,224
181,224
182,224
183,224
184,224
185,224
186,224
187,224
188,224
189,224
190,224
191,224
192,224
193,224
194,224
375,224
89,225
90,225
93,225
94,225
95,225
96,225
97,225
98,225
99,225
100,225
101,225
102,225
103,225
104,225
105,225
106,225
107,225
108,225
109,225
110,225
120,225
121,225
122,225
123,225
124,225
125,225
126,225
127,225
128,225
129,225
130,225
131,225
132,225
133,225
134,225
172,225
173,225
174,225
175,225
195,225
196,225
197,225
198,225
199,225
200,225
282,225
283,225
284,225
285,225
290,225
291,225
303,225
304,225
306,225
307,225
308,225
375,225
91,226
92,226
201,226
202,226
279,226
280,226
281,226
286,226
287,226
288,226
289,226
292,226
293,226
294,226
295,226
296,226
297,226
298,226
299,226
300,226
301,226
302,226
305,226
309,226
310,226
311,226
312,226
313,226
314,226
315,226
316,226
374,226
203,227
204,227
276,227
277,227
278,227
317,227
318,227
319,227
320,227
321,227
322,227
323,227
324,227
325,227
326,227
327,227
328,227
374,227
205,228
206,228
274,228
275,228
329,228
330,228
331,228
332,228
333,228
345,228
374,228
207,229
273,229
334,229
335,229
336,229
337,229
338,229
339,229
340,229
341,229
342,229
343,229
344,229
346,229
347,229
348,229
349,229
350,229
351,229
352,229
353,229
354,229
355,229
356,229
357,229
358,229
359,229
360,229
374,229
208,230
272,230
361,230
362,230
363,230
364,230
373,230
209,231
271,231
365,231
366,231
367,231
368,231
369,231
370,231
371,231
372,231
210,232
270,232
211,233
269,233
211,234
268,234
211,235
268,235
211,236
267,236
211,237
267,237
212,238
267,238
212,239
267,239
212,240
267,240
212,241
267,241
212,242
267,242
212,243
267,243
212,244
268,244
211,245
268,245
211,246
268,246
211,247
269,247
210,248
269,248
210,249
269,249
209,250
270,250
209,251
270,251
209,252
271,252
208,253
271,253
207,254
271,254
207,255
272,255
206,256
273,256
205,257
274,257
204,258
275,258
203,259
276,259
202,260
277,260
202,261
278,261
201,262
279,262
200,263
279,263
200,264
280,264
199,265
281,265
198,266
281,266
198,267
282,267
197,268
283,268
196,269
284,269
195,270
285,270
195,271
285,271
194,272
285,272
194,273
286,273
193,274
286,274
193,275
287,275
193,276
287,276
193,277
287,277
193,278
287,278
193,279
287,279
193,280
286,280
193,281
286,281
193,282
286,282
194,283
286,283
194,284
285,284
195,285
284,285
196,286
284,286
197,287
283,287
197,288
282,288
198,289
281,289
199,290
280,290
200,291
279,291
201,292
277,292
278,292
202,293
203,293
276,293
204,294
274,294
275,294
205,295
206,295
271,295
272,295
273,295
207,296
208,296
266,296
267,296
268,296
269,296
270,296
209,297
210,297
211,297
212,297
262,297
263,297
264,297
265,297
213,298
214,298
261,298
215,299
216,299
217,299
218,299
219,299
220,299
221,299
222,299
223,299
224,299
225,299
226,299
227,299
228,299
255,299
256,299
257,299
258,299
259,299
260,299
229,300
230,300
231,300
232,300
233,300
234,300
235,300
236,300
237,300
238,300
239,300
240,300
241,300
242,300
243,300
244,300
245,300
246,300
247,300
248,300
249,300
250,300
251,300
252,300
253,300
254,300