190,0
191,0
192,0
193,0
194,0
195,0
196,0
197,0
198,0
199,0
200,0
201,0
202,0
187,1
188,1
189,1
203,1
204,1
205,1
206,1
207,1
208,1
183,2
184,2
185,2
186,2
209,2
210,2
211,2
212,2
213,2
214,2
180,3
181,3
182,3
215,3
177,4
178,4
179,4
216,4
217,4
218,4
174,5
176,5
219,5
220,5
171,6
172,6
173,6
175,6
221,6
222,6
223,6
170,7
224,7
225,7
169,8
226,8
167,9
168,9
227,9
166,10
228,10
165,11
229,11
230,11
164,12
231,12
163,13
232,13
162,14
232,14
161,15
233,15
160,16
234,16
159,17
235,17
159,18
235,18
158,19
235,19
158,20
235,20
158,21
235,21
157,22
235,22
157,23
235,23
157,24
235,24
157,25
235,25
157,26
234,26
157,27
234,27
157,28
233,28
158,29
233,29
158,30
232,30
158,31
232,31
159,32
232,32
159,33
231,33
159,34
231,34
160,35
230,35
161,36
230,36
161,37
229,37
162,38
229,38
163,39
228,39
163,40
228,40
164,41
227,41
164,42
227,42
165,43
226,43
166,44
226,44
166,45
225,45
167,46
224,46
168,47
224,47
168,48
224,48
169,49
223,49
169,50
222,50
170,51
222,51
171,52
222,52
172,53
222,53
172,54
222,54
173,55
221,55
173,56
221,56
174,57
221,57
174,58
221,58
174,59
220,59
174,60
221,60
174,61
220,61
174,62
221,62
174,63
221,63
173,64
221,64
173,65
221,65
172,66
221,66
352,66
353,66
354,66
355,66
356,66
357,66
358,66
359,66
360,66
364,66
365,66
366,66
367,66
368,66
369,66
370,66
371,66
372,66
373,66
374,66
375,66
376,66
377,66
172,67
222,67
223,67
339,67
340,67
341,67
342,67
343,67
344,67
345,67
346,67
347,67
348,67
349,67
350,67
351,67
361,67
362,67
363,67
378,67
172,68
224,68
321,68
322,68
323,68
324,68
325,68
326,68
327,68
328,68
329,68
330,68
331,68
332,68
333,68
334,68
335,68
336,68
337,68
338,68
378,68
172,69
225,69
226,69
296,69
297,69
298,69
303,69
304,69
305,69
306,69
307,69
308,69
309,69
310,69
311,69
312,69
313,69
314,69
315,69
316,69
317,69
318,69
319,69
320,69
378,69
172,70
227,70
228,70
229,70
275,70
276,70
277,70
278,70
279,70
280,70
281,70
282,70
283,70
284,70
285,70
286,70
287,70
288,70
289,70
290,70
291,70
292,70
293,70
294,70
295,70
299,70
300,70
301,70
302,70
378,70
169,71
171,71
230,71
231,71
232,71
233,71
234,71
264,71
265,71
266,71
267,71
268,71
269,71
270,71
271,71
272,71
273,71
274,71
378,71
168,72
170,72
235,72
244,72
245,72
246,72
247,72
248,72
249,72
250,72
251,72
252,72
253,72
254,72
255,72
256,72
257,72
258,72
259,72
260,72
261,72
262,72
263,72
378,72
168,73
236,73
237,73
238,73
239,73
240,73
241,73
242,73
243,73
378,73
167,74
378,74
167,75
378,75
164,76
165,76
166,76
378,76
162,77
163,77
378,77
155,78
156,78
157,78
158,78
159,78
160,78
161,78
378,78
149,79
150,79
151,79
152,79
153,79
154,79
378,79
132,80
133,80
134,80
135,80
137,80
138,80
139,80
140,80
141,80
142,80
143,80
144,80
145,80
146,80
147,80
148,80
377,80
106,81
107,81
108,81
109,81
110,81
111,81
120,81
121,81
122,81
123,81
124,81
125,81
126,81
127,81
128,81
129,81
130,81
131,81
136,81
377,81
91,82
92,82
93,82
94,82
95,82
96,82
97,82
98,82
99,82
100,82
101,82
102,82
103,82
104,82
105,82
112,82
113,82
114,82
115,82
116,82
117,82
118,82
119,82
377,82
87,83
88,83
89,83
90,83
377,83
86,84
377,84
85,85
377,85
86,86
377,86
86,87
376,87
86,88
376,88
85,89
376,89
85,90
376,90
85,91
376,91
85,92
376,92
85,93
376,93
85,94
375,94
85,95
375,95
85,96
375,96
85,97
375,97
85,98
375,98
85,99
375,99
85,100
375,100
85,101
375,101
85,102
375,102
85,103
375,103
85,104
374,104
84,105
374,105
84,106
374,106
84,107
374,107
84,108
374,108
84,109
374,109
84,110
373,110
84,111
373,111
84,112
373,112
84,113
373,113
84,114
373,114
83,115
373,115
83,116
373,116
83,117
373,117
83,118
373,118
83,119
373,119
83,120
373,120
83,121
373,121
83,122
373,122
83,123
373,123
83,124
372,124
82,125
372,125
82,126
372,126
82,127
372,127
81,128
371,128
81,129
371,129
81,130
371,130
81,131
370,131
81,132
370,132
81,133
370,133
81,134
321,134
322,134
323,134
324,134
325,134
326,134
327,134
370,134
81,135
319,135
320,135
328,135
329,135
330,135
331,135
332,135
370,135
81,136
317,136
318,136
333,136
334,136
369,136
81,137
316,137
335,137
336,137
369,137
81,138
315,138
337,138
338,138
369,138
81,139
314,139
339,139
340,139
341,139
342,139
368,139
81,140
313,140
343,140
368,140
81,141
312,141
344,141
345,141
367,141
80,142
311,142
346,142
347,142
366,142
80,143
310,143
348,143
349,143
350,143
366,143
80,144
310,144
351,144
365,144
80,145
309,145
352,145
353,145
354,145
355,145
363,145
364,145
80,146
309,146
356,146
357,146
358,146
359,146
362,146
80,147
309,147
360,147
361,147
80,148
309,148
80,149
308,149
80,150
308,150
80,151
307,151
79,152
306,152
79,153
306,153
27,154
29,154
79,154
306,154
25,155
26,155
28,155
30,155
31,155
79,155
306,155
22,156
23,156
24,156
32,156
33,156
79,156
305,156
21,157
34,157
79,157
305,157
19,158
20,158
35,158
36,158
79,158
305,158
18,159
37,159
78,159
305,159
16,160
17,160
38,160
78,160
304,160
15,161
39,161
40,161
78,161
304,161
14,162
41,162
78,162
304,162
14,163
42,163
78,163
304,163
13,164
43,164
77,164
304,164
12,165
44,165
77,165
304,165
11,166
45,166
46,166
77,166
304,166
11,167
47,167
76,167
305,167
10,168
48,168
76,168
304,168
9,169
48,169
75,169
304,169
9,170
49,170
75,170
305,170
8,171
50,171
51,171
74,171
305,171
8,172
52,172
74,172
305,172
7,173
53,173
54,173
73,173
305,173
7,174
55,174
56,174
72,174
305,174
7,175
57,175
71,175
305,175
6,176
58,176
59,176
60,176
61,176
68,176
69,176
70,176
305,176
6,177
62,177
63,177
64,177
65,177
66,177
67,177
305,177
5,178
305,178
5,179
305,179
5,180
306,180
5,181
307,181
4,182
307,182
4,183
307,183
4,184
308,184
4,185
308,185
4,186
308,186
3,187
309,187
357,187
358,187
359,187
2,188
309,188
356,188
360,188
361,188
362,188
363,188
364,188
365,188
2,189
309,189
354,189
355,189
366,189
2,190
309,190
351,190
352,190
353,190
367,190
2,191
310,191
350,191
368,191
1,192
311,192
349,192
369,192
1,193
312,193
347,193
348,193
370,193
1,194
313,194
345,194
346,194
370,194
1,195
313,195
344,195
370,195
1,196
314,196
342,196
343,196
371,196
1,197
315,197
340,197
341,197
371,197
0,198
316,198
318,198
319,198
320,198
321,198
339,198
371,198
0,199
317,199
322,199
336,199
337,199
338,199
371,199
0,200
322,200
335,200
371,200
0,201
323,201
324,201
325,201
326,201
333,201
334,201
372,201
0,202
327,202
328,202
330,202
331,202
332,202
372,202
1,203
329,203
372,203
1,204
372,204
1,205
372,205
1,206
373,206
1,207
373,207
1,208
373,208
1,209
373,209
1,210
373,210
1,211
373,211
1,212
373,212
2,213
373,213
2,214
373,214
2,215
374,215
2,216
374,216
2,217
374,217
3,218
374,218
3,219
375,219
3,220
375,220
4,221
375,221
4,222
375,222
4,223
375,223
5,224
375,224
5,225
67,225
375,225
5,226
64,226
65,226
66,226
68,226
69,226
70,226
71,226
72,226
375,226
6,227
61,227
62,227
63,227
73,227
375,227
6,228
59,228
60,228
74,228
75,228
376,228
6,229
57,229
58,229
76,229
376,229
7,230
55,230
56,230
76,230
212,230
213,230
376,230
7,231
53,231
54,231
77,231
198,231
199,231
200,231
201,231
202,231
203,231
204,231
205,231
206,231
207,231
208,231
209,231
210,231
211,231
214,231
215,231
216,231
217,231
218,231
219,231
220,231
221,231
222,231
223,231
224,231
225,231
226,231
376,231
7,232
52,232
77,232
192,232
193,232
194,232
195,232
196,232
197,232
227,232
228,232
229,232
230,232
231,232
376,232
8,233
51,233
78,233
184,233
185,233
188,233
189,233
190,233
191,233
232,233
233,233
234,233
376,233
9,234
50,234
78,234
182,234
183,234
186,234
187,234
235,234
377,234
9,235
47,235
48,235
49,235
79,235
178,235
179,235
180,235
181,235
236,235
377,235
10,236
46,236
79,236
172,236
175,236
176,236
177,236
237,236
238,236
239,236
377,236
11,237
45,237
79,237
170,237
171,237
173,237
174,237
240,237
377,237
12,238
44,238
79,238
168,238
169,238
241,238
377,238
12,239
42,239
43,239
80,239
166,239
167,239
242,239
377,239
13,240
41,240
80,240
165,240
243,240
244,240
377,240
14,241
40,241
80,241
163,241
164,241
245,241
377,241
15,242
39,242
81,242
162,242
246,242
377,242
16,243
37,243
38,243
81,243
161,243
247,243
378,243
17,244
36,244
81,244
160,244
248,244
378,244
18,245
19,245
20,245
34,245
35,245
81,245
159,245
248,245
378,245
21,246
31,246
32,246
33,246
81,246
158,246
249,246
378,246
22,247
23,247
28,247
29,247
30,247
82,247
157,247
250,247
378,247
24,248
25,248
26,248
27,248
82,248
157,248
251,248
379,248
82,249
156,249
251,249
379,249
81,250
155,250
251,250
379,250
81,251
154,251
250,251
379,251
81,252
153,252
251,252
378,252
81,253
153,253
251,253
378,253
81,254
152,254
252,254
379,254
82,255
152,255
252,255
379,255
82,256
151,256
252,256
379,256
82,257
151,257
251,257
379,257
82,258
151,258
251,258
379,258
82,259
151,259
251,259
380,259
82,260
151,260
250,260
380,260
82,261
152,261
250,261
380,261
82,262
153,262
250,262
380,262
83,263
153,263
249,263
380,263
83,264
153,264
249,264
380,264
83,265
153,265
248,265
380,265
83,266
154,266
247,266
380,266
83,267
154,267
247,267
380,267
83,268
155,268
246,268
380,268
83,269
156,269
245,269
380,269
83,270
157,270
245,270
381,270
83,271
157,271
244,271
381,271
84,272
158,272
243,272
381,272
84,273
158,273
243,273
381,273
84,274
159,274
242,274
381,274
84,275
159,275
242,275
381,275
84,276
160,276
161,276
241,276
381,276
84,277
162,277
241,277
381,277
84,278
163,278
240,278
381,278
84,279
163,279
240,279
382,279
84,280
164,280
239,280
382,280
84,281
165,281
239,281
382,281
85,282
166,282
238,282
382,282
85,283
166,283
238,283
382,283
85,284
167,284
238,284
383,284
85,285
167,285
238,285
383,285
85,286
168,286
238,286
383,286
85,287
168,287
238,287
383,287
85,288
169,288
238,288
383,288
85,289
169,289
237,289
384,289
86,290
169,290
238,290
384,290
86,291
170,291
237,291
384,291
86,292
170,292
237,292
384,292
86,293
171,293
237,293
384,293
86,294
171,294
237,294
384,294
86,295
171,295
238,295
384,295
86,296
171,296
239,296
383,296
86,297
171,297
240,297
345,297
346,297
347,297
348,297
349,297
351,297
352,297
353,297
354,297
355,297
356,297
357,297
358,297
369,297
370,297
371,297
372,297
373,297
374,297
375,297
376,297
377,297
378,297
379,297
380,297
381,297
382,297
86,298
171,298
241,298
332,298
333,298
334,298
335,298
336,298
337,298
338,298
339,298
340,298
341,298
342,298
343,298
344,298
350,298
359,298
360,298
361,298
362,298
363,298
364,298
365,298
366,298
367,298
368,298
86,299
171,299
242,299
315,299
316,299
317,299
318,299
319,299
320,299
321,299
322,299
323,299
324,299
325,299
326,299
327,299
328,299
329,299
330,299
331,299
86,300
171,300
243,300
244,300
288,300
289,300
290,300
291,300
292,300
293,300
294,300
295,300
296,300
303,300
304,300
305,300
306,300
307,300
308,300
309,300
310,300
311,300
312,300
313,300
314,300
87,301
171,301
245,301
246,301
247,301
274,301
275,301
276,301
277,301
278,301
279,301
280,301
281,301
282,301
283,301
284,301
285,301
286,301
287,301
297,301
298,301
299,301
300,301
301,301
302,301
87,302
170,302
248,302
249,302
250,302
251,302
252,302
253,302
260,302
261,302
263,302
264,302
265,302
266,302
267,302
268,302
269,302
270,302
271,302
272,302
273,302
87,303
170,303
254,303
255,303
256,303
257,303
258,303
259,303
262,303
87,304
169,304
87,305
168,305
87,306
167,306
86,307
166,307
86,308
164,308
165,308
86,309
160,309
161,309
162,309
163,309
86,310
154,310
155,310
156,310
157,310
158,310
159,310
87,311
88,311
89,311
90,311
91,311
92,311
93,311
94,311
95,311
96,311
98,311
99,311
100,311
101,311
102,311
103,311
104,311
105,311
106,311
107,311
108,311
109,311
122,311
123,311
124,311
125,311
126,311
127,311
128,311
129,311
130,311
131,311
132,311
133,311
134,311
135,311
136,311
137,311
138,311
139,311
140,311
141,311
142,311
143,311
144,311
145,311
146,311
147,311
148,311
149,311
150,311
151,311
152,311
153,311
97,312
110,312
111,312
112,312
113,312
114,312
115,312
116,312
117,312
118,312
119,312
120,312
121,312