192,0
193,0
184,1
185,1
186,1
187,1
188,1
189,1
190,1
191,1
194,1
195,1
196,1
197,1
198,1
199,1
200,1
201,1
202,1
203,1
204,1
205,1
206,1
207,1
208,1
209,1
210,1
215,1
216,1
217,1
179,2
180,2
181,2
182,2
183,2
211,2
212,2
213,2
214,2
218,2
219,2
220,2
221,2
171,3
172,3
173,3
174,3
175,3
176,3
177,3
178,3
222,3
223,3
224,3
167,4
168,4
169,4
170,4
225,4
163,5
164,5
165,5
166,5
226,5
227,5
160,6
161,6
162,6
228,6
229,6
158,7
159,7
230,7
155,8
156,8
157,8
231,8
154,9
232,9
153,10
233,10
152,11
234,11
151,12
235,12
150,13
236,13
149,14
237,14
148,15
238,15
148,16
238,16
147,17
238,17
146,18
238,18
146,19
238,19
145,20
238,20
144,21
238,21
144,22
237,22
143,23
237,23
143,24
237,24
142,25
236,25
142,26
237,26
143,27
236,27
143,28
236,28
143,29
236,29
143,30
235,30
144,31
234,31
144,32
234,32
145,33
233,33
145,34
232,34
146,35
232,35
147,36
232,36
147,37
231,37
148,38
230,38
149,39
229,39
150,40
229,40
150,41
228,41
151,42
228,42
152,43
153,43
227,43
154,44
227,44
155,45
226,45
156,46
226,46
156,47
225,47
157,48
224,48
157,49
224,49
158,50
224,50
159,51
224,51
160,52
224,52
160,53
223,53
161,54
223,54
161,55
223,55
161,56
223,56
161,57
224,57
162,58
224,58
163,59
224,59
163,60
224,60
164,61
225,61
164,62
226,62
164,63
226,63
164,64
227,64
164,65
227,65
164,66
227,66
164,67
227,67
164,68
228,68
229,68
164,69
230,69
311,69
312,69
313,69
314,69
315,69
316,69
317,69
318,69
319,69
320,69
321,69
322,69
323,69
324,69
325,69
163,70
231,70
232,70
279,70
280,70
281,70
282,70
283,70
284,70
285,70
286,70
287,70
288,70
289,70
290,70
291,70
292,70
293,70
294,70
295,70
296,70
297,70
298,70
299,70
300,70
301,70
302,70
303,70
304,70
305,70
306,70
307,70
308,70
309,70
310,70
326,70
162,71
233,71
234,71
235,71
236,71
266,71
267,71
268,71
269,71
270,71
271,71
272,71
273,71
274,71
275,71
276,71
277,71
278,71
326,71
162,72
237,72
238,72
239,72
240,72
241,72
248,72
249,72
250,72
251,72
252,72
253,72
254,72
255,72
256,72
257,72
258,72
259,72
260,72
261,72
262,72
263,72
264,72
265,72
327,72
161,73
242,73
243,73
244,73
245,73
246,73
247,73
327,73
160,74
327,74
159,75
327,75
157,76
158,76
327,76
156,77
328,77
154,78
155,78
328,78
153,79
328,79
148,80
149,80
150,80
151,80
152,80
328,80
145,81
146,81
147,81
328,81
134,82
135,82
136,82
137,82
138,82
139,82
140,82
141,82
142,82
143,82
144,82
329,82
123,83
124,83
125,83
126,83
127,83
128,83
129,83
130,83
131,83
132,83
133,83
329,83
122,84
329,84
109,85
110,85
111,85
112,85
113,85
114,85
115,85
116,85
117,85
118,85
119,85
120,85
121,85
329,85
103,86
104,86
105,86
106,86
107,86
108,86
329,86
98,87
99,87
100,87
101,87
102,87
330,87
91,88
92,88
93,88
94,88
95,88
96,88
97,88
330,88
87,89
88,89
89,89
90,89
330,89
80,90
81,90
82,90
83,90
84,90
85,90
86,90
330,90
79,91
330,91
80,92
330,92
80,93
331,93
80,94
331,94
80,95
331,95
80,96
331,96
80,97
332,97
80,98
332,98
80,99
332,99
80,100
332,100
80,101
332,101
80,102
332,102
80,103
333,103
80,104
333,104
80,105
333,105
80,106
333,106
80,107
333,107
80,108
333,108
80,109
333,109
80,110
333,110
80,111
334,111
80,112
334,112
80,113
334,113
80,114
334,114
80,115
334,115
80,116
334,116
80,117
334,117
80,118
335,118
80,119
336,119
80,120
336,120
80,121
336,121
80,122
336,122
81,123
336,123
81,124
336,124
81,125
336,125
81,126
337,126
81,127
337,127
81,128
337,128
81,129
337,129
81,130
338,130
81,131
338,131
81,132
338,132
81,133
338,133
81,134
339,134
80,135
339,135
80,136
339,136
80,137
339,137
80,138
339,138
80,139
339,139
80,140
339,140
80,141
339,141
80,142
340,142
383,142
384,142
385,142
386,142
387,142
388,142
389,142
390,142
391,142
392,142
393,142
394,142
80,143
340,143
381,143
382,143
395,143
80,144
341,144
378,144
379,144
380,144
396,144
80,145
341,145
377,145
397,145
80,146
341,146
376,146
398,146
399,146
80,147
342,147
375,147
400,147
80,148
342,148
373,148
374,148
401,148
80,149
342,149
372,149
402,149
403,149
80,150
343,150
344,150
372,150
404,150
80,151
345,151
370,151
371,151
405,151
80,152
346,152
368,152
369,152
405,152
80,153
347,153
367,153
406,153
81,154
347,154
365,154
366,154
407,154
81,155
348,155
363,155
364,155
408,155
81,156
348,156
362,156
409,156
81,157
349,157
350,157
351,157
360,157
361,157
409,157
81,158
352,158
358,158
359,158
410,158
81,159
353,159
354,159
355,159
356,159
357,159
410,159
81,160
411,160
81,161
411,161
81,162
411,162
81,163
412,163
81,164
412,164
81,165
412,165
80,166
413,166
80,167
413,167
80,168
413,168
80,169
413,169
80,170
413,170
80,171
413,171
80,172
414,172
80,173
414,173
80,174
413,174
79,175
414,175
79,176
414,176
79,177
413,177
79,178
413,178
79,179
413,179
78,180
414,180
78,181
414,181
78,182
414,182
77,183
414,183
77,184
414,184
77,185
413,185
29,186
30,186
35,186
77,186
413,186
21,187
22,187
23,187
24,187
25,187
26,187
27,187
28,187
31,187
32,187
33,187
34,187
36,187
77,187
413,187
19,188
20,188
37,188
38,188
39,188
76,188
413,188
16,189
17,189
18,189
40,189
41,189
42,189
43,189
75,189
413,189
14,190
15,190
44,190
45,190
46,190
47,190
74,190
413,190
13,191
48,191
49,191
50,191
72,191
73,191
412,191
12,192
51,192
52,192
53,192
70,192
71,192
411,192
11,193
54,193
55,193
56,193
57,193
58,193
66,193
67,193
68,193
69,193
411,193
10,194
59,194
60,194
61,194
62,194
63,194
64,194
65,194
411,194
9,195
410,195
8,196
409,196
8,197
409,197
8,198
361,198
362,198
363,198
364,198
365,198
366,198
409,198
7,199
359,199
360,199
367,199
368,199
369,199
370,199
408,199
6,200
357,200
358,200
371,200
372,200
407,200
6,201
356,201
373,201
374,201
376,201
407,201
5,202
355,202
375,202
377,202
378,202
379,202
406,202
4,203
354,203
380,203
381,203
406,203
4,204
353,204
382,204
383,204
405,204
4,205
353,205
384,205
385,205
404,205
3,206
353,206
386,206
403,206
3,207
352,207
387,207
388,207
389,207
402,207
3,208
352,208
390,208
391,208
392,208
393,208
394,208
399,208
400,208
401,208
2,209
351,209
395,209
396,209
397,209
398,209
2,210
351,210
2,211
351,211
1,212
350,212
1,213
351,213
0,214
351,214
0,215
351,215
0,216
350,216
0,217
350,217
1,218
350,218
0,219
350,219
0,220
350,220
0,221
350,221
0,222
350,222
0,223
350,223
1,224
350,224
1,225
349,225
1,226
349,226
1,227
349,227
1,228
349,228
2,229
349,229
2,230
349,230
2,231
349,231
2,232
349,232
3,233
349,233
3,234
349,234
4,235
349,235
4,236
349,236
5,237
349,237
5,238
349,238
6,239
349,239
6,240
349,240
6,241
348,241
7,242
348,242
8,243
66,243
67,243
68,243
69,243
348,243
9,244
63,244
64,244
65,244
70,244
349,244
9,245
62,245
71,245
72,245
73,245
74,245
349,245
10,246
61,246
75,246
77,246
78,246
350,246
10,247
59,247
60,247
76,247
79,247
80,247
81,247
82,247
350,247
11,248
58,248
83,248
349,248
12,249
57,249
84,249
349,249
13,250
14,250
54,250
55,250
56,250
85,250
349,250
15,251
52,251
53,251
85,251
349,251
16,252
50,252
51,252
85,252
349,252
17,253
48,253
49,253
85,253
349,253
18,254
46,254
47,254
85,254
349,254
19,255
20,255
44,255
45,255
85,255
349,255
21,256
22,256
41,256
42,256
43,256
85,256
349,256
23,257
24,257
37,257
38,257
39,257
40,257
85,257
349,257
25,258
26,258
30,258
31,258
32,258
33,258
34,258
35,258
36,258
85,258
349,258
27,259
28,259
29,259
85,259
348,259
85,260
348,260
85,261
348,261
85,262
348,262
85,263
348,263
85,264
348,264
85,265
348,265
85,266
348,266
85,267
348,267
85,268
348,268
84,269
348,269
84,270
348,270
84,271
348,271
84,272
348,272
84,273
348,273
84,274
347,274
84,275
347,275
83,276
348,276
83,277
348,277
83,278
348,278
83,279
348,279
84,280
348,280
84,281
348,281
84,282
348,282
84,283
348,283
84,284
348,284
83,285
348,285
83,286
348,286
83,287
348,287
83,288
346,288
347,288
83,289
342,289
343,289
344,289
345,289
83,290
331,290
332,290
333,290
334,290
335,290
336,290
337,290
338,290
339,290
340,290
341,290
82,291
325,291
326,291
327,291
328,291
329,291
330,291
82,292
314,292
315,292
316,292
317,292
318,292
319,292
320,292
321,292
322,292
323,292
324,292
82,293
312,293
313,293
82,294
307,294
308,294
309,294
310,294
311,294
82,295
298,295
299,295
300,295
301,295
302,295
303,295
304,295
305,295
306,295
82,296
294,296
295,296
296,296
297,296
82,297
284,297
285,297
286,297
287,297
288,297
289,297
290,297
291,297
292,297
293,297
82,298
283,298
82,299
278,299
279,299
280,299
281,299
282,299
81,300
272,300
273,300
274,300
275,300
276,300
277,300
81,301
267,301
268,301
269,301
270,301
271,301
81,302
260,302
261,302
262,302
263,302
264,302
265,302
266,302
81,303
253,303
254,303
255,303
256,303
257,303
258,303
259,303
81,304
252,304
81,305
246,305
247,305
248,305
249,305
250,305
251,305
81,306
237,306
238,306
239,306
240,306
241,306
242,306
243,306
244,306
245,306
80,307
230,307
231,307
232,307
233,307
234,307
235,307
236,307
80,308
228,308
229,308
80,309
220,309
221,309
222,309
223,309
224,309
225,309
226,309
227,309
80,310
219,310
80,311
214,311
215,311
216,311
217,311
218,311
80,312
209,312
210,312
211,312
212,312
213,312
80,313
206,313
207,313
208,313
80,314
203,314
204,314
205,314
80,315
201,315
202,315
79,316
199,316
200,316
79,317
198,317
79,318
198,318
78,319
126,319
127,319
128,319
129,319
130,319
131,319
132,319
197,319
78,320
94,320
95,320
96,320
97,320
98,320
99,320
100,320
101,320
102,320
103,320
104,320
105,320
106,320
107,320
108,320
109,320
110,320
111,320
112,320
113,320
114,320
115,320
116,320
117,320
118,320
119,320
120,320
121,320
122,320
123,320
124,320
125,320
133,320
134,320
135,320
136,320
196,320
79,321
80,321
81,321
82,321
83,321
84,321
85,321
88,321
89,321
90,321
91,321
92,321
93,321
137,321
138,321
139,321
195,321
86,322
87,322
140,322
141,322
142,322
194,322
143,323
193,323
144,324
193,324
145,325
193,325
146,326
194,326
146,327
193,327
147,328
193,328
147,329
193,329
148,330
194,330
148,331
194,331
148,332
194,332
147,333
195,333
147,334
195,334
147,335
195,335
146,336
196,336
146,337
197,337
146,338
197,338
145,339
197,339
145,340
198,340
144,341
199,341
144,342
200,342
144,343
200,343
144,344
201,344
143,345
202,345
142,346
202,346
142,347
203,347
141,348
204,348
141,349
205,349
141,350
205,350
140,351
206,351
139,352
207,352
139,353
207,353
138,354
207,354
138,355
208,355
138,356
208,356
137,357
208,357
136,358
208,358
136,359
208,359
136,360
208,360
135,361
208,361
135,362
208,362
135,363
208,363
134,364
208,364
134,365
208,365
134,366
208,366
134,367
208,367
134,368
207,368
134,369
207,369
133,370
206,370
133,371
206,371
133,372
207,372
133,373
206,373
134,374
206,374
134,375
205,375
134,376
204,376
134,377
203,377
134,378
202,378
134,379
201,379
135,380
200,380
135,381
199,381
136,382
198,382
137,383
195,383
196,383
197,383
138,384
194,384
138,385
192,385
193,385
139,386
140,386
190,386
191,386
141,387
142,387
189,387
143,388
144,388
189,388
145,389
186,389
187,389
188,389
146,390
147,390
184,390
185,390
148,391
149,391
150,391
151,391
152,391
181,391
182,391
183,391
153,392
154,392
177,392
178,392
179,392
180,392
155,393
156,393
157,393
159,393
160,393
161,393
162,393
163,393
164,393
165,393
166,393
167,393
170,393
171,393
172,393
173,393
174,393
175,393
176,393
158,394
168,394
169,394