88,0
89,0
90,0
98,0
99,0
100,0
101,0
102,0
103,0
104,0
85,1
86,1
87,1
91,1
92,1
93,1
94,1
95,1
96,1
97,1
105,1
106,1
107,1
112,1
113,1
114,1
115,1
118,1
119,1
120,1
121,1
122,1
123,1
84,2
108,2
109,2
110,2
111,2
116,2
117,2
124,2
128,2
129,2
130,2
131,2
132,2
133,2
138,2
139,2
140,2
141,2
142,2
143,2
144,2
84,3
125,3
126,3
127,3
134,3
135,3
136,3
137,3
145,3
147,3
148,3
149,3
150,3
151,3
152,3
153,3
154,3
155,3
156,3
157,3
158,3
84,4
146,4
159,4
160,4
161,4
162,4
163,4
164,4
84,5
165,5
166,5
167,5
168,5
169,5
252,5
253,5
254,5
255,5
256,5
257,5
258,5
259,5
260,5
261,5
262,5
263,5
264,5
265,5
83,6
170,6
171,6
172,6
173,6
244,6
245,6
247,6
248,6
249,6
250,6
251,6
266,6
267,6
268,6
269,6
270,6
271,6
272,6
273,6
274,6
275,6
276,6
277,6
278,6
279,6
280,6
281,6
282,6
283,6
284,6
285,6
83,7
174,7
175,7
176,7
242,7
243,7
246,7
286,7
287,7
288,7
289,7
290,7
291,7
292,7
293,7
294,7
295,7
296,7
297,7
298,7
299,7
300,7
301,7
302,7
303,7
304,7
305,7
306,7
83,8
177,8
241,8
307,8
308,8
309,8
310,8
311,8
312,8
313,8
314,8
315,8
316,8
317,8
318,8
319,8
320,8
321,8
322,8
323,8
324,8
325,8
326,8
83,9
177,9
239,9
240,9
327,9
328,9
329,9
330,9
331,9
332,9
333,9
334,9
335,9
336,9
337,9
338,9
339,9
340,9
341,9
342,9
343,9
344,9
345,9
346,9
82,10
178,10
237,10
238,10
347,10
348,10
349,10
350,10
351,10
352,10
353,10
354,10
355,10
356,10
357,10
358,10
359,10
360,10
361,10
362,10
363,10
364,10
365,10
366,10
382,10
383,10
384,10
82,11
179,11
236,11
367,11
368,11
369,11
370,11
371,11
372,11
373,11
374,11
375,11
376,11
377,11
378,11
379,11
380,11
381,11
385,11
386,11
82,12
180,12
235,12
387,12
388,12
389,12
390,12
82,13
181,13
235,13
391,13
82,14
181,14
234,14
390,14
82,15
181,15
234,15
390,15
82,16
181,16
234,16
390,16
82,17
181,17
234,17
390,17
82,18
181,18
234,18
391,18
82,19
181,19
234,19
391,19
82,20
181,20
234,20
390,20
82,21
181,21
234,21
390,21
82,22
181,22
234,22
390,22
82,23
181,23
235,23
390,23
82,24
181,24
235,24
390,24
82,25
180,25
235,25
391,25
82,26
179,26
236,26
391,26
81,27
179,27
236,27
391,27
81,28
179,28
236,28
391,28
81,29
178,29
237,29
391,29
81,30
177,30
237,30
391,30
81,31
177,31
237,31
391,31
81,32
177,32
238,32
392,32
81,33
176,33
238,33
392,33
81,34
176,34
239,34
391,34
81,35
176,35
239,35
391,35
81,36
175,36
240,36
391,36
81,37
175,37
240,37
391,37
81,38
174,38
240,38
391,38
81,39
174,39
241,39
391,39
81,40
174,40
241,40
391,40
81,41
173,41
242,41
391,41
81,42
173,42
242,42
391,42
81,43
173,43
243,43
391,43
81,44
173,44
243,44
391,44
81,45
173,45
243,45
391,45
81,46
172,46
244,46
392,46
80,47
172,47
244,47
392,47
80,48
171,48
244,48
392,48
80,49
170,49
245,49
392,49
80,50
170,50
245,50
392,50
80,51
170,51
244,51
392,51
80,52
170,52
244,52
393,52
80,53
170,53
245,53
393,53
80,54
171,54
245,54
392,54
79,55
171,55
245,55
392,55
79,56
171,56
245,56
392,56
79,57
172,57
245,57
392,57
79,58
173,58
245,58
392,58
26,59
79,59
173,59
245,59
392,59
25,60
27,60
28,60
29,60
30,60
31,60
32,60
33,60
79,60
174,60
245,60
392,60
21,61
22,61
23,61
24,61
34,61
35,61
79,61
174,61
244,61
393,61
20,62
36,62
79,62
175,62
244,62
393,62
19,63
37,63
79,63
175,63
244,63
393,63
17,64
18,64
38,64
39,64
79,64
176,64
244,64
393,64
15,65
16,65
40,65
79,65
177,65
243,65
393,65
14,66
41,66
79,66
178,66
243,66
393,66
13,67
42,67
78,67
179,67
242,67
393,67
12,68
43,68
77,68
180,68
241,68
393,68
11,69
44,69
77,69
180,69
241,69
394,69
11,70
45,70
77,70
181,70
182,70
240,70
394,70
10,71
46,71
47,71
76,71
183,71
238,71
239,71
394,71
10,72
48,72
75,72
183,72
236,72
237,72
394,72
9,73
49,73
75,73
184,73
185,73
235,73
394,73
8,74
50,74
51,74
75,74
186,74
187,74
233,74
234,74
394,74
8,75
52,75
74,75
188,75
232,75
393,75
7,76
53,76
54,76
73,76
189,76
190,76
191,76
230,76
231,76
393,76
7,77
55,77
56,77
73,77
192,77
193,77
194,77
228,77
229,77
393,77
6,78
57,78
72,78
195,78
223,78
225,78
226,78
227,78
393,78
6,79
58,79
59,79
60,79
70,79
71,79
196,79
197,79
221,79
222,79
224,79
393,79
6,80
61,80
62,80
67,80
68,80
69,80
198,80
199,80
200,80
201,80
217,80
218,80
219,80
220,80
393,80
5,81
63,81
64,81
66,81
202,81
216,81
394,81
5,82
65,82
203,82
211,82
212,82
213,82
214,82
215,82
394,82
5,83
204,83
205,83
206,83
207,83
208,83
209,83
210,83
394,83
4,84
394,84
3,85
394,85
3,86
394,86
3,87
394,87
3,88
394,88
2,89
394,89
2,90
394,90
2,91
394,91
2,92
394,92
2,93
394,93
1,94
394,94
1,95
393,95
1,96
393,96
1,97
394,97
1,98
343,98
344,98
393,98
1,99
341,99
342,99
345,99
393,99
1,100
336,100
337,100
338,100
339,100
340,100
346,100
347,100
348,100
349,100
350,100
351,100
393,100
1,101
334,101
335,101
352,101
353,101
354,101
355,101
356,101
392,101
1,102
331,102
332,102
333,102
357,102
358,102
359,102
392,102
1,103
330,103
360,103
361,103
391,103
1,104
329,104
362,104
363,104
391,104
0,105
328,105
364,105
391,105
0,106
326,106
327,106
365,106
391,106
0,107
325,107
366,107
367,107
390,107
0,108
323,108
325,108
368,108
369,108
370,108
371,108
389,108
0,109
322,109
324,109
372,109
373,109
374,109
375,109
376,109
384,109
388,109
1,110
321,110
377,110
378,110
379,110
380,110
381,110
382,110
383,110
385,110
386,110
387,110
1,111
320,111
1,112
320,112
1,113
318,113
319,113
2,114
317,114
1,115
317,115
2,116
316,116
2,117
316,117
2,118
315,118
2,119
315,119
2,120
314,120
3,121
314,121
3,122
313,122
3,123
314,123
3,124
313,124
3,125
313,125
3,126
313,126
3,127
312,127
4,128
312,128
4,129
312,129
4,130
312,130
5,131
312,131
5,132
312,132
6,133
71,133
311,133
6,134
65,134
66,134
67,134
68,134
69,134
70,134
72,134
73,134
74,134
311,134
7,135
60,135
62,135
63,135
64,135
75,135
76,135
310,135
7,136
58,136
59,136
61,136
77,136
310,136
7,137
57,137
77,137
310,137
7,138
56,138
78,138
310,138
8,139
55,139
78,139
311,139
9,140
53,140
54,140
79,140
311,140
10,141
51,141
52,141
79,141
311,141
11,142
50,142
80,142
311,142
11,143
49,143
80,143
312,143
12,144
48,144
80,144
313,144
13,145
47,145
81,145
312,145
13,146
44,146
45,146
46,146
81,146
312,146
14,147
43,147
81,147
312,147
15,148
42,148
80,148
313,148
16,149
40,149
41,149
80,149
314,149
17,150
38,150
39,150
81,150
314,150
18,151
19,151
36,151
37,151
81,151
314,151
20,152
35,152
81,152
315,152
20,153
34,153
81,153
315,153
21,154
22,154
32,154
33,154
81,154
316,154
23,155
24,155
25,155
26,155
27,155
28,155
29,155
30,155
31,155
81,155
316,155
81,156
316,156
81,157
317,157
81,158
318,158
81,159
319,159
81,160
319,160
81,161
320,161
81,162
321,162
82,163
322,163
82,164
322,164
369,164
370,164
371,164
372,164
373,164
374,164
375,164
376,164
377,164
378,164
379,164
380,164
381,164
382,164
82,165
323,165
324,165
364,165
365,165
366,165
367,165
368,165
383,165
384,165
385,165
386,165
387,165
388,165
389,165
82,166
325,166
360,166
361,166
362,166
363,166
390,166
391,166
82,167
326,167
358,167
359,167
392,167
81,168
327,168
328,168
356,168
357,168
393,168
81,169
329,169
330,169
353,169
354,169
355,169
393,169
81,170
331,170
332,170
352,170
394,170
81,171
333,171
334,171
349,171
350,171
351,171
395,171
81,172
335,172
336,172
337,172
338,172
339,172
340,172
341,172
342,172
345,172
346,172
347,172
348,172
396,172
81,173
343,173
344,173
396,173
81,174
397,174
81,175
397,175
81,176
396,176
81,177
396,177
81,178
396,178
81,179
397,179
81,180
397,180
81,181
398,181
81,182
398,182
82,183
398,183
81,184
399,184
81,185
399,185
82,186
399,186
82,187
399,187
81,188
399,188
81,189
399,189
81,190
399,190
81,191
400,191
81,192
400,192
81,193
400,193
81,194
400,194
81,195
400,195
81,196
400,196
81,197
400,197
81,198
400,198
81,199
400,199
81,200
400,200
81,201
400,201
81,202
400,202
81,203
401,203
81,204
401,204
81,205
401,205
81,206
401,206
81,207
402,207
80,208
402,208
80,209
402,209
80,210
402,210
80,211
402,211
81,212
402,212
80,213
403,213
81,214
403,214
81,215
403,215
81,216
402,216
81,217
402,217
81,218
402,218
81,219
402,219
81,220
403,220
81,221
403,221
81,222
404,222
81,223
404,223
81,224
404,224
81,225
404,225
81,226
404,226
81,227
404,227
80,228
404,228
80,229
405,229
80,230
405,230
80,231
405,231
81,232
405,232
81,233
405,233
80,234
405,234
81,235
405,235
81,236
404,236
81,237
405,237
81,238
405,238
81,239
405,239
81,240
405,240
81,241
405,241
81,242
406,242
80,243
406,243
80,244
406,244
80,245
406,245
81,246
406,246
82,247
406,247
83,248
406,248
84,249
85,249
86,249
87,249
88,249
89,249
90,249
91,249
92,249
93,249
94,249
95,249
96,249
97,249
98,249
107,249
114,249
115,249
116,249
117,249
118,249
135,249
136,249
137,249
138,249
252,249
253,249
254,249
255,249
256,249
257,249
258,249
259,249
266,249
267,249
268,249
269,249
270,249
271,249
275,249
276,249
277,249
278,249
279,249
295,249
296,249
297,249
407,249
99,250
100,250
101,250
102,250
103,250
104,250
105,250
106,250
108,250
109,250
110,250
111,250
112,250
113,250
119,250
120,250
121,250
122,250
123,250
124,250
125,250
126,250
127,250
128,250
129,250
130,250
131,250
132,250
133,250
134,250
139,250
140,250
141,250
142,250
143,250
144,250
145,250
146,250
147,250
148,250
149,250
150,250
151,250
152,250
153,250
154,250
155,250
156,250
157,250
158,250
159,250
160,250
161,250
162,250
163,250
165,250
166,250
167,250
168,250
169,250
170,250
171,250
249,250
250,250
251,250
260,250
261,250
262,250
263,250
264,250
265,250
272,250
273,250
274,250
280,250
281,250
282,250
283,250
284,250
285,250
286,250
287,250
288,250
289,250
290,250
291,250
292,250
293,250
294,250
298,250
299,250
300,250
310,250
311,250
312,250
314,250
315,250
317,250
318,250
319,250
320,250
336,250
337,250
407,250
164,251
172,251
173,251
174,251
175,251
176,251
177,251
246,251
247,251
248,251
301,251
302,251
303,251
304,251
305,251
306,251
307,251
308,251
309,251
313,251
316,251
321,251
322,251
323,251
324,251
325,251
326,251
328,251
329,251
330,251
331,251
332,251
333,251
334,251
335,251
338,251
339,251
340,251
345,251
346,251
352,251
353,251
354,251
355,251
357,251
358,251
359,251
360,251
373,251
380,251
406,251
178,252
243,252
244,252
245,252
327,252
341,252
342,252
343,252
344,252
347,252
348,252
349,252
350,252
351,252
356,252
361,252
362,252
363,252
364,252
365,252
366,252
367,252
368,252
369,252
370,252
371,252
372,252
374,252
375,252
376,252
377,252
378,252
379,252
381,252
382,252
383,252
384,252
385,252
386,252
390,252
391,252
392,252
393,252
394,252
395,252
396,252
397,252
398,252
399,252
400,252
404,252
405,252
179,253
180,253
181,253
182,253
242,253
387,253
388,253
389,253
401,253
402,253
403,253
183,254
184,254
239,254
240,254
241,254
185,255
238,255
186,256
237,256
187,257
237,257
187,258
236,258
187,259
236,259
188,260
236,260
188,261
236,261
188,262
236,262
188,263
235,263
188,264
236,264
188,265
236,265
188,266
236,266
187,267
236,267
187,268
237,268
187,269
237,269
186,270
238,270
185,271
238,271
184,272
239,272
184,273
238,273
184,274
238,274
183,275
238,275
183,276
239,276
182,277
240,277
181,278
241,278
181,279
242,279
180,280
242,280
180,281
242,281
179,282
243,282
178,283
244,283
177,284
245,284
176,285
246,285
175,286
247,286
175,287
248,287
174,288
249,288
174,289
250,289
173,290
251,290
172,291
252,291
171,292
252,292
170,293
252,293
170,294
253,294
169,295
253,295
169,296
254,296
168,297
255,297
168,298
256,298
168,299
256,299
168,300
256,300
168,301
257,301
168,302
257,302
167,303
257,303
168,304
258,304
168,305
258,305
168,306
258,306
169,307
258,307
169,308
258,308
169,309
257,309
170,310
257,310
170,311
256,311
171,312
254,312
255,312
172,313
253,313
173,314
252,314
174,315
251,315
175,316
176,316
177,316
250,316
178,317
249,317
178,318
247,318
248,318
179,319
180,319
245,319
246,319
181,320
182,320
244,320
183,321
184,321
185,321
243,321
186,322
187,322
188,322
189,322
190,322
235,322
236,322
237,322
241,322
242,322
191,323
192,323
193,323
194,323
195,323
196,323
197,323
231,323
232,323
233,323
234,323
238,323
239,323
240,323
198,324
227,324
228,324
229,324
230,324
199,325
200,325
201,325
202,325
203,325
211,325
212,325
213,325
214,325
215,325
216,325
217,325
219,325
220,325
221,325
222,325
223,325
224,325
225,325
226,325
204,326
205,326
206,326
207,326
208,326
209,326
210,326
218,326