82,0
83,0
84,0
85,0
86,0
88,0
89,0
90,0
91,0
81,1
87,1
92,1
81,2
93,2
94,2
95,2
96,2
97,2
98,2
99,2
100,2
101,2
102,2
103,2
104,2
81,3
105,3
106,3
107,3
108,3
111,3
112,3
113,3
114,3
80,4
109,4
110,4
115,4
116,4
80,5
117,5
118,5
119,5
120,5
121,5
122,5
123,5
124,5
125,5
80,6
126,6
127,6
128,6
129,6
311,6
312,6
315,6
80,7
130,7
131,7
132,7
133,7
134,7
135,7
136,7
137,7
138,7
139,7
140,7
141,7
142,7
310,7
313,7
314,7
316,7
80,8
143,8
144,8
145,8
146,8
147,8
148,8
149,8
281,8
282,8
283,8
288,8
292,8
293,8
294,8
295,8
296,8
297,8
298,8
299,8
300,8
301,8
302,8
303,8
304,8
305,8
306,8
307,8
308,8
309,8
316,8
80,9
150,9
151,9
152,9
153,9
269,9
270,9
276,9
277,9
278,9
279,9
280,9
284,9
285,9
286,9
287,9
289,9
290,9
291,9
316,9
80,10
154,10
243,10
244,10
252,10
253,10
254,10
255,10
256,10
257,10
259,10
260,10
261,10
262,10
263,10
264,10
265,10
266,10
267,10
268,10
271,10
272,10
273,10
274,10
275,10
316,10
80,11
155,11
156,11
157,11
236,11
237,11
238,11
239,11
240,11
241,11
242,11
245,11
246,11
247,11
248,11
249,11
250,11
251,11
258,11
316,11
80,12
158,12
159,12
160,12
161,12
229,12
230,12
231,12
234,12
235,12
317,12
80,13
162,13
228,13
232,13
233,13
316,13
80,14
163,14
164,14
227,14
316,14
80,15
165,15
226,15
316,15
80,16
166,16
224,16
225,16
316,16
79,17
167,17
223,17
316,17
79,18
167,18
223,18
316,18
79,19
168,19
223,19
316,19
79,20
167,20
223,20
316,20
79,21
168,21
223,21
317,21
79,22
168,22
222,22
317,22
79,23
168,23
221,23
317,23
79,24
168,24
220,24
317,24
79,25
168,25
220,25
317,25
79,26
166,26
168,26
220,26
316,26
79,27
165,27
167,27
221,27
316,27
79,28
164,28
221,28
317,28
79,29
164,29
222,29
317,29
78,30
163,30
222,30
317,30
78,31
163,31
223,31
224,31
317,31
78,32
162,32
225,32
317,32
78,33
161,33
225,33
317,33
78,34
161,34
226,34
317,34
78,35
160,35
225,35
317,35
78,36
159,36
225,36
317,36
78,37
158,37
226,37
317,37
78,38
158,38
227,38
318,38
78,39
157,39
228,39
317,39
78,40
156,40
229,40
317,40
78,41
155,41
230,41
317,41
77,42
154,42
231,42
317,42
77,43
154,43
231,43
317,43
77,44
152,44
153,44
231,44
317,44
77,45
151,45
232,45
318,45
78,46
150,46
233,46
318,46
78,47
149,47
233,47
318,47
78,48
148,48
233,48
318,48
78,49
147,49
234,49
318,49
78,50
147,50
235,50
318,50
78,51
147,51
236,51
318,51
78,52
146,52
237,52
317,52
78,53
145,53
237,53
317,53
78,54
145,54
238,54
317,54
77,55
144,55
238,55
318,55
77,56
144,56
239,56
318,56
77,57
144,57
239,57
318,57
77,58
143,58
240,58
318,58
77,59
143,59
240,59
318,59
77,60
143,60
240,60
318,60
77,61
143,61
240,61
318,61
77,62
143,62
240,62
318,62
77,63
143,63
240,63
318,63
77,64
144,64
240,64
318,64
77,65
144,65
240,65
317,65
77,66
145,66
239,66
318,66
77,67
145,67
239,67
318,67
76,68
146,68
239,68
318,68
76,69
147,69
238,69
318,69
76,70
148,70
238,70
318,70
76,71
149,71
237,71
318,71
76,72
149,72
237,72
319,72
76,73
150,73
236,73
319,73
76,74
150,74
234,74
235,74
319,74
76,75
151,75
233,75
319,75
76,76
152,76
232,76
320,76
76,77
153,77
154,77
231,77
319,77
76,78
155,78
229,78
230,78
320,78
368,78
369,78
76,79
156,79
157,79
227,79
228,79
320,79
365,79
366,79
367,79
370,79
371,79
372,79
373,79
374,79
375,79
376,79
76,80
158,80
159,80
226,80
320,80
363,80
364,80
377,80
378,80
75,81
160,81
161,81
162,81
224,81
225,81
321,81
361,81
362,81
379,81
75,82
163,82
223,82
321,82
360,82
380,82
75,83
164,83
221,83
222,83
321,83
359,83
381,83
75,84
165,84
166,84
167,84
216,84
218,84
219,84
220,84
322,84
356,84
357,84
358,84
382,84
20,85
21,85
22,85
23,85
24,85
75,85
168,85
169,85
170,85
171,85
213,85
214,85
215,85
217,85
322,85
353,85
354,85
355,85
383,85
384,85
19,86
25,86
26,86
27,86
28,86
75,86
172,86
173,86
174,86
175,86
176,86
177,86
208,86
209,86
210,86
211,86
212,86
323,86
352,86
385,86
17,87
18,87
29,87
30,87
31,87
75,87
178,87
179,87
180,87
181,87
182,87
183,87
184,87
185,87
190,87
199,87
200,87
201,87
202,87
203,87
204,87
205,87
206,87
207,87
324,87
351,87
386,87
16,88
32,88
33,88
34,88
35,88
74,88
186,88
187,88
188,88
189,88
191,88
192,88
193,88
194,88
195,88
196,88
197,88
198,88
324,88
350,88
387,88
15,89
36,89
74,89
325,89
348,89
349,89
388,89
14,90
36,90
74,90
325,90
346,90
347,90
389,90
13,91
37,91
38,91
39,91
73,91
326,91
341,91
342,91
343,91
344,91
345,91
389,91
12,92
40,92
73,92
327,92
339,92
340,92
390,92
11,93
41,93
42,93
72,93
328,93
329,93
330,93
336,93
337,93
338,93
389,93
10,94
43,94
44,94
71,94
331,94
332,94
333,94
334,94
335,94
390,94
10,95
45,95
46,95
71,95
391,95
9,96
47,96
48,96
70,96
391,96
9,97
49,97
69,97
391,97
9,98
50,98
51,98
68,98
392,98
8,99
52,99
53,99
54,99
67,99
392,99
8,100
55,100
56,100
57,100
58,100
59,100
61,100
65,100
66,100
392,100
8,101
60,101
62,101
63,101
64,101
393,101
7,102
393,102
7,103
393,103
6,104
394,104
5,105
394,105
5,106
393,106
4,107
393,107
4,108
394,108
4,109
394,109
4,110
394,110
3,111
394,111
3,112
394,112
3,113
394,113
3,114
394,114
2,115
394,115
1,116
395,116
1,117
395,117
1,118
395,118
1,119
394,119
1,120
394,120
1,121
394,121
1,122
394,122
1,123
394,123
1,124
394,124
1,125
394,125
1,126
394,126
1,127
394,127
1,128
395,128
0,129
395,129
0,130
395,130
0,131
395,131
0,132
394,132
0,133
394,133
1,134
394,134
1,135
394,135
1,136
394,136
2,137
394,137
2,138
394,138
2,139
394,139
2,140
394,140
3,141
394,141
2,142
394,142
3,143
394,143
3,144
393,144
3,145
393,145
4,146
393,146
4,147
393,147
5,148
393,148
6,149
392,149
6,150
392,150
6,151
392,151
7,152
392,152
8,153
331,153
332,153
333,153
334,153
392,153
9,154
58,154
59,154
327,154
328,154
329,154
330,154
335,154
336,154
337,154
338,154
391,154
9,155
54,155
55,155
56,155
57,155
60,155
61,155
62,155
63,155
64,155
325,155
326,155
339,155
340,155
341,155
391,155
9,156
50,156
51,156
52,156
53,156
65,156
324,156
342,156
391,156
10,157
46,157
48,157
49,157
66,157
323,157
342,157
390,157
11,158
45,158
47,158
67,158
68,158
323,158
343,158
345,158
389,158
12,159
43,159
44,159
69,159
322,159
344,159
346,159
347,159
389,159
13,160
40,160
41,160
42,160
70,160
321,160
348,160
349,160
388,160
14,161
39,161
70,161
321,161
350,161
351,161
388,161
15,162
36,162
37,162
38,162
71,162
321,162
352,162
388,162
16,163
32,163
33,163
34,163
35,163
71,163
320,163
353,163
388,163
17,164
18,164
30,164
31,164
72,164
320,164
354,164
387,164
19,165
20,165
25,165
26,165
27,165
28,165
29,165
72,165
319,165
354,165
386,165
21,166
22,166
23,166
24,166
72,166
318,166
355,166
385,166
73,167
317,167
356,167
385,167
73,168
317,168
357,168
384,168
73,169
317,169
358,169
383,169
72,170
317,170
359,170
382,170
72,171
316,171
360,171
361,171
379,171
381,171
73,172
316,172
362,172
378,172
380,172
73,173
316,173
363,173
364,173
376,173
377,173
73,174
316,174
365,174
366,174
374,174
375,174
73,175
316,175
367,175
368,175
369,175
370,175
371,175
372,175
373,175
73,176
316,176
73,177
316,177
74,178
316,178
74,179
316,179
74,180
315,180
74,181
315,181
74,182
315,182
73,183
315,183
73,184
315,184
74,185
315,185
74,186
315,186
74,187
315,187
74,188
315,188
74,189
204,189
316,189
74,190
193,190
194,190
195,190
196,190
197,190
198,190
199,190
200,190
201,190
202,190
203,190
205,190
206,190
207,190
316,190
74,191
192,191
208,191
209,191
210,191
211,191
316,191
74,192
189,192
190,192
191,192
212,192
213,192
214,192
215,192
315,192
74,193
188,193
216,193
217,193
218,193
315,193
74,194
185,194
186,194
187,194
219,194
220,194
315,194
75,195
182,195
183,195
184,195
221,195
222,195
223,195
315,195
74,196
181,196
224,196
315,196
74,197
181,197
225,197
316,197
74,198
180,198
226,198
315,198
74,199
178,199
179,199
227,199
228,199
316,199
74,200
176,200
177,200
229,200
316,200
74,201
175,201
230,201
316,201
74,202
175,202
230,202
316,202
74,203
174,203
231,203
316,203
75,204
174,204
232,204
316,204
75,205
173,205
233,205
315,205
75,206
172,206
233,206
315,206
75,207
171,207
234,207
316,207
75,208
171,208
235,208
316,208
74,209
170,209
235,209
316,209
75,210
169,210
235,210
316,210
75,211
168,211
236,211
316,211
75,212
167,212
237,212
316,212
75,213
167,213
237,213
316,213
75,214
167,214
237,214
316,214
75,215
167,215
237,215
316,215
75,216
166,216
237,216
316,216
75,217
166,217
237,217
316,217
76,218
166,218
238,218
315,218
76,219
166,219
238,219
315,219
76,220
166,220
238,220
316,220
75,221
166,221
238,221
316,221
75,222
166,222
238,222
316,222
75,223
166,223
238,223
316,223
75,224
166,224
238,224
316,224
75,225
166,225
238,225
316,225
75,226
166,226
238,226
316,226
75,227
166,227
238,227
316,227
76,228
166,228
237,228
316,228
76,229
167,229
237,229
316,229
76,230
167,230
236,230
317,230
76,231
167,231
236,231
316,231
76,232
167,232
236,232
316,232
76,233
168,233
236,233
316,233
76,234
168,234
235,234
316,234
76,235
168,235
235,235
316,235
76,236
169,236
234,236
316,236
76,237
170,237
234,237
316,237
76,238
169,238
234,238
316,238
76,239
170,239
234,239
316,239
76,240
170,240
232,240
233,240
317,240
77,241
171,241
231,241
317,241
77,242
171,242
231,242
317,242
77,243
172,243
230,243
317,243
77,244
172,244
229,244
316,244
77,245
173,245
229,245
316,245
77,246
173,246
228,246
316,246
76,247
173,247
227,247
317,247
76,248
173,248
227,248
317,248
77,249
174,249
226,249
317,249
77,250
174,250
226,250
317,250
77,251
174,251
226,251
317,251
77,252
174,252
225,252
317,252
77,253
174,253
224,253
317,253
77,254
175,254
224,254
317,254
78,255
175,255
223,255
318,255
78,256
175,256
223,256
318,256
78,257
175,257
223,257
317,257
78,258
175,258
223,258
317,258
78,259
175,259
223,259
317,259
78,260
175,260
222,260
317,260
78,261
175,261
222,261
317,261
78,262
175,262
222,262
317,262
78,263
175,263
222,263
317,263
78,264
174,264
222,264
317,264
78,265
174,265
222,265
317,265
78,266
174,266
222,266
317,266
78,267
173,267
222,267
317,267
78,268
170,268
172,268
222,268
318,268
79,269
169,269
171,269
223,269
317,269
79,270
166,270
167,270
168,270
224,270
317,270
79,271
164,271
165,271
225,271
317,271
79,272
154,272
155,272
156,272
157,272
161,272
162,272
163,272
226,272
317,272
78,273
138,273
139,273
140,273
141,273
142,273
143,273
144,273
146,273
147,273
148,273
149,273
150,273
151,273
152,273
153,273
158,273
159,273
160,273
227,273
317,273
79,274
119,274
124,274
125,274
126,274
127,274
128,274
129,274
130,274
131,274
132,274
133,274
134,274
135,274
136,274
137,274
145,274
228,274
229,274
230,274
317,274
79,275
103,275
104,275
105,275
106,275
110,275
111,275
112,275
113,275
114,275
115,275
116,275
117,275
118,275
120,275
121,275
122,275
123,275
231,275
232,275
233,275
234,275
318,275
80,276
87,276
88,276
89,276
90,276
91,276
92,276
93,276
98,276
99,276
100,276
101,276
102,276
107,276
108,276
109,276
235,276
318,276
81,277
82,277
83,277
84,277
85,277
86,277
94,277
95,277
96,277
97,277
236,277
237,277
238,277
239,277
240,277
241,277
242,277
243,277
244,277
245,277
246,277
318,277
247,278
259,278
318,278
248,279
249,279
250,279
251,279
252,279
253,279
254,279
255,279
256,279
257,279
258,279
260,279
261,279
262,279
263,279
267,279
268,279
269,279
270,279
271,279
272,279
318,279
264,280
265,280
266,280
273,280
274,280
275,280
276,280
281,280
282,280
283,280
284,280
285,280
318,280
277,281
278,281
279,281
280,281
286,281
287,281
288,281
318,281
289,282
290,282
291,282
292,282
293,282
294,282
295,282
296,282
297,282
317,282
298,283
299,283
300,283
301,283
302,283
303,283
304,283
305,283
306,283
307,283
308,283
309,283
310,283
316,283
311,284
312,284
313,284
314,284
315,284