83,0
83,1
83,2
83,3
83,4
83,5
83,6
83,7
83,8
83,9
83,10
83,11
83,12
83,13
83,14
83,15
83,16
83,17
83,18
82,19
82,20
82,21
82,22
82,23
82,24
82,25
82,26
81,27
81,28
81,29
81,30
81,31
81,32
81,33
81,34
81,35
81,36
81,37
80,38
80,39
80,40
80,41
80,42
80,43
80,44
80,45
80,46
80,47
80,48
80,49
80,50
80,51
80,52
80,53
80,54
80,55
80,56
79,57
79,58
79,59
79,60
79,61
79,62
79,63
79,64
79,65
79,66
79,67
78,68
78,69
78,70
79,71
78,72
78,73
79,74
24,75
25,75
26,75
28,75
79,75
21,76
22,76
23,76
27,76
29,76
30,76
31,76
79,76
19,77
20,77
32,77
33,77
78,77
18,78
34,78
78,78
17,79
35,79
77,79
15,80
16,80
36,80
37,80
76,80
14,81
38,81
76,81
13,82
39,82
76,82
12,83
40,83
76,83
11,84
41,84
76,84
10,85
42,85
76,85
9,86
43,86
76,86
8,87
44,87
45,87
76,87
7,88
46,88
75,88
7,89
47,89
75,89
6,90
48,90
49,90
74,90
6,91
50,91
73,91
6,92
51,92
73,92
5,93
52,93
53,93
54,93
71,93
72,93
4,94
55,94
66,94
67,94
68,94
69,94
70,94
4,95
56,95
57,95
58,95
59,95
60,95
61,95
62,95
63,95
64,95
65,95
4,96
4,97
4,98
4,99
3,100
3,101
3,102
2,103
2,104
2,105
2,106
2,107
1,108
1,109
1,110
1,111
0,112
1,113
1,114
1,115
0,116
0,117
0,118
0,119
0,120
0,121
0,122
0,123
0,124
0,125
0,126
0,127
0,128
0,129
0,130
0,131
0,132
0,133
0,134
0,135
0,136
0,137
1,138
1,139
1,140
1,141
1,142
2,143
2,144
2,145
2,146
2,147
61,147
62,147
63,147
64,147
3,148
59,148
60,148
65,148
66,148
4,149
55,149
56,149
57,149
58,149
67,149
68,149
69,149
70,149
4,150
53,150
54,150
71,150
72,150
4,151
52,151
73,151
5,152
50,152
51,152
74,152
5,153
49,153
75,153
6,154
47,154
48,154
76,154
6,155
45,155
46,155
76,155
6,156
43,156
44,156
77,156
7,157
42,157
77,157
8,158
41,158
77,158
8,159
40,159
78,159
9,160
39,160
78,160
9,161
38,161
78,161
10,162
37,162
78,162
11,163
36,163
78,163
12,164
34,164
35,164
79,164
13,165
32,165
33,165
79,165
14,166
31,166
79,166
15,167
16,167
29,167
30,167
79,167
17,168
18,168
27,168
28,168
79,168
19,169
25,169
26,169
79,169
20,170
21,170
22,170
23,170
24,170
79,170
79,171
80,172
80,173
80,174
80,175
79,176
79,177
79,178
79,179
79,180
79,181
79,182
79,183
79,184
79,185
79,186
79,187
79,188
79,189
79,190
80,191
80,192
80,193
80,194
80,195
80,196
80,197
80,198
80,199
80,200
80,201
80,202
80,203
80,204
80,205
80,206
80,207
80,208
80,209
80,210
80,211
80,212
80,213
80,214
80,215
80,216
80,217
80,218
80,219
81,220
81,221
81,222
81,223
81,224
81,225
81,226
81,227
81,228
81,229
81,230
81,231
81,232
81,233
81,234
81,235
81,236
81,237
82,238
81,239
81,240
81,241
82,242
82,243
82,244
82,245
82,246
82,247
82,248
82,249
82,250
82,251
82,252
82,253
82,254
82,255
82,256
82,257
82,258
82,259
82,260
82,261
82,262
82,263
82,264