83,0
83,1
84,2
85,3
85,4
85,5
84,6
84,7
84,8
84,9
84,10
84,11
84,12
84,13
84,14
84,15
84,16
84,17
84,18
84,19
84,20
84,21
84,22
85,23
85,24
85,25
85,26
85,27
84,28
84,29
84,30
84,31
84,32
84,33
83,34
83,35
84,36
84,37
84,38
84,39
84,40
84,41
84,42
84,43
84,44
84,45
84,46
84,47
84,48
83,49
83,50
84,51
84,52
84,53
84,54
84,55
84,56
84,57
84,58
84,59
84,60
84,61
84,62
84,63
84,64
84,65
84,66
84,67
83,68
83,69
83,70
83,71
83,72
83,73
83,74
83,75
83,76
83,77
83,78
84,79
83,80
83,81
83,82
83,83
84,84
84,85
84,86
84,87
84,88
84,89
84,90
84,91
83,92
82,93
82,94
82,95
82,96
82,97
82,98
18,99
19,99
20,99
82,99
16,100
17,100
21,100
22,100
23,100
24,100
25,100
26,100
82,100
15,101
27,101
28,101
82,101
14,102
29,102
30,102
31,102
82,102
14,103
32,103
82,103
12,104
13,104
33,104
34,104
35,104
82,104
11,105
36,105
81,105
10,106
37,106
81,106
9,107
38,107
39,107
81,107
9,108
40,108
81,108
8,109
41,109
80,109
8,110
42,110
43,110
80,110
7,111
44,111
80,111
7,112
45,112
46,112
79,112
6,113
47,113
78,113
6,114
48,114
78,114
5,115
49,115
50,115
78,115
5,116
51,116
52,116
78,116
5,117
53,117
54,117
77,117
5,118
55,118
76,118
4,119
56,119
57,119
76,119
4,120
58,120
59,120
60,120
61,120
73,120
74,120
75,120
3,121
62,121
63,121
64,121
65,121
66,121
67,121
68,121
71,121
72,121
3,122
69,122
70,122
3,123
3,124
3,125
2,126
2,127
2,128
2,129
1,130
1,131
1,132
1,133
1,134
1,135
1,136
0,137
0,138
0,139
0,140
0,141
0,142
1,143
1,144
1,145
1,146
0,147
0,148
0,149
0,150
0,151
1,152
1,153
1,154
0,155
1,156
1,157
1,158
1,159
1,160
1,161
2,162
2,163
2,164
2,165
63,165
64,165
65,165
66,165
67,165
68,165
69,165
70,165
71,165
72,165
3,166
62,166
73,166
3,167
59,167
60,167
61,167
74,167
3,168
56,168
58,168
75,168
4,169
54,169
55,169
57,169
76,169
4,170
52,170
53,170
77,170
5,171
51,171
77,171
5,172
48,172
49,172
50,172
78,172
6,173
47,173
79,173
6,174
47,174
80,174
7,175
45,175
46,175
80,175
7,176
43,176
44,176
80,176
8,177
41,177
42,177
80,177
9,178
40,178
81,178
9,179
40,179
81,179
10,180
38,180
39,180
81,180
11,181
12,181
37,181
81,181
13,182
35,182
36,182
82,182
14,183
15,183
33,183
34,183
82,183
16,184
32,184
82,184
17,185
18,185
30,185
31,185
82,185
19,186
25,186
26,186
27,186
28,186
29,186
82,186
20,187
21,187
22,187
23,187
24,187
82,187
82,188
82,189
82,190
82,191
83,192
83,193
83,194
83,195
83,196
83,197
83,198
83,199
83,200
83,201
83,202
83,203
83,204
84,205
83,206
83,207
83,208
83,209
84,210
84,211
84,212
84,213
84,214
84,215
84,216
84,217
84,218
83,219
83,220
83,221
83,222
83,223
83,224
83,225
83,226
83,227
83,228
83,229
83,230
83,231
82,232
82,233
81,234
81,235
82,236