131,0
132,0
133,0
134,0
135,0
136,0
104,1
110,1
111,1
112,1
113,1
114,1
115,1
118,1
119,1
120,1
121,1
122,1
123,1
124,1
125,1
126,1
127,1
128,1
129,1
130,1
137,1
138,1
139,1
140,1
141,1
142,1
143,1
144,1
145,1
146,1
70,2
71,2
72,2
82,2
83,2
89,2
90,2
91,2
92,2
93,2
94,2
96,2
97,2
98,2
99,2
100,2
101,2
102,2
103,2
105,2
106,2
107,2
108,2
109,2
116,2
117,2
147,2
148,2
149,2
150,2
151,2
152,2
17,3
18,3
19,3
20,3
26,3
27,3
28,3
29,3
30,3
35,3
36,3
37,3
38,3
39,3
40,3
41,3
46,3
47,3
48,3
49,3
50,3
51,3
54,3
55,3
56,3
57,3
58,3
59,3
60,3
61,3
62,3
63,3
64,3
65,3
66,3
67,3
68,3
69,3
73,3
74,3
75,3
76,3
77,3
78,3
79,3
80,3
81,3
84,3
85,3
86,3
87,3
88,3
95,3
153,3
154,3
11,4
12,4
13,4
14,4
15,4
16,4
21,4
22,4
23,4
24,4
25,4
31,4
32,4
33,4
34,4
42,4
43,4
44,4
45,4
52,4
53,4
155,4
156,4
220,4
230,4
231,4
10,5
157,5
219,5
221,5
222,5
223,5
224,5
225,5
226,5
227,5
228,5
229,5
232,5
233,5
234,5
236,5
237,5
238,5
239,5
240,5
241,5
9,6
157,6
216,6
217,6
218,6
235,6
242,6
243,6
244,6
245,6
246,6
247,6
248,6
249,6
250,6
251,6
252,6
10,7
158,7
215,7
253,7
254,7
255,7
256,7
257,7
258,7
259,7
260,7
261,7
262,7
10,8
159,8
214,8
263,8
264,8
265,8
266,8
267,8
268,8
10,9
159,9
213,9
269,9
270,9
271,9
272,9
273,9
10,10
159,10
212,10
274,10
275,10
276,10
277,10
278,10
279,10
280,10
281,10
282,10
283,10
11,11
159,11
211,11
284,11
285,11
286,11
287,11
288,11
289,11
290,11
291,11
292,11
293,11
294,11
295,11
296,11
297,11
298,11
299,11
11,12
159,12
210,12
300,12
301,12
302,12
11,13
159,13
210,13
303,13
11,14
159,14
210,14
303,14
11,15
159,15
210,15
303,15
11,16
159,16
210,16
302,16
11,17
159,17
210,17
302,17
11,18
158,18
210,18
302,18
11,19
157,19
210,19
302,19
11,20
156,20
211,20
302,20
11,21
155,21
211,21
302,21
11,22
155,22
210,22
302,22
10,23
154,23
210,23
302,23
10,24
154,24
211,24
302,24
10,25
153,25
211,25
302,25
10,26
152,26
211,26
301,26
10,27
152,27
212,27
300,27
10,28
151,28
212,28
300,28
10,29
150,29
213,29
300,29
10,30
149,30
214,30
300,30
10,31
149,31
215,31
300,31
9,32
148,32
214,32
300,32
9,33
148,33
214,33
300,33
9,34
147,34
215,34
300,34
9,35
147,35
215,35
300,35
8,36
146,36
216,36
300,36
8,37
146,37
217,37
299,37
8,38
145,38
218,38
299,38
9,39
144,39
218,39
299,39
9,40
143,40
219,40
298,40
9,41
142,41
219,41
298,41
9,42
142,42
220,42
299,42
9,43
142,43
219,43
299,43
8,44
142,44
220,44
299,44
8,45
141,45
220,45
298,45
8,46
141,46
220,46
298,46
8,47
141,47
220,47
297,47
8,48
141,48
221,48
297,48
8,49
141,49
221,49
297,49
7,50
140,50
220,50
297,50
8,51
140,51
220,51
297,51
8,52
140,52
220,52
297,52
8,53
140,53
220,53
297,53
7,54
140,54
219,54
297,54
7,55
140,55
218,55
297,55
7,56
141,56
217,56
296,56
7,57
141,57
217,57
295,57
7,58
142,58
216,58
295,58
7,59
142,59
216,59
295,59
7,60
143,60
215,60
295,60
7,61
59,61
143,61
214,61
295,61
8,62
51,62
52,62
58,62
60,62
61,62
62,62
143,62
213,62
295,62
8,63
48,63
49,63
50,63
53,63
54,63
55,63
56,63
57,63
63,63
144,63
213,63
295,63
8,64
46,64
47,64
64,64
65,64
66,64
145,64
146,64
211,64
212,64
295,64
7,65
44,65
45,65
67,65
68,65
69,65
147,65
210,65
295,65
7,66
41,66
42,66
43,66
70,66
148,66
149,66
209,66
295,66
7,67
40,67
71,67
150,67
206,67
208,67
295,67
8,68
37,68
38,68
39,68
71,68
151,68
152,68
153,68
205,68
207,68
294,68
9,69
36,69
72,69
73,69
154,69
203,69
204,69
294,69
10,70
35,70
74,70
155,70
201,70
202,70
293,70
11,71
33,71
34,71
75,71
156,71
157,71
158,71
200,71
294,71
12,72
13,72
32,72
76,72
159,72
160,72
196,72
197,72
198,72
199,72
294,72
14,73
15,73
26,73
27,73
30,73
31,73
77,73
161,73
162,73
163,73
164,73
194,73
195,73
294,73
16,74
24,74
25,74
28,74
29,74
78,74
165,74
188,74
189,74
190,74
191,74
192,74
193,74
293,74
17,75
20,75
21,75
22,75
23,75
79,75
166,75
167,75
168,75
173,75
174,75
177,75
183,75
184,75
185,75
187,75
293,75
18,76
19,76
80,76
169,76
170,76
171,76
172,76
175,76
176,76
178,76
179,76
180,76
181,76
182,76
186,76
293,76
80,77
293,77
80,78
292,78
80,79
292,79
81,80
292,80
81,81
292,81
81,82
292,82
82,83
292,83
83,84
292,84
83,85
292,85
84,86
292,86
84,87
292,87
84,88
292,88
85,89
291,89
84,90
291,90
85,91
291,91
85,92
291,92
86,93
291,93
87,94
291,94
87,95
291,95
87,96
290,96
87,97
290,97
87,98
290,98
87,99
290,99
86,100
290,100
87,101
290,101
87,102
290,102
87,103
290,103
87,104
290,104
87,105
291,105
87,106
291,106
87,107
291,107
87,108
292,108
331,108
333,108
334,108
335,108
336,108
337,108
338,108
339,108
340,108
341,108
342,108
87,109
292,109
329,109
330,109
332,109
343,109
344,109
345,109
346,109
347,109
348,109
86,110
292,110
327,110
328,110
349,110
85,111
292,111
324,111
325,111
326,111
350,111
351,111
85,112
293,112
323,112
352,112
84,113
293,113
319,113
320,113
321,113
322,113
353,113
84,114
294,114
295,114
317,114
318,114
354,114
84,115
296,115
297,115
316,115
355,115
12,116
13,116
14,116
84,116
298,116
299,116
310,116
314,116
315,116
355,116
10,117
11,117
15,117
16,117
17,117
18,117
19,117
20,117
83,117
300,117
305,117
306,117
307,117
308,117
309,117
311,117
312,117
313,117
356,117
357,117
8,118
9,118
21,118
22,118
82,118
301,118
302,118
303,118
304,118
358,118
7,119
23,119
24,119
25,119
82,119
359,119
6,120
26,120
81,120
360,120
5,121
27,121
28,121
29,121
30,121
80,121
361,121
5,122
31,122
32,122
79,122
361,122
5,123
33,123
34,123
79,123
362,123
4,124
35,124
78,124
362,124
3,125
36,125
37,125
77,125
362,125
3,126
38,126
39,126
77,126
362,126
3,127
40,127
41,127
76,127
363,127
2,128
42,128
43,128
75,128
363,128
1,129
44,129
75,129
364,129
1,130
45,130
73,130
74,130
364,130
1,131
46,131
72,131
365,131
1,132
47,132
48,132
49,132
71,132
365,132
1,133
50,133
51,133
52,133
70,133
366,133
1,134
53,134
54,134
55,134
56,134
69,134
367,134
1,135
57,135
64,135
65,135
66,135
67,135
68,135
366,135
1,136
58,136
59,136
60,136
61,136
62,136
63,136
366,136
1,137
367,137
0,138
367,138
0,139
368,139
0,140
368,140
0,141
368,141
0,142
369,142
0,143
369,143
0,144
369,144
0,145
368,145
0,146
368,146
0,147
368,147
0,148
368,148
0,149
368,149
0,150
368,150
0,151
368,151
0,152
368,152
0,153
368,153
1,154
368,154
1,155
368,155
1,156
367,156
1,157
367,157
1,158
367,158
0,159
366,159
1,160
366,160
1,161
366,161
1,162
303,162
365,162
1,163
291,163
292,163
293,163
297,163
298,163
301,163
302,163
304,163
305,163
365,163
1,164
289,164
290,164
294,164
295,164
296,164
299,164
300,164
306,164
307,164
365,164
1,165
288,165
308,165
364,165
2,166
287,166
309,166
363,166
2,167
286,167
310,167
311,167
362,167
2,168
285,168
312,168
313,168
362,168
2,169
285,169
314,169
315,169
316,169
361,169
1,170
285,170
317,170
318,170
361,170
2,171
285,171
319,171
360,171
2,172
284,172
320,172
359,172
2,173
283,173
321,173
322,173
359,173
2,174
283,174
323,174
358,174
2,175
282,175
324,175
325,175
357,175
2,176
282,176
326,176
327,176
328,176
356,176
2,177
282,177
329,177
354,177
355,177
2,178
148,178
157,178
158,178
159,178
160,178
161,178
162,178
163,178
164,178
165,178
166,178
167,178
168,178
169,178
170,178
282,178
330,178
331,178
353,178
3,179
147,179
149,179
150,179
151,179
152,179
153,179
154,179
155,179
156,179
171,179
172,179
173,179
174,179
175,179
176,179
177,179
178,179
179,179
180,179
282,179
332,179
333,179
349,179
351,179
352,179
3,180
142,180
143,180
144,180
145,180
146,180
181,180
182,180
183,180
184,180
185,180
186,180
187,180
188,180
189,180
190,180
282,180
334,180
335,180
336,180
337,180
338,180
344,180
345,180
346,180
347,180
348,180
350,180
2,181
138,181
141,181
191,181
282,181
339,181
340,181
341,181
342,181
343,181
2,182
137,182
139,182
140,182
192,182
193,182
194,182
282,182
2,183
134,183
135,183
136,183
195,183
196,183
281,183
3,184
132,184
133,184
197,184
281,184
3,185
131,185
198,185
199,185
200,185
201,185
281,185
3,186
130,186
202,186
281,186
3,187
129,187
203,187
204,187
205,187
281,187
3,188
127,188
128,188
206,188
207,188
281,188
3,189
126,189
208,189
281,189
4,190
125,190
208,190
281,190
3,191
124,191
209,191
210,191
281,191
3,192
123,192
211,192
281,192
3,193
122,193
212,193
281,193
3,194
122,194
212,194
280,194
4,195
122,195
213,195
280,195
4,196
121,196
214,196
280,196
4,197
120,197
215,197
280,197
4,198
120,198
216,198
280,198
4,199
120,199
217,199
280,199
4,200
120,200
213,200
214,200
216,200
280,200
4,201
120,201
212,201
215,201
280,201
3,202
120,202
213,202
214,202
216,202
280,202
4,203
120,203
217,203
281,203
5,204
121,204
217,204
280,204
5,205
122,205
217,205
280,205
5,206
122,206
217,206
280,206
5,207
121,207
217,207
280,207
5,208
122,208
216,208
280,208
5,209
123,209
216,209
280,209
6,210
124,210
215,210
280,210
6,211
125,211
215,211
280,211
5,212
126,212
214,212
280,212
5,213
126,213
213,213
280,213
5,214
127,214
213,214
280,214
6,215
128,215
212,215
279,215
6,216
129,216
211,216
280,216
6,217
129,217
210,217
280,217
6,218
129,218
209,218
280,218
6,219
130,219
209,219
280,219
6,220
131,220
209,220
280,220
7,221
131,221
208,221
280,221
7,222
132,222
207,222
280,222
6,223
133,223
206,223
280,223
7,224
134,224
205,224
280,224
7,225
134,225
204,225
279,225
7,226
134,226
203,226
279,226
7,227
135,227
202,227
279,227
7,228
135,228
202,228
279,228
7,229
135,229
201,229
279,229
7,230
136,230
200,230
279,230
7,231
137,231
199,231
279,231
7,232
137,232
198,232
279,232
8,233
137,233
197,233
279,233
7,234
137,234
197,234
279,234
7,235
137,235
196,235
280,235
7,236
136,236
196,236
279,236
7,237
136,237
196,237
279,237
7,238
136,238
196,238
279,238
7,239
136,239
196,239
279,239
8,240
13,240
14,240
15,240
16,240
17,240
18,240
19,240
135,240
196,240
279,240
9,241
10,241
11,241
12,241
20,241
21,241
22,241
23,241
24,241
135,241
196,241
279,241
25,242
26,242
27,242
28,242
29,242
135,242
195,242
279,242
30,243
31,243
32,243
33,243
34,243
35,243
36,243
37,243
38,243
39,243
40,243
135,243
195,243
279,243
41,244
42,244
43,244
44,244
45,244
46,244
47,244
48,244
49,244
50,244
134,244
195,244
279,244
51,245
52,245
53,245
54,245
55,245
56,245
57,245
58,245
59,245
60,245
61,245
134,245
195,245
279,245
62,246
63,246
64,246
65,246
68,246
69,246
70,246
134,246
196,246
278,246
66,247
67,247
71,247
133,247
197,247
278,247
72,248
73,248
74,248
75,248
76,248
77,248
78,248
79,248
80,248
81,248
82,248
89,248
90,248
132,248
198,248
278,248
83,249
84,249
85,249
86,249
87,249
88,249
91,249
92,249
129,249
130,249
131,249
198,249
278,249
93,250
94,250
95,250
96,250
97,250
98,250
99,250
100,250
101,250
102,250
103,250
127,250
128,250
199,250
278,250
104,251
105,251
106,251
107,251
108,251
109,251
110,251
111,251
112,251
113,251
120,251
121,251
122,251
123,251
124,251
125,251
126,251
200,251
278,251
114,252
115,252
116,252
117,252
118,252
119,252
201,252
278,252
202,253
203,253
278,253
204,254
205,254
206,254
207,254
278,254
208,255
257,255
258,255
259,255
260,255
261,255
267,255
268,255
269,255
270,255
271,255
272,255
273,255
274,255
275,255
277,255
209,256
210,256
211,256
212,256
213,256
214,256
215,256
217,256
218,256
219,256
228,256
229,256
236,256
237,256
238,256
239,256
240,256
245,256
246,256
247,256
248,256
249,256
250,256
251,256
252,256
253,256
254,256
255,256
256,256
262,256
263,256
264,256
265,256
266,256
276,256
216,257
220,257
221,257
222,257
223,257
224,257
225,257
226,257
227,257
230,257
231,257
232,257
233,257
234,257
235,257
241,257
242,257
243,257
244,257