273,0
274,0
275,0
269,1
270,1
271,1
272,1
276,1
259,2
260,2
261,2
262,2
263,2
264,2
265,2
266,2
267,2
268,2
275,2
257,3
258,3
276,3
245,4
246,4
247,4
248,4
249,4
250,4
251,4
252,4
253,4
254,4
255,4
256,4
276,4
234,5
235,5
238,5
239,5
240,5
241,5
242,5
244,5
276,5
233,6
236,6
237,6
243,6
276,6
221,7
222,7
223,7
224,7
225,7
226,7
227,7
228,7
229,7
230,7
231,7
232,7
276,7
216,8
217,8
218,8
219,8
220,8
276,8
209,9
210,9
211,9
212,9
213,9
214,9
215,9
277,9
198,10
199,10
200,10
201,10
202,10
203,10
204,10
205,10
206,10
207,10
208,10
277,10
197,11
277,11
192,12
193,12
194,12
195,12
196,12
277,12
190,13
191,13
277,13
189,14
277,14
188,15
278,15
187,16
278,16
186,17
278,17
186,18
278,18
186,19
279,19
185,20
279,20
101,21
102,21
103,21
104,21
105,21
106,21
107,21
184,21
279,21
91,22
92,22
93,22
94,22
95,22
96,22
97,22
98,22
99,22
100,22
108,22
109,22
110,22
111,22
112,22
113,22
114,22
115,22
184,22
279,22
89,23
90,23
116,23
117,23
184,23
279,23
77,24
78,24
79,24
80,24
81,24
82,24
83,24
84,24
85,24
86,24
87,24
88,24
118,24
184,24
279,24
67,25
68,25
69,25
70,25
71,25
72,25
73,25
74,25
75,25
76,25
119,25
184,25
279,25
65,26
66,26
120,26
184,26
280,26
53,27
54,27
55,27
56,27
57,27
58,27
59,27
60,27
61,27
62,27
63,27
64,27
121,27
184,27
281,27
43,28
44,28
45,28
46,28
47,28
50,28
51,28
52,28
121,28
184,28
281,28
42,29
48,29
49,29
121,29
184,29
281,29
30,30
31,30
32,30
33,30
34,30
35,30
36,30
37,30
38,30
39,30
40,30
41,30
121,30
185,30
282,30
17,31
18,31
19,31
20,31
21,31
22,31
25,31
26,31
27,31
28,31
29,31
121,31
186,31
281,31
16,32
23,32
24,32
121,32
187,32
281,32
6,33
7,33
8,33
9,33
10,33
11,33
12,33
13,33
14,33
15,33
121,33
187,33
281,33
4,34
5,34
122,34
187,34
281,34
3,35
122,35
188,35
282,35
2,36
122,36
188,36
282,36
2,37
122,37
189,37
282,37
2,38
122,38
189,38
283,38
3,39
121,39
190,39
284,39
4,40
121,40
190,40
284,40
5,41
6,41
121,41
191,41
284,41
7,42
120,42
192,42
284,42
7,43
120,43
193,43
284,43
7,44
120,44
194,44
284,44
6,45
119,45
195,45
284,45
6,46
119,46
196,46
284,46
6,47
119,47
197,47
285,47
6,48
118,48
197,48
285,48
5,49
118,49
197,49
285,49
5,50
117,50
198,50
199,50
286,50
6,51
117,51
200,51
287,51
6,52
116,52
200,52
287,52
6,53
115,53
201,53
287,53
6,54
114,54
202,54
287,54
6,55
114,55
203,55
288,55
6,56
114,56
204,56
287,56
5,57
113,57
204,57
287,57
5,58
114,58
204,58
287,58
5,59
113,59
205,59
287,59
5,60
112,60
205,60
288,60
5,61
112,61
205,61
288,61
4,62
111,62
205,62
288,62
5,63
111,63
205,63
289,63
5,64
111,64
205,64
289,64
5,65
111,65
205,65
289,65
5,66
110,66
204,66
290,66
4,67
110,67
205,67
290,67
4,68
110,68
205,68
290,68
4,69
110,69
204,69
290,69
4,70
110,70
203,70
290,70
4,71
109,71
202,71
291,71
4,72
109,72
202,72
291,72
340,72
341,72
3,73
109,73
201,73
291,73
334,73
335,73
336,73
337,73
338,73
339,73
342,73
3,74
109,74
200,74
291,74
333,74
343,74
345,74
4,75
109,75
200,75
292,75
332,75
344,75
346,75
4,76
110,76
199,76
293,76
330,76
331,76
347,76
3,77
110,77
198,77
293,77
327,77
328,77
329,77
348,77
3,78
111,78
197,78
293,78
326,78
348,78
3,79
112,79
196,79
294,79
324,79
325,79
349,79
3,80
112,80
194,80
195,80
294,80
323,80
350,80
3,81
113,81
193,81
294,81
322,81
351,81
3,82
114,82
115,82
116,82
190,82
191,82
192,82
294,82
321,82
351,82
2,83
117,83
188,83
189,83
295,83
320,83
352,83
2,84
118,84
119,84
187,84
295,84
317,84
318,84
319,84
353,84
2,85
120,85
183,85
184,85
185,85
186,85
296,85
316,85
354,85
2,86
120,86
179,86
180,86
181,86
182,86
297,86
316,86
355,86
3,87
121,87
122,87
123,87
176,87
177,87
178,87
298,87
299,87
313,87
314,87
315,87
355,87
3,88
124,88
125,88
126,88
128,88
175,88
300,88
301,88
310,88
311,88
312,88
355,88
3,89
127,89
129,89
130,89
131,89
132,89
166,89
167,89
168,89
169,89
170,89
171,89
172,89
173,89
174,89
302,89
303,89
309,89
356,89
2,90
133,90
134,90
140,90
141,90
165,90
304,90
305,90
306,90
307,90
308,90
357,90
2,91
135,91
136,91
137,91
138,91
139,91
142,91
143,91
144,91
145,91
146,91
153,91
154,91
155,91
156,91
157,91
158,91
159,91
160,91
161,91
162,91
163,91
164,91
357,91
1,92
147,92
148,92
149,92
150,92
151,92
152,92
357,92
1,93
358,93
1,94
358,94
1,95
358,95
1,96
359,96
1,97
359,97
1,98
360,98
1,99
360,99
1,100
360,100
1,101
360,101
1,102
360,102
1,103
361,103
1,104
361,104
0,105
361,105
0,106
361,106
0,107
361,107
0,108
361,108
0,109
361,109
0,110
361,110
1,111
49,111
50,111
51,111
52,111
53,111
361,111
1,112
45,112
46,112
47,112
48,112
54,112
55,112
56,112
57,112
58,112
59,112
361,112
1,113
44,113
60,113
61,113
361,113
1,114
43,114
62,114
361,114
1,115
41,115
42,115
63,115
64,115
360,115
1,116
39,116
40,116
65,116
66,116
360,116
1,117
37,117
38,117
67,117
360,117
1,118
35,118
36,118
68,118
69,118
360,118
1,119
33,119
34,119
70,119
71,119
360,119
2,120
32,120
72,120
360,120
2,121
31,121
72,121
360,121
3,122
30,122
73,122
360,122
4,123
28,123
29,123
73,123
359,123
4,124
27,124
74,124
359,124
5,125
26,125
75,125
359,125
6,126
23,126
24,126
25,126
75,126
358,126
7,127
22,127
76,127
358,127
7,128
17,128
18,128
19,128
20,128
21,128
77,128
358,128
8,129
9,129
10,129
11,129
12,129
13,129
14,129
15,129
16,129
78,129
357,129
78,130
311,130
312,130
313,130
356,130
79,131
308,131
309,131
310,131
314,131
315,131
356,131
80,132
307,132
316,132
317,132
318,132
355,132
81,133
303,133
304,133
305,133
306,133
319,133
320,133
321,133
323,133
324,133
325,133
356,133
81,134
302,134
322,134
326,134
355,134
82,135
303,135
327,135
328,135
354,135
83,136
302,136
329,136
330,136
353,136
83,137
302,137
331,137
332,137
333,137
352,137
84,138
301,138
334,138
335,138
336,138
337,138
350,138
351,138
84,139
301,139
338,139
339,139
348,139
349,139
85,140
300,140
340,140
341,140
347,140
85,141
300,141
342,141
343,141
344,141
345,141
346,141
85,142
300,142
85,143
299,143
86,144
299,144
87,145
299,145
87,146
298,146
88,147
299,147
88,148
299,148
88,149
299,149
88,150
299,150
88,151
299,151
88,152
298,152
87,153
298,153
87,154
298,154
87,155
298,155
88,156
298,156
88,157
298,157
88,158
298,158
87,159
299,159
87,160
299,160
87,161
299,161
86,162
298,162
86,163
298,163
86,164
298,164
85,165
298,165
85,166
298,166
84,167
298,167
85,168
297,168
84,169
297,169
84,170
297,170
84,171
298,171
83,172
298,172
23,173
24,173
83,173
298,173
12,174
13,174
14,174
15,174
16,174
17,174
18,174
19,174
20,174
21,174
22,174
25,174
26,174
82,174
298,174
11,175
27,175
28,175
29,175
82,175
298,175
10,176
30,176
31,176
81,176
298,176
9,177
32,177
33,177
80,177
297,177
9,178
34,178
35,178
36,178
37,178
79,178
297,178
8,179
38,179
39,179
40,179
79,179
297,179
8,180
41,180
78,180
297,180
7,181
42,181
77,181
297,181
7,182
43,182
44,182
45,182
76,182
297,182
8,183
46,183
47,183
48,183
49,183
50,183
73,183
74,183
75,183
298,183
7,184
51,184
52,184
72,184
181,184
182,184
183,184
297,184
6,185
53,185
54,185
69,185
70,185
71,185
179,185
180,185
184,185
185,185
186,185
187,185
188,185
189,185
190,185
191,185
192,185
193,185
194,185
195,185
196,185
297,185
6,186
55,186
56,186
60,186
61,186
62,186
63,186
64,186
65,186
66,186
67,186
68,186
169,186
170,186
171,186
172,186
173,186
174,186
175,186
176,186
177,186
178,186
197,186
198,186
199,186
200,186
203,186
297,186
6,187
57,187
58,187
59,187
168,187
201,187
202,187
204,187
205,187
206,187
207,187
297,187
5,188
164,188
165,188
166,188
167,188
208,188
209,188
210,188
211,188
297,188
5,189
159,189
160,189
161,189
162,189
163,189
212,189
213,189
297,189
5,190
158,190
214,190
297,190
5,191
157,191
215,191
216,191
217,191
218,191
296,191
5,192
154,192
155,192
156,192
219,192
296,192
5,193
152,193
153,193
220,193
296,193
4,194
151,194
221,194
296,194
5,195
148,195
149,195
150,195
222,195
297,195
5,196
147,196
223,196
297,196
5,197
146,197
224,197
225,197
296,197
5,198
145,198
226,198
296,198
5,199
145,199
227,199
296,199
4,200
144,200
227,200
297,200
4,201
144,201
227,201
297,201
4,202
144,202
228,202
297,202
4,203
143,203
228,203
297,203
4,204
142,204
228,204
296,204
4,205
141,205
228,205
296,205
4,206
141,206
228,206
296,206
5,207
140,207
228,207
297,207
4,208
141,208
228,208
297,208
4,209
141,209
228,209
297,209
4,210
141,210
228,210
297,210
4,211
140,211
227,211
297,211
4,212
140,212
227,212
296,212
4,213
140,213
227,213
296,213
4,214
141,214
226,214
296,214
4,215
141,215
225,215
296,215
4,216
142,216
143,216
224,216
296,216
4,217
144,217
223,217
296,217
4,218
144,218
223,218
296,218
5,219
144,219
221,219
222,219
297,219
4,220
145,220
146,220
220,220
296,220
4,221
147,221
220,221
296,221
4,222
147,222
220,222
296,222
4,223
148,223
220,223
296,223
4,224
148,224
219,224
296,224
4,225
149,225
150,225
218,225
296,225
3,226
151,226
218,226
295,226
3,227
152,227
217,227
295,227
3,228
152,228
216,228
295,228
3,229
153,229
215,229
295,229
3,230
154,230
214,230
295,230
3,231
155,231
214,231
296,231
4,232
155,232
213,232
296,232
4,233
156,233
212,233
295,233
3,234
157,234
212,234
296,234
3,235
157,235
212,235
296,235
3,236
158,236
211,236
296,236
3,237
159,237
211,237
296,237
3,238
160,238
210,238
295,238
3,239
161,239
210,239
295,239
3,240
161,240
209,240
295,240
2,241
161,241
209,241
295,241
2,242
162,242
209,242
295,242
2,243
162,243
209,243
296,243
3,244
163,244
209,244
296,244
3,245
163,245
209,245
296,245
3,246
163,246
208,246
295,246
3,247
163,247
209,247
295,247
3,248
163,248
209,248
295,248
3,249
164,249
209,249
295,249
3,250
164,250
209,250
296,250
3,251
164,251
209,251
296,251
3,252
164,252
210,252
292,252
293,252
294,252
295,252
3,253
164,253
211,253
291,253
2,254
164,254
212,254
280,254
281,254
282,254
283,254
284,254
285,254
286,254
287,254
288,254
289,254
290,254
2,255
164,255
213,255
270,255
271,255
272,255
273,255
274,255
275,255
276,255
277,255
278,255
279,255
3,256
163,256
214,256
215,256
268,256
269,256
3,257
162,257
216,257
217,257
220,257
221,257
222,257
256,257
257,257
258,257
259,257
260,257
261,257
262,257
263,257
264,257
265,257
266,257
267,257
3,258
161,258
218,258
219,258
223,258
224,258
225,258
226,258
254,258
255,258
3,259
160,259
227,259
228,259
229,259
230,259
232,259
233,259
234,259
235,259
236,259
237,259
238,259
239,259
240,259
241,259
242,259
244,259
245,259
246,259
247,259
248,259
249,259
250,259
251,259
252,259
253,259
3,260
159,260
231,260
243,260
3,261
158,261
3,262
151,262
152,262
153,262
154,262
155,262
156,262
157,262
3,263
136,263
137,263
142,263
143,263
144,263
148,263
149,263
150,263
3,264
124,264
125,264
126,264
127,264
128,264
129,264
130,264
131,264
135,264
138,264
139,264
140,264
141,264
145,264
146,264
147,264
2,265
112,265
113,265
114,265
115,265
116,265
117,265
118,265
119,265
120,265
121,265
122,265
123,265
132,265
133,265
134,265
2,266
76,266
77,266
88,266
89,266
90,266
91,266
100,266
101,266
102,266
103,266
104,266
105,266
106,266
107,266
108,266
109,266
110,266
111,266
2,267
64,267
65,267
66,267
75,267
78,267
79,267
80,267
81,267
82,267
83,267
84,267
85,267
86,267
87,267
92,267
93,267
94,267
95,267
96,267
97,267
98,267
99,267
3,268
51,268
52,268
53,268
54,268
55,268
56,268
57,268
58,268
59,268
60,268
61,268
62,268
63,268
67,268
68,268
69,268
70,268
71,268
72,268
73,268
74,268
3,269
39,269
40,269
41,269
42,269
43,269
44,269
45,269
46,269
47,269
48,269
49,269
50,269
3,270
15,270
16,270
17,270
18,270
19,270
20,270
21,270
22,270
23,270
27,270
28,270
29,270
30,270
31,270
32,270
33,270
34,270
35,270
36,270
37,270
38,270
4,271
5,271
6,271
7,271
8,271
9,271
10,271
11,271
12,271
13,271
14,271
24,271
25,271
26,271