205,0
206,0
207,0
208,0
209,0
210,0
211,0
212,0
213,0
214,0
215,0
216,0
217,0
218,0
219,0
220,0
221,0
222,0
203,1
204,1
223,1
224,1
225,1
226,1
227,1
228,1
229,1
200,2
201,2
202,2
230,2
231,2
196,3
198,3
199,3
232,3
233,3
234,3
194,4
195,4
197,4
235,4
193,5
236,5
237,5
238,5
192,6
239,6
240,6
189,7
190,7
191,7
241,7
188,8
242,8
187,9
243,9
244,9
245,9
186,10
246,10
185,11
187,11
247,11
184,12
186,12
188,12
248,12
183,13
187,13
249,13
250,13
182,14
251,14
182,15
251,15
181,16
252,16
180,17
253,17
180,18
254,18
179,19
254,19
179,20
181,20
255,20
180,21
182,21
255,21
179,22
181,22
256,22
178,23
180,23
257,23
178,24
257,24
178,25
257,25
179,26
257,26
179,27
257,27
179,28
256,28
178,29
257,29
179,30
257,30
179,31
257,31
179,32
257,32
179,33
257,33
180,34
257,34
179,35
256,35
180,36
256,36
180,37
255,37
181,38
255,38
181,39
255,39
181,40
255,40
182,41
254,41
181,42
253,42
182,43
253,43
182,44
253,44
183,45
253,45
183,46
253,46
184,47
252,47
183,48
252,48
184,49
251,49
184,50
251,50
185,51
251,51
185,52
250,52
186,53
250,53
186,54
249,54
185,55
248,55
186,56
248,56
186,57
248,57
186,58
248,58
186,59
248,59
186,60
247,60
187,61
247,61
186,62
247,62
186,63
247,63
186,64
248,64
185,65
248,65
185,66
248,66
185,67
247,67
184,68
247,68
89,69
90,69
91,69
92,69
93,69
183,69
247,69
88,70
94,70
95,70
96,70
97,70
98,70
99,70
100,70
101,70
102,70
103,70
104,70
105,70
106,70
182,70
248,70
89,71
107,71
108,71
109,71
110,71
111,71
112,71
113,71
117,71
182,71
249,71
89,72
114,72
115,72
116,72
118,72
119,72
124,72
125,72
126,72
131,72
132,72
181,72
250,72
89,73
120,73
121,73
122,73
123,73
127,73
128,73
129,73
130,73
133,73
134,73
135,73
136,73
139,73
177,73
178,73
179,73
180,73
249,73
88,74
137,74
138,74
140,74
141,74
142,74
143,74
144,74
145,74
174,74
175,74
176,74
249,74
88,75
146,75
147,75
148,75
149,75
150,75
151,75
158,75
170,75
171,75
172,75
173,75
250,75
251,75
88,76
152,76
153,76
154,76
155,76
156,76
157,76
159,76
160,76
161,76
162,76
163,76
164,76
165,76
166,76
167,76
168,76
169,76
252,76
253,76
88,77
254,77
255,77
88,78
256,78
262,78
325,78
88,79
257,79
258,79
259,79
260,79
261,79
263,79
264,79
265,79
266,79
267,79
268,79
269,79
272,79
273,79
274,79
275,79
276,79
277,79
278,79
279,79
280,79
281,79
282,79
286,79
287,79
288,79
291,79
292,79
293,79
294,79
295,79
300,79
301,79
306,79
307,79
308,79
311,79
312,79
313,79
314,79
321,79
323,79
324,79
326,79
327,79
329,79
330,79
331,79
332,79
333,79
334,79
347,79
351,79
87,80
270,80
271,80
283,80
284,80
285,80
289,80
290,80
296,80
297,80
298,80
299,80
302,80
303,80
304,80
305,80
309,80
310,80
315,80
316,80
317,80
318,80
319,80
320,80
322,80
326,80
328,80
335,80
336,80
337,80
338,80
339,80
340,80
342,80
343,80
344,80
345,80
346,80
348,80
349,80
350,80
352,80
353,80
355,80
356,80
357,80
358,80
359,80
360,80
362,80
363,80
364,80
365,80
366,80
87,81
321,81
323,81
327,81
341,81
354,81
361,81
367,81
87,82
322,82
368,82
369,82
87,83
370,83
87,84
370,84
87,85
370,85
87,86
370,86
86,87
370,87
86,88
370,88
86,89
369,89
86,90
370,90
86,91
370,91
86,92
371,92
85,93
371,93
85,94
371,94
85,95
371,95
85,96
370,96
85,97
370,97
85,98
371,98
86,99
371,99
85,100
371,100
85,101
371,101
85,102
370,102
85,103
371,103
85,104
371,104
85,105
371,105
84,106
371,106
84,107
371,107
84,108
371,108
85,109
370,109
85,110
370,110
85,111
371,111
85,112
371,112
84,113
370,113
84,114
371,114
84,115
370,115
84,116
370,116
84,117
370,117
84,118
370,118
83,119
370,119
83,120
371,120
83,121
371,121
83,122
370,122
83,123
370,123
83,124
370,124
84,125
371,125
83,126
371,126
83,127
370,127
83,128
369,128
83,129
369,129
83,130
370,130
83,131
370,131
82,132
370,132
83,133
371,133
83,134
371,134
83,135
370,135
83,136
370,136
83,137
370,137
82,138
370,138
82,139
370,139
83,140
370,140
83,141
369,141
83,142
369,142
83,143
370,143
83,144
316,144
370,144
82,145
314,145
315,145
317,145
318,145
319,145
320,145
321,145
370,145
81,146
313,146
322,146
370,146
81,147
307,147
308,147
309,147
311,147
312,147
323,147
370,147
81,148
306,148
310,148
324,148
325,148
369,148
81,149
305,149
326,149
327,149
328,149
369,149
81,150
302,150
304,150
329,150
332,150
369,150
80,151
301,151
303,151
329,151
331,151
333,151
369,151
80,152
302,152
330,152
332,152
369,152
80,153
302,153
333,153
369,153
79,154
299,154
300,154
301,154
334,154
368,154
21,155
23,155
27,155
28,155
79,155
298,155
335,155
368,155
19,156
20,156
22,156
24,156
25,156
26,156
29,156
79,156
298,156
335,156
368,156
17,157
18,157
23,157
30,157
31,157
32,157
33,157
34,157
37,157
78,157
297,157
336,157
368,157
15,158
16,158
22,158
24,158
35,158
36,158
38,158
39,158
40,158
77,158
297,158
337,158
338,158
339,158
368,158
13,159
14,159
23,159
41,159
76,159
296,159
340,159
341,159
367,159
12,160
42,160
43,160
44,160
45,160
46,160
75,160
296,160
342,160
366,160
12,161
47,161
75,161
296,161
342,161
366,161
11,162
48,162
49,162
50,162
51,162
72,162
73,162
74,162
295,162
343,162
344,162
365,162
10,163
52,163
53,163
71,163
295,163
345,163
365,163
10,164
54,164
55,164
56,164
57,164
58,164
59,164
60,164
65,164
66,164
68,164
69,164
70,164
295,164
346,164
347,164
364,164
8,165
9,165
61,165
62,165
63,165
64,165
67,165
294,165
348,165
349,165
350,165
351,165
352,165
353,165
363,165
7,166
293,166
354,166
355,166
356,166
359,166
360,166
361,166
362,166
6,167
293,167
357,167
358,167
6,168
292,168
5,169
292,169
5,170
292,170
5,171
292,171
4,172
292,172
3,173
292,173
3,174
291,174
3,175
291,175
2,176
291,176
2,177
291,177
1,178
291,178
1,179
291,179
1,180
291,180
1,181
290,181
1,182
289,182
1,183
290,183
0,184
290,184
0,185
290,185
0,186
290,186
0,187
289,187
0,188
290,188
0,189
290,189
0,190
290,190
0,191
291,191
0,192
291,192
0,193
291,193
0,194
291,194
1,195
291,195
1,196
291,196
0,197
292,197
0,198
292,198
1,199
293,199
1,200
292,200
2,201
292,201
2,202
293,202
2,203
294,203
2,204
294,204
3,205
294,205
3,206
294,206
4,207
293,207
5,208
294,208
342,208
343,208
345,208
346,208
347,208
348,208
349,208
350,208
5,209
295,209
337,209
339,209
340,209
341,209
344,209
351,209
352,209
353,209
354,209
6,210
295,210
335,210
336,210
338,210
355,210
356,210
5,211
295,211
334,211
357,211
358,211
6,212
296,212
333,212
359,212
360,212
361,212
362,212
363,212
7,213
297,213
330,213
331,213
332,213
364,213
365,213
8,214
297,214
329,214
366,214
8,215
297,215
328,215
366,215
9,216
298,216
326,216
327,216
367,216
9,217
69,217
71,217
72,217
73,217
74,217
75,217
298,217
325,217
367,217
10,218
62,218
65,218
66,218
67,218
68,218
70,218
76,218
299,218
323,218
324,218
367,218
11,219
61,219
63,219
64,219
77,219
78,219
299,219
322,219
367,219
11,220
57,220
58,220
59,220
60,220
79,220
300,220
321,220
368,220
12,221
55,221
56,221
80,221
301,221
319,221
320,221
368,221
13,222
14,222
54,222
81,222
301,222
318,222
369,222
15,223
52,223
53,223
81,223
302,223
316,223
317,223
369,223
16,224
50,224
51,224
81,224
303,224
315,224
369,224
16,225
48,225
49,225
82,225
304,225
305,225
312,225
313,225
314,225
370,225
17,226
45,226
46,226
47,226
82,226
306,226
307,226
308,226
309,226
311,226
369,226
18,227
19,227
41,227
42,227
43,227
44,227
82,227
310,227
369,227
20,228
21,228
39,228
40,228
83,228
369,228
22,229
27,229
28,229
29,229
34,229
35,229
36,229
37,229
38,229
83,229
369,229
23,230
24,230
25,230
26,230
30,230
32,230
33,230
82,230
370,230
31,231
82,231
370,231
83,232
370,232
83,233
369,233
83,234
369,234
84,235
369,235
83,236
369,236
83,237
369,237
83,238
369,238
83,239
368,239
83,240
368,240
83,241
368,241
84,242
369,242
83,243
369,243
83,244
369,244
83,245
368,245
83,246
202,246
203,246
369,246
84,247
197,247
199,247
200,247
201,247
204,247
205,247
206,247
207,247
208,247
209,247
210,247
369,247
84,248
195,248
196,248
198,248
211,248
212,248
369,248
83,249
193,249
194,249
213,249
214,249
215,249
216,249
369,249
83,250
189,250
190,250
191,250
192,250
217,250
369,250
83,251
187,251
188,251
218,251
219,251
369,251
83,252
186,252
220,252
221,252
222,252
369,252
84,253
185,253
223,253
369,253
84,254
183,254
184,254
223,254
369,254
84,255
182,255
224,255
225,255
226,255
369,255
84,256
179,256
180,256
181,256
227,256
228,256
369,256
84,257
178,257
229,257
369,257
84,258
176,258
177,258
230,258
368,258
84,259
175,259
231,259
369,259
84,260
174,260
232,260
369,260
84,261
173,261
233,261
369,261
83,262
172,262
234,262
369,262
83,263
171,263
235,263
369,263
83,264
170,264
236,264
369,264
84,265
169,265
236,265
368,265
84,266
169,266
236,266
369,266
84,267
168,267
236,267
369,267
84,268
167,268
236,268
369,268
84,269
166,269
236,269
369,269
84,270
166,270
236,270
369,270
84,271
166,271
236,271
368,271
84,272
166,272
236,272
368,272
84,273
166,273
236,273
368,273
84,274
166,274
235,274
368,274
84,275
166,275
234,275
369,275
84,276
166,276
234,276
369,276
84,277
166,277
234,277
369,277
84,278
167,278
234,278
368,278
84,279
168,279
233,279
368,279
84,280
168,280
232,280
368,280
84,281
168,281
232,281
369,281
83,282
168,282
232,282
369,282
84,283
168,283
232,283
369,283
84,284
169,284
232,284
369,284
84,285
169,285
231,285
368,285
84,286
169,286
231,286
368,286
84,287
170,287
230,287
368,287
84,288
171,288
230,288
369,288
84,289
171,289
229,289
369,289
84,290
172,290
229,290
369,290
84,291
172,291
229,291
369,291
84,292
172,292
229,292
369,292
85,293
173,293
228,293
369,293
85,294
174,294
228,294
369,294
84,295
174,295
227,295
369,295
84,296
174,296
227,296
369,296
84,297
174,297
227,297
369,297
84,298
175,298
227,298
369,298
85,299
175,299
227,299
369,299
85,300
176,300
226,300
369,300
86,301
177,301
226,301
369,301
85,302
177,302
227,302
369,302
85,303
177,303
226,303
369,303
85,304
178,304
227,304
368,304
85,305
179,305
227,305
368,305
85,306
179,306
226,306
369,306
85,307
180,307
227,307
368,307
84,308
180,308
227,308
368,308
85,309
179,309
228,309
368,309
86,310
179,310
229,310
368,310
86,311
179,311
230,311
368,311
87,312
179,312
230,312
368,312
88,313
89,313
90,313
91,313
92,313
93,313
94,313
100,313
179,313
231,313
368,313
95,314
96,314
97,314
98,314
99,314
101,314
102,314
103,314
104,314
105,314
106,314
107,314
111,314
112,314
113,314
178,314
232,314
369,314
108,315
109,315
110,315
114,315
115,315
116,315
117,315
118,315
119,315
120,315
177,315
233,315
234,315
369,315
121,316
122,316
123,316
124,316
125,316
126,316
127,316
128,316
133,316
176,316
235,316
236,316
237,316
369,316
129,317
130,317
131,317
132,317
134,317
135,317
136,317
137,317
138,317
139,317
144,317
145,317
146,317
175,317
238,317
244,317
253,317
254,317
255,317
368,317
140,318
141,318
142,318
143,318
147,318
148,318
149,318
150,318
151,318
152,318
159,318
164,318
165,318
170,318
171,318
172,318
173,318
174,318
239,318
240,318
241,318
242,318
243,318
245,318
246,318
247,318
248,318
249,318
250,318
252,318
256,318
257,318
262,318
263,318
275,318
276,318
283,318
286,318
287,318
288,318
289,318
293,318
294,318
295,318
302,318
335,318
368,318
153,319
154,319
155,319
156,319
157,319
158,319
160,319
161,319
162,319
163,319
166,319
167,319
168,319
169,319
251,319
258,319
259,319
260,319
261,319
264,319
265,319
266,319
267,319
268,319
269,319
270,319
272,319
273,319
274,319
277,319
278,319
279,319
280,319
281,319
282,319
284,319
285,319
290,319
291,319
292,319
296,319
297,319
299,319
300,319
301,319
303,319
304,319
305,319
306,319
307,319
308,319
309,319
312,319
313,319
314,319
315,319
317,319
318,319
319,319
320,319
321,319
322,319
323,319
324,319
325,319
326,319
327,319
328,319
331,319
332,319
333,319
334,319
336,319
337,319
339,319
340,319
341,319
345,319
347,319
348,319
353,319
354,319
359,319
360,319
361,319
365,319
366,319
367,319
271,320
298,320
310,320
311,320
316,320
329,320
330,320
338,320
342,320
343,320
344,320
346,320
349,320
350,320
351,320
352,320
355,320
356,320
357,320
358,320
362,320
363,320
364,320