65,0
66,0
67,0
68,0
69,0
70,0
71,0
72,0
73,0
74,0
84,0
86,0
87,0
88,0
89,0
90,0
91,0
92,0
94,0
95,0
96,0
97,0
99,0
101,0
102,0
105,0
106,0
107,0
108,0
109,0
110,0
111,0
64,1
75,1
76,1
77,1
78,1
79,1
80,1
81,1
82,1
83,1
85,1
93,1
98,1
100,1
103,1
104,1
112,1
113,1
114,1
115,1
116,1
121,1
122,1
123,1
125,1
126,1
127,1
128,1
129,1
130,1
131,1
132,1
133,1
136,1
137,1
138,1
139,1
140,1
141,1
142,1
143,1
144,1
145,1
146,1
147,1
148,1
63,2
92,2
94,2
102,2
104,2
117,2
120,2
124,2
134,2
135,2
149,2
150,2
151,2
63,3
93,3
103,3
118,3
119,3
152,3
153,3
63,4
154,4
63,5
155,5
156,5
63,6
157,6
63,7
158,7
159,7
160,7
219,7
220,7
221,7
222,7
223,7
224,7
225,7
226,7
227,7
228,7
229,7
63,8
161,8
162,8
218,8
230,8
231,8
232,8
233,8
234,8
235,8
236,8
237,8
64,9
163,9
212,9
213,9
214,9
215,9
216,9
217,9
238,9
239,9
64,10
163,10
211,10
240,10
242,10
243,10
244,10
245,10
246,10
247,10
248,10
249,10
250,10
251,10
64,11
163,11
210,11
239,11
241,11
252,11
253,11
254,11
255,11
256,11
257,11
258,11
259,11
64,12
163,12
207,12
211,12
240,12
260,12
261,12
262,12
263,12
264,12
265,12
266,12
64,13
164,13
206,13
208,13
212,13
267,13
268,13
269,13
270,13
271,13
272,13
65,14
164,14
205,14
208,14
210,14
211,14
273,14
274,14
275,14
276,14
277,14
278,14
279,14
280,14
64,15
164,15
204,15
209,15
281,15
64,16
164,16
204,16
281,16
64,17
164,17
204,17
281,17
65,18
163,18
204,18
281,18
65,19
163,19
204,19
281,19
65,20
163,20
204,20
281,20
65,21
163,21
205,21
282,21
66,22
160,22
162,22
205,22
281,22
66,23
159,23
161,23
205,23
281,23
66,24
160,24
162,24
205,24
281,24
66,25
161,25
206,25
281,25
67,26
161,26
206,26
281,26
67,27
160,27
206,27
281,27
67,28
160,28
206,28
281,28
67,29
159,29
206,29
281,29
67,30
159,30
206,30
281,30
67,31
158,31
207,31
281,31
67,32
157,32
207,32
281,32
68,33
156,33
208,33
281,33
68,34
155,34
208,34
281,34
68,35
154,35
209,35
281,35
68,36
153,36
210,36
281,36
68,37
152,37
210,37
281,37
69,38
152,38
210,38
281,38
69,39
151,39
211,39
281,39
69,40
150,40
212,40
281,40
69,41
149,41
213,41
281,41
69,42
148,42
213,42
281,42
69,43
147,43
214,43
281,43
69,44
146,44
215,44
280,44
70,45
145,45
216,45
280,45
69,46
145,46
217,46
280,46
69,47
144,47
217,47
280,47
69,48
143,48
218,48
280,48
70,49
142,49
219,49
279,49
70,50
142,50
219,50
280,50
70,51
141,51
220,51
279,51
70,52
140,52
221,52
279,52
70,53
140,53
221,53
279,53
70,54
139,54
222,54
279,54
70,55
139,55
222,55
279,55
70,56
139,56
223,56
279,56
71,57
138,57
223,57
279,57
70,58
138,58
223,58
279,58
70,59
138,59
224,59
279,59
70,60
138,60
224,60
279,60
70,61
138,61
224,61
279,61
71,62
139,62
225,62
279,62
71,63
139,63
224,63
278,63
71,64
140,64
224,64
255,64
256,64
278,64
71,65
140,65
224,65
254,65
257,65
278,65
72,66
141,66
223,66
254,66
257,66
278,66
72,67
142,67
223,67
253,67
257,67
278,67
71,68
142,68
222,68
254,68
255,68
256,68
278,68
71,69
142,69
222,69
278,69
71,70
143,70
221,70
278,70
71,71
144,71
221,71
278,71
72,72
145,72
146,72
220,72
278,72
72,73
147,73
219,73
277,73
72,74
147,74
218,74
277,74
72,75
148,75
149,75
217,75
277,75
72,76
150,76
216,76
277,76
72,77
151,77
152,77
215,77
277,77
73,78
153,78
213,78
214,78
277,78
73,79
154,79
212,79
214,79
277,79
73,80
155,80
156,80
157,80
158,80
210,80
211,80
213,80
215,80
277,80
73,81
159,81
160,81
207,81
208,81
209,81
212,81
215,81
277,81
73,82
161,82
162,82
163,82
205,82
206,82
213,82
214,82
277,82
73,83
164,83
165,83
166,83
202,83
203,83
204,83
277,83
73,84
167,84
168,84
169,84
197,84
199,84
200,84
201,84
277,84
74,85
170,85
195,85
196,85
198,85
277,85
73,86
171,86
172,86
173,86
174,86
175,86
176,86
177,86
178,86
179,86
187,86
188,86
189,86
190,86
191,86
192,86
193,86
194,86
277,86
74,87
180,87
181,87
182,87
183,87
184,87
185,87
186,87
277,87
74,88
277,88
74,89
277,89
74,90
276,90
74,91
276,91
74,92
276,92
74,93
276,93
74,94
276,94
74,95
276,95
74,96
276,96
74,97
276,97
74,98
276,98
74,99
275,99
75,100
274,100
75,101
273,101
75,102
273,102
276,102
75,103
272,103
275,103
277,103
76,104
271,104
275,104
277,104
76,105
270,105
274,105
277,105
76,106
270,106
273,106
277,106
76,107
270,107
273,107
276,107
26,108
76,108
270,108
272,108
276,108
20,109
21,109
22,109
23,109
24,109
25,109
27,109
76,109
271,109
276,109
325,109
328,109
329,109
330,109
331,109
332,109
333,109
334,109
335,109
18,110
19,110
28,110
29,110
30,110
31,110
32,110
76,110
276,110
322,110
323,110
324,110
326,110
327,110
336,110
337,110
338,110
17,111
33,111
75,111
276,111
321,111
339,111
16,112
34,112
35,112
75,112
276,112
319,112
320,112
339,112
15,113
36,113
75,113
277,113
318,113
340,113
14,114
37,114
38,114
75,114
277,114
317,114
341,114
13,115
39,115
40,115
75,115
277,115
316,115
342,115
12,116
41,116
74,116
277,116
313,116
314,116
315,116
342,116
11,117
42,117
43,117
74,117
278,117
311,117
312,117
343,117
11,118
44,118
45,118
73,118
278,118
310,118
343,118
10,119
46,119
73,119
278,119
309,119
343,119
9,120
47,120
48,120
73,120
278,120
308,120
344,120
9,121
49,121
50,121
72,121
278,121
306,121
307,121
345,121
8,122
51,122
71,122
279,122
305,122
344,122
7,123
52,123
53,123
55,123
56,123
70,123
280,123
303,123
304,123
344,123
7,124
54,124
57,124
59,124
68,124
69,124
280,124
302,124
343,124
7,125
58,125
60,125
61,125
65,125
66,125
67,125
281,125
301,125
344,125
345,125
6,126
62,126
63,126
64,126
282,126
298,126
299,126
300,126
346,126
6,127
283,127
284,127
295,127
296,127
297,127
346,127
5,128
285,128
286,128
290,128
291,128
292,128
293,128
294,128
346,128
5,129
287,129
288,129
289,129
346,129
5,130
346,130
4,131
346,131
4,132
346,132
3,133
346,133
3,134
346,134
3,135
346,135
2,136
346,136
2,137
346,137
2,138
346,138
2,139
346,139
1,140
346,140
1,141
346,141
1,142
346,142
1,143
347,143
1,144
347,144
0,145
347,145
0,146
347,146
0,147
347,147
0,148
346,148
0,149
346,149
0,150
346,150
0,151
346,151
0,152
346,152
0,153
345,153
0,154
346,154
0,155
346,155
0,156
345,156
0,157
345,157
0,158
345,158
1,159
345,159
1,160
344,160
1,161
345,161
1,162
344,162
1,163
345,163
1,164
344,164
1,165
344,165
1,166
343,166
2,167
343,167
2,168
343,168
3,169
343,169
3,170
284,170
285,170
286,170
288,170
342,170
3,171
282,171
283,171
287,171
289,171
290,171
342,171
4,172
280,172
281,172
291,172
292,172
293,172
342,172
4,173
279,173
294,173
295,173
296,173
342,173
5,174
279,174
297,174
342,174
5,175
276,175
277,175
278,175
297,175
341,175
5,176
55,176
56,176
57,176
58,176
59,176
60,176
61,176
62,176
275,176
298,176
299,176
341,176
6,177
54,177
63,177
64,177
275,177
300,177
301,177
341,177
7,178
47,178
48,178
49,178
50,178
51,178
52,178
53,178
65,178
66,178
274,178
302,178
340,178
7,179
45,179
46,179
67,179
274,179
303,179
340,179
8,180
42,180
43,180
44,180
68,180
273,180
304,180
305,180
339,180
9,181
40,181
41,181
68,181
273,181
306,181
338,181
10,182
38,182
39,182
69,182
166,182
167,182
168,182
169,182
170,182
171,182
172,182
173,182
174,182
175,182
176,182
177,182
272,182
307,182
337,182
11,183
36,183
37,183
69,183
163,183
164,183
165,183
178,183
179,183
180,183
271,183
308,183
337,183
12,184
32,184
33,184
34,184
35,184
69,184
162,184
181,184
182,184
272,184
309,184
310,184
337,184
13,185
14,185
30,185
31,185
70,185
160,185
161,185
183,185
184,185
272,185
311,185
337,185
15,186
16,186
27,186
28,186
29,186
71,186
153,186
154,186
155,186
156,186
157,186
158,186
159,186
185,186
186,186
187,186
272,186
312,186
336,186
17,187
18,187
19,187
20,187
21,187
22,187
23,187
25,187
26,187
71,187
152,187
188,187
189,187
190,187
272,187
313,187
335,187
24,188
71,188
150,188
151,188
191,188
272,188
314,188
315,188
334,188
71,189
149,189
192,189
271,189
316,189
317,189
333,189
71,190
147,190
148,190
193,190
271,190
318,190
333,190
71,191
146,191
194,191
195,191
196,191
270,191
319,191
320,191
329,191
330,191
331,191
332,191
71,192
145,192
197,192
270,192
321,192
323,192
324,192
325,192
327,192
328,192
71,193
144,193
198,193
270,193
322,193
326,193
71,194
143,194
199,194
270,194
71,195
143,195
200,195
270,195
71,196
143,196
201,196
269,196
71,197
141,197
142,197
202,197
269,197
71,198
140,198
203,198
270,198
70,199
140,199
204,199
269,199
70,200
139,200
204,200
269,200
70,201
139,201
205,201
269,201
70,202
139,202
205,202
269,202
70,203
138,203
205,203
269,203
70,204
137,204
205,204
268,204
70,205
137,205
206,205
268,205
70,206
136,206
207,206
269,206
70,207
136,207
208,207
268,207
70,208
136,208
208,208
268,208
70,209
136,209
208,209
268,209
69,210
136,210
208,210
267,210
69,211
135,211
208,211
267,211
69,212
135,212
209,212
267,212
69,213
135,213
209,213
267,213
69,214
135,214
209,214
267,214
69,215
134,215
208,215
268,215
69,216
134,216
209,216
265,216
267,216
69,217
134,217
210,217
264,217
266,217
68,218
134,218
210,218
265,218
267,218
68,219
134,219
210,219
267,219
68,220
134,220
210,220
266,220
67,221
135,221
210,221
266,221
67,222
135,222
209,222
266,222
67,223
135,223
209,223
266,223
67,224
135,224
209,224
266,224
67,225
135,225
208,225
266,225
66,226
135,226
207,226
265,226
66,227
136,227
207,227
265,227
66,228
136,228
206,228
265,228
66,229
137,229
206,229
265,229
66,230
137,230
205,230
265,230
65,231
138,231
205,231
264,231
65,232
138,232
205,232
264,232
65,233
139,233
205,233
264,233
65,234
139,234
204,234
263,234
65,235
140,235
203,235
263,235
65,236
141,236
203,236
263,236
65,237
140,237
202,237
263,237
65,238
141,238
201,238
263,238
65,239
141,239
201,239
263,239
65,240
142,240
200,240
263,240
64,241
142,241
200,241
263,241
64,242
142,242
199,242
262,242
64,243
142,243
199,243
262,243
64,244
142,244
198,244
262,244
64,245
143,245
198,245
262,245
64,246
143,246
198,246
262,246
64,247
143,247
197,247
262,247
64,248
143,248
197,248
262,248
64,249
143,249
197,249
261,249
63,250
143,250
197,250
261,250
63,251
143,251
196,251
261,251
63,252
143,252
196,252
261,252
62,253
143,253
196,253
261,253
62,254
143,254
196,254
261,254
62,255
143,255
197,255
261,255
62,256
142,256
196,256
260,256
62,257
142,257
197,257
260,257
62,258
141,258
196,258
260,258
62,259
140,259
197,259
260,259
62,260
139,260
197,260
260,260
62,261
123,261
138,261
198,261
260,261
62,262
122,262
124,262
137,262
199,262
260,262
62,263
123,263
132,263
133,263
135,263
136,263
200,263
259,263
63,264
64,264
65,264
66,264
67,264
68,264
69,264
70,264
71,264
76,264
77,264
78,264
79,264
80,264
81,264
82,264
83,264
84,264
85,264
88,264
91,264
93,264
97,264
98,264
99,264
100,264
101,264
102,264
103,264
104,264
105,264
106,264
107,264
116,264
117,264
119,264
120,264
121,264
122,264
124,264
125,264
126,264
127,264
128,264
129,264
130,264
131,264
134,264
201,264
202,264
259,264
72,265
73,265
74,265
75,265
86,265
87,265
89,265
90,265
92,265
94,265
95,265
96,265
108,265
109,265
110,265
111,265
112,265
113,265
114,265
115,265
118,265
203,265
259,265
204,266
205,266
206,266
207,266
260,266
208,267
209,267
210,267
211,267
212,267
213,267
214,267
260,267
215,268
216,268
217,268
218,268
219,268
220,268
221,268
222,268
223,268
224,268
225,268
260,268
226,269
227,269
228,269
229,269
230,269
231,269
232,269
233,269
234,269
235,269
260,269
236,270
237,270
238,270
239,270
240,270
241,270
242,270
243,270
260,270
244,271
245,271
246,271
247,271
248,271
249,271
250,271
251,271
252,271
260,271
253,272
254,272
255,272
256,272
259,272
257,273
258,273