73,0
74,1
73,2
73,3
73,4
73,5
74,6
74,7
74,8
74,9
74,10
74,11
74,12
74,13
74,14
74,15
74,16
74,17
73,18
73,19
73,20
73,21
74,22
74,23
74,24
74,25
74,26
74,27
74,28
74,29
74,30
74,31
75,32
76,33
76,34
74,35
76,35
73,36
75,36
73,37
73,38
73,39
73,40
73,41
73,42
73,43
73,44
73,45
74,46
74,47
75,48
75,49
75,50
75,51
75,52
75,53
74,54
74,55
74,56
74,57
74,58
74,59
74,60
73,61
73,62
17,63
18,63
25,63
26,63
73,63
16,64
19,64
20,64
21,64
22,64
23,64
24,64
27,64
28,64
70,64
72,64
15,65
29,65
30,65
31,65
69,65
71,65
14,66
32,66
33,66
68,66
13,67
34,67
35,67
36,67
68,67
12,68
37,68
38,68
67,68
11,69
39,69
40,69
66,69
10,70
41,70
42,70
66,70
9,71
43,71
44,71
67,71
8,72
45,72
66,72
8,73
46,73
47,73
48,73
67,73
7,74
49,74
55,74
56,74
57,74
58,74
59,74
66,74
7,75
50,75
51,75
54,75
60,75
64,75
65,75
6,76
52,76
53,76
61,76
63,76
5,77
62,77
5,78
5,79
5,80
4,81
4,82
4,83
3,84
3,85
2,86
2,87
1,88
1,89
1,90
1,91
1,92
0,93
0,94
0,95
0,96
0,97
1,98
0,99
0,100
0,101
0,102
0,103
0,104
0,105
0,106
0,107
0,108
1,109
1,110
1,111
1,112
1,113
1,114
1,115
2,116
2,117
2,118
3,119
3,120
3,121
3,122
4,123
4,124
4,125
5,126
6,127
6,128
6,129
7,130
61,130
62,130
8,131
55,131
56,131
57,131
58,131
59,131
60,131
63,131
64,131
65,131
8,132
54,132
66,132
9,133
52,133
53,133
67,133
9,134
50,134
51,134
68,134
10,135
46,135
47,135
48,135
49,135
69,135
10,136
45,136
70,136
11,137
42,137
43,137
44,137
70,137
12,138
39,138
40,138
41,138
71,138
13,139
37,139
38,139
72,139
14,140
34,140
35,140
36,140
72,140
15,141
32,141
33,141
72,141
16,142
17,142
18,142
30,142
31,142
72,142
19,143
20,143
21,143
22,143
23,143
24,143
25,143
26,143
27,143
28,143
29,143
72,143
73,144
73,145
73,146
74,147
74,148
74,149
74,150
74,151
74,152
74,153
74,154
74,155
74,156
74,157
74,158
74,159
74,160
73,161
73,162
73,163
73,164
73,165
73,166
73,167
73,168
73,169
73,170
73,171
73,172
73,173
73,174
73,175
73,176
73,177
73,178
73,179
73,180
73,181
73,182
73,183
73,184
73,185
73,186
72,187
72,188
72,189
72,190
72,191
73,192
72,193
72,194
72,195
73,196
73,197
73,198
73,199
73,200
73,201
73,202
73,203
73,204
73,205
73,206
73,207
73,208
73,209
73,210
73,211
73,212
73,213
73,214
73,215
73,216
73,217
73,218
73,219
73,220
73,221
73,222
72,223
72,224
73,225
73,226
73,227
73,228
72,229
72,230
72,231
72,232
72,233
72,234
72,235
72,236
73,237
73,238
73,239
72,240
72,241
72,242
72,243
72,244
72,245
73,246
74,247
74,248
73,249
73,250
73,251
73,252
73,253
73,254
73,255
73,256
73,257
73,258
73,259
73,260
73,261
73,262
73,263
73,264
73,265
73,266
72,267
72,268
72,269
72,270
72,271
72,272
73,273
72,274
72,275
72,276
72,277
72,278
72,279
72,280
72,281
72,282
72,283
72,284
72,285
72,286
72,287
72,288
72,289
72,290
72,291
72,292
72,293
72,294
73,295
73,296
73,297
73,298