236,0
237,0
238,0
239,0
243,0
244,0
245,0
246,0
247,0
248,0
249,0
250,0
251,0
231,1
232,1
233,1
234,1
235,1
240,1
241,1
242,1
252,1
253,1
254,1
255,1
256,1
226,2
228,2
229,2
230,2
257,2
263,2
223,3
224,3
225,3
227,3
256,3
262,3
264,3
265,3
220,4
222,4
256,4
260,4
261,4
263,4
266,4
267,4
268,4
269,4
218,5
219,5
221,5
257,5
258,5
259,5
262,5
270,5
271,5
216,6
217,6
272,6
215,7
273,7
274,7
275,7
212,8
213,8
214,8
216,8
276,8
277,8
211,9
215,9
217,9
278,9
210,10
216,10
279,10
280,10
209,11
281,11
209,12
282,12
208,13
283,13
207,14
284,14
207,15
285,15
207,16
286,16
207,17
287,17
207,18
286,18
206,19
285,19
287,19
206,20
286,20
288,20
206,21
288,21
206,22
289,22
206,23
289,23
207,24
290,24
207,25
290,25
207,26
290,26
207,27
290,27
208,28
290,28
208,29
290,29
209,30
290,30
209,31
290,31
210,32
289,32
210,33
288,33
211,34
288,34
212,35
287,35
212,36
287,36
212,37
285,37
286,37
212,38
284,38
213,39
283,39
214,40
283,40
215,41
282,41
216,42
282,42
217,43
280,43
281,43
217,44
279,44
217,45
279,45
217,46
278,46
218,47
277,47
218,48
276,48
219,49
275,49
220,50
274,50
219,51
273,51
220,52
273,52
220,53
273,53
220,54
272,54
221,55
271,55
221,56
270,56
222,57
269,57
223,58
269,58
223,59
263,59
264,59
265,59
266,59
269,59
222,60
262,60
267,60
268,60
222,61
261,61
263,61
265,61
266,61
268,61
222,62
262,62
264,62
267,62
222,63
267,63
221,64
267,64
220,65
266,65
92,66
93,66
94,66
96,66
97,66
99,66
100,66
101,66
102,66
220,66
222,66
266,66
91,67
95,67
98,67
103,67
104,67
105,67
106,67
107,67
108,67
109,67
110,67
220,67
221,67
223,67
266,67
91,68
94,68
96,68
111,68
112,68
113,68
114,68
115,68
116,68
117,68
118,68
119,68
120,68
121,68
122,68
219,68
221,68
223,68
266,68
91,69
95,69
123,69
124,69
125,69
126,69
127,69
128,69
131,69
132,69
133,69
134,69
137,69
138,69
139,69
140,69
218,69
222,69
266,69
91,70
129,70
130,70
135,70
136,70
141,70
144,70
145,70
146,70
214,70
216,70
217,70
266,70
92,71
142,71
143,71
147,71
148,71
149,71
150,71
151,71
152,71
153,71
157,71
158,71
159,71
162,71
163,71
212,71
213,71
215,71
267,71
91,72
154,72
156,72
160,72
161,72
164,72
165,72
166,72
167,72
168,72
169,72
170,72
171,72
173,72
174,72
175,72
176,72
177,72
211,72
267,72
91,73
154,73
157,73
172,73
178,73
179,73
180,73
181,73
182,73
183,73
185,73
186,73
187,73
188,73
189,73
192,73
194,73
195,73
207,73
208,73
210,73
268,73
91,74
155,74
156,74
184,74
190,74
191,74
193,74
196,74
199,74
200,74
201,74
202,74
204,74
205,74
206,74
209,74
268,74
91,75
197,75
198,75
203,75
268,75
91,76
268,76
91,77
269,77
91,78
270,78
271,78
272,78
273,78
91,79
274,79
91,80
275,80
91,81
276,81
277,81
92,82
278,82
279,82
280,82
92,83
281,83
91,84
282,84
283,84
284,84
285,84
286,84
287,84
91,85
288,85
289,85
290,85
291,85
292,85
293,85
91,86
294,86
295,86
296,86
297,86
298,86
299,86
300,86
91,87
301,87
302,87
303,87
304,87
305,87
306,87
92,88
307,88
308,88
309,88
310,88
311,88
312,88
92,89
313,89
314,89
315,89
316,89
317,89
318,89
91,90
319,90
320,90
321,90
322,90
91,91
323,91
324,91
91,92
325,92
326,92
328,92
329,92
330,92
91,93
327,93
331,93
332,93
333,93
334,93
335,93
336,93
92,94
337,94
338,94
92,95
339,95
342,95
343,95
344,95
345,95
346,95
347,95
348,95
92,96
340,96
341,96
349,96
350,96
351,96
352,96
353,96
354,96
91,97
355,97
356,97
357,97
358,97
359,97
360,97
92,98
361,98
362,98
363,98
364,98
365,98
366,98
367,98
92,99
368,99
369,99
370,99
371,99
372,99
373,99
92,100
374,100
375,100
376,100
377,100
378,100
92,101
379,101
92,102
378,102
91,103
378,103
92,104
378,104
92,105
379,105
92,106
379,106
92,107
379,107
92,108
378,108
91,109
378,109
91,110
378,110
91,111
377,111
91,112
377,112
92,113
377,113
92,114
376,114
91,115
376,115
91,116
376,116
91,117
376,117
92,118
376,118
92,119
376,119
92,120
375,120
91,121
375,121
91,122
375,122
92,123
375,123
92,124
374,124
92,125
374,125
92,126
373,126
91,127
373,127
91,128
373,128
92,129
373,129
92,130
373,130
92,131
373,131
92,132
372,132
92,133
372,133
91,134
371,134
92,135
371,135
92,136
371,136
93,137
371,137
93,138
370,138
93,139
370,139
92,140
370,140
92,141
370,141
92,142
370,142
92,143
370,143
92,144
369,144
93,145
369,145
92,146
369,146
92,147
368,147
91,148
368,148
91,149
368,149
91,150
367,150
91,151
367,151
91,152
367,152
91,153
367,153
92,154
367,154
92,155
367,155
92,156
366,156
92,157
366,157
91,158
366,158
91,159
366,159
91,160
366,160
92,161
366,161
92,162
365,162
92,163
365,163
93,164
364,164
92,165
364,165
92,166
364,166
92,167
364,167
92,168
364,168
92,169
363,169
92,170
363,170
91,171
363,171
92,172
363,172
92,173
364,173
92,174
363,174
92,175
363,175
92,176
363,176
91,177
363,177
91,178
363,178
409,178
411,178
412,178
413,178
414,178
415,178
416,178
91,179
364,179
408,179
410,179
417,179
418,179
419,179
420,179
421,179
91,180
364,180
407,180
422,180
92,181
364,181
403,181
404,181
405,181
406,181
423,181
26,182
92,182
363,182
402,182
424,182
425,182
18,183
19,183
20,183
21,183
22,183
23,183
24,183
25,183
27,183
28,183
29,183
30,183
91,183
364,183
400,183
401,183
426,183
16,184
17,184
31,184
34,184
35,184
36,184
37,184
91,184
364,184
399,184
427,184
14,185
15,185
30,185
33,185
38,185
91,185
364,185
398,185
428,185
13,186
31,186
32,186
39,186
91,186
365,186
395,186
396,186
397,186
428,186
12,187
40,187
41,187
42,187
43,187
91,187
365,187
394,187
429,187
12,188
44,188
91,188
108,188
109,188
365,188
394,188
430,188
11,189
45,189
46,189
47,189
90,189
107,189
110,189
366,189
390,189
392,189
393,189
431,189
10,190
48,190
89,190
106,190
110,190
367,190
389,190
391,190
432,190
9,191
49,191
89,191
106,191
109,191
368,191
388,191
433,191
9,192
48,192
50,192
51,192
52,192
89,192
107,192
108,192
368,192
383,192
384,192
386,192
387,192
432,192
8,193
49,193
53,193
54,193
89,193
369,193
370,193
382,193
385,193
433,193
7,194
55,194
56,194
88,194
371,194
376,194
377,194
379,194
380,194
381,194
433,194
6,195
57,195
87,195
372,195
373,195
374,195
375,195
378,195
433,195
5,196
58,196
59,196
87,196
434,196
5,197
60,197
61,197
86,197
434,197
5,198
62,198
86,198
88,198
435,198
4,199
62,199
85,199
87,199
89,199
434,199
4,200
63,200
64,200
65,200
84,200
88,200
435,200
3,201
66,201
67,201
82,201
83,201
435,201
2,202
68,202
80,202
81,202
435,202
3,203
69,203
70,203
71,203
72,203
78,203
79,203
436,203
2,204
73,204
74,204
76,204
77,204
436,204
2,205
75,205
433,205
435,205
2,206
432,206
434,206
436,206
1,207
433,207
436,207
1,208
436,208
1,209
437,209
1,210
437,210
1,211
436,211
1,212
437,212
0,213
437,213
0,214
437,214
1,215
437,215
1,216
437,216
1,217
436,217
1,218
436,218
0,219
437,219
1,220
437,220
1,221
4,221
437,221
2,222
3,222
5,222
437,222
2,223
4,223
437,223
2,224
436,224
2,225
436,225
3,226
436,226
4,227
436,227
4,228
436,228
5,229
436,229
5,230
436,230
6,231
436,231
5,232
436,232
5,233
47,233
436,233
6,234
42,234
43,234
44,234
45,234
46,234
48,234
193,234
194,234
195,234
199,234
200,234
201,234
436,234
7,235
41,235
48,235
187,235
188,235
189,235
190,235
191,235
192,235
196,235
197,235
198,235
202,235
203,235
204,235
205,235
206,235
207,235
208,235
209,235
210,235
211,235
212,235
213,235
216,235
217,235
218,235
219,235
436,235
8,236
42,236
43,236
45,236
46,236
47,236
184,236
185,236
186,236
214,236
215,236
220,236
221,236
222,236
223,236
224,236
225,236
435,236
8,237
44,237
179,237
180,237
181,237
182,237
183,237
226,237
227,237
435,237
9,238
175,238
176,238
177,238
178,238
228,238
229,238
230,238
231,238
232,238
434,238
10,239
174,239
233,239
234,239
435,239
10,240
174,240
235,240
236,240
237,240
238,240
435,240
11,241
174,241
239,241
435,241
12,242
64,242
68,242
69,242
70,242
71,242
172,242
173,242
240,242
241,242
242,242
434,242
12,243
62,243
63,243
65,243
66,243
67,243
72,243
73,243
74,243
169,243
170,243
171,243
243,243
434,243
13,244
16,244
58,244
60,244
61,244
75,244
76,244
77,244
167,244
168,244
244,244
433,244
14,245
15,245
17,245
56,245
57,245
59,245
78,245
166,245
245,245
433,245
16,246
54,246
55,246
78,246
165,246
246,246
247,246
373,246
432,246
16,247
50,247
51,247
52,247
53,247
79,247
164,247
248,247
249,247
367,247
368,247
369,247
370,247
371,247
372,247
374,247
397,247
432,247
17,248
18,248
49,248
80,248
164,248
250,248
364,248
365,248
366,248
375,248
376,248
377,248
378,248
396,248
398,248
431,248
19,249
20,249
21,249
47,249
48,249
81,249
164,249
251,249
363,249
379,249
397,249
432,249
22,250
45,250
46,250
80,250
162,250
163,250
252,250
362,250
380,250
432,250
23,251
24,251
25,251
42,251
43,251
44,251
81,251
161,251
253,251
361,251
381,251
431,251
26,252
27,252
37,252
38,252
39,252
40,252
41,252
82,252
161,252
253,252
361,252
382,252
383,252
429,252
431,252
28,253
29,253
30,253
31,253
32,253
33,253
36,253
82,253
161,253
254,253
359,253
360,253
384,253
385,253
428,253
430,253
34,254
35,254
83,254
161,254
255,254
358,254
386,254
429,254
83,255
161,255
255,255
358,255
386,255
430,255
83,256
162,256
256,256
358,256
387,256
429,256
83,257
161,257
256,257
357,257
388,257
389,257
429,257
83,258
161,258
256,258
357,258
390,258
429,258
84,259
161,259
256,259
356,259
391,259
427,259
428,259
84,260
162,260
257,260
355,260
391,260
426,260
84,261
162,261
257,261
355,261
392,261
393,261
426,261
85,262
162,262
258,262
355,262
394,262
425,262
84,263
162,263
258,263
355,263
395,263
424,263
84,264
162,264
257,264
355,264
396,264
424,264
84,265
163,265
257,265
355,265
397,265
421,265
422,265
423,265
85,266
164,266
258,266
354,266
398,266
420,266
85,267
165,267
257,267
354,267
399,267
400,267
419,267
85,268
166,268
257,268
354,268
401,268
402,268
418,268
84,269
166,269
257,269
354,269
403,269
417,269
84,270
166,270
255,270
256,270
354,270
403,270
414,270
415,270
416,270
84,271
167,271
254,271
353,271
404,271
405,271
406,271
407,271
408,271
412,271
413,271
84,272
167,272
254,272
352,272
409,272
410,272
411,272
85,273
168,273
253,273
352,273
85,274
169,274
252,274
353,274
85,275
170,275
252,275
353,275
85,276
169,276
251,276
353,276
85,277
170,277
250,277
353,277
85,278
171,278
249,278
352,278
85,279
172,279
248,279
352,279
86,280
172,280
247,280
352,280
85,281
173,281
247,281
352,281
86,282
173,282
245,282
246,282
353,282
86,283
173,283
244,283
353,283
86,284
173,284
243,284
350,284
353,284
86,285
174,285
243,285
349,285
351,285
352,285
86,286
175,286
242,286
350,286
352,286
85,287
175,287
242,287
353,287
86,288
175,288
240,288
241,288
353,288
86,289
174,289
239,289
353,289
86,290
175,290
239,290
353,290
86,291
175,291
239,291
352,291
86,292
175,292
239,292
352,292
86,293
176,293
238,293
352,293
86,294
176,294
237,294
353,294
86,295
175,295
237,295
353,295
86,296
175,296
237,296
353,296
86,297
175,297
236,297
352,297
86,298
89,298
90,298
175,298
236,298
352,298
87,299
88,299
91,299
175,299
236,299
352,299
92,300
175,300
235,300
353,300
91,301
174,301
235,301
353,301
90,302
174,302
235,302
353,302
91,303
92,303
93,303
94,303
95,303
96,303
97,303
173,303
235,303
353,303
98,304
99,304
100,304
101,304
102,304
103,304
106,304
107,304
108,304
109,304
172,304
236,304
353,304
104,305
105,305
110,305
111,305
112,305
113,305
114,305
115,305
170,305
172,305
236,305
353,305
116,306
117,306
118,306
119,306
120,306
121,306
127,306
131,306
132,306
133,306
168,306
169,306
171,306
235,306
353,306
122,307
123,307
124,307
125,307
126,307
128,307
129,307
130,307
134,307
138,307
139,307
166,307
167,307
236,307
353,307
135,308
136,308
137,308
140,308
141,308
142,308
143,308
144,308
145,308
146,308
149,308
150,308
151,308
152,308
162,308
163,308
164,308
165,308
236,308
353,308
147,309
148,309
153,309
154,309
155,309
156,309
157,309
158,309
159,309
160,309
161,309
237,309
238,309
353,309
239,310
353,310
240,311
241,311
353,311
242,312
353,312
243,313
244,313
350,313
351,313
353,313
245,314
349,314
352,314
353,314
246,315
247,315
248,315
249,315
349,315
351,315
354,315
250,316
350,316
353,316
251,317
252,317
253,317
254,317
353,317
255,318
256,318
353,318
257,319
258,319
259,319
260,319
261,319
262,319
353,319
263,320
264,320
265,320
266,320
267,320
268,320
353,320
269,321
270,321
271,321
272,321
273,321
274,321
354,321
275,322
276,322
277,322
278,322
279,322
280,322
353,322
281,323
282,323
283,323
284,323
285,323
286,323
353,323
287,324
288,324
289,324
290,324
291,324
292,324
295,324
353,324
293,325
294,325
296,325
297,325
298,325
299,325
354,325
300,326
301,326
302,326
303,326
304,326
305,326
306,326
307,326
310,326
311,326
354,326
308,327
309,327
312,327
313,327
314,327
315,327
316,327
317,327
354,327
318,328
319,328
320,328
322,328
323,328
353,328
321,329
324,329
354,329
325,330
326,330
327,330
328,330
329,330
335,330
354,330
330,331
331,331
332,331
333,331
334,331
336,331
337,331
338,331
339,331
340,331
341,331
354,331
342,332
354,332
343,333
344,333
345,333
346,333
347,333
349,333
350,333
351,333
352,333
353,333
348,334