281,0
282,0
283,0
284,0
285,0
286,0
262,1
263,1
264,1
265,1
266,1
267,1
268,1
269,1
272,1
273,1
274,1
275,1
276,1
277,1
278,1
279,1
280,1
287,1
235,2
236,2
237,2
244,2
245,2
246,2
247,2
248,2
253,2
254,2
255,2
256,2
257,2
258,2
259,2
260,2
261,2
270,2
271,2
287,2
226,3
227,3
228,3
229,3
230,3
231,3
232,3
233,3
234,3
238,3
239,3
240,3
241,3
242,3
243,3
249,3
250,3
251,3
252,3
288,3
208,4
210,4
217,4
218,4
219,4
220,4
221,4
222,4
223,4
224,4
225,4
288,4
199,5
200,5
201,5
202,5
203,5
204,5
205,5
206,5
207,5
209,5
211,5
213,5
214,5
215,5
216,5
288,5
182,6
183,6
184,6
185,6
186,6
187,6
188,6
189,6
190,6
191,6
192,6
193,6
194,6
195,6
196,6
197,6
198,6
210,6
212,6
287,6
181,7
211,7
287,7
71,8
72,8
73,8
74,8
78,8
81,8
82,8
83,8
84,8
85,8
86,8
87,8
90,8
91,8
92,8
93,8
94,8
95,8
96,8
97,8
99,8
100,8
101,8
102,8
103,8
104,8
105,8
106,8
108,8
173,8
174,8
175,8
176,8
177,8
178,8
179,8
180,8
287,8
44,9
53,9
54,9
55,9
56,9
57,9
62,9
63,9
64,9
65,9
66,9
67,9
68,9
69,9
70,9
75,9
76,9
77,9
79,9
80,9
88,9
89,9
98,9
107,9
109,9
110,9
111,9
172,9
286,9
26,10
35,10
36,10
37,10
38,10
39,10
40,10
41,10
42,10
43,10
45,10
46,10
47,10
48,10
49,10
50,10
51,10
52,10
58,10
59,10
60,10
61,10
112,10
172,10
286,10
17,11
18,11
19,11
20,11
21,11
22,11
23,11
24,11
25,11
27,11
28,11
29,11
30,11
31,11
32,11
33,11
34,11
113,11
170,11
171,11
286,11
3,12
8,12
9,12
10,12
11,12
12,12
13,12
14,12
15,12
16,12
114,12
169,12
286,12
2,13
4,13
5,13
6,13
7,13
115,13
116,13
168,13
286,13
3,14
117,14
167,14
286,14
3,15
117,15
167,15
285,15
3,16
117,16
167,16
285,16
3,17
117,17
167,17
285,17
3,18
117,18
166,18
284,18
4,19
117,19
167,19
284,19
3,20
117,20
167,20
284,20
3,21
117,21
167,21
284,21
3,22
118,22
167,22
284,22
3,23
117,23
168,23
283,23
3,24
117,24
168,24
283,24
3,25
117,25
168,25
283,25
3,26
116,26
169,26
282,26
2,27
116,27
169,27
282,27
3,28
115,28
170,28
282,28
3,29
115,29
170,29
281,29
3,30
115,30
170,30
281,30
3,31
115,31
171,31
282,31
3,32
114,32
171,32
281,32
3,33
114,33
171,33
281,33
3,34
113,34
172,34
281,34
3,35
113,35
172,35
280,35
3,36
112,36
173,36
280,36
3,37
112,37
174,37
280,37
3,38
111,38
174,38
279,38
3,39
110,39
175,39
279,39
3,40
110,40
175,40
280,40
2,41
110,41
175,41
279,41
2,42
110,42
176,42
279,42
2,43
109,43
176,43
279,43
2,44
109,44
176,44
278,44
2,45
109,45
177,45
278,45
2,46
108,46
178,46
278,46
3,47
108,47
178,47
277,47
3,48
108,48
178,48
277,48
2,49
107,49
178,49
276,49
2,50
107,50
178,50
277,50
2,51
107,51
178,51
277,51
2,52
106,52
178,52
276,52
2,53
106,53
178,53
276,53
2,54
106,54
178,54
275,54
1,55
105,55
179,55
275,55
2,56
105,56
179,56
274,56
2,57
105,57
179,57
274,57
2,58
105,58
178,58
274,58
2,59
105,59
178,59
275,59
2,60
105,60
177,60
274,60
2,61
105,61
177,61
274,61
2,62
105,62
176,62
274,62
1,63
105,63
176,63
274,63
1,64
105,64
176,64
274,64
2,65
105,65
175,65
273,65
2,66
105,66
175,66
273,66
2,67
105,67
174,67
272,67
2,68
106,68
174,68
273,68
2,69
107,69
173,69
272,69
1,70
108,70
172,70
272,70
1,71
108,71
171,71
272,71
1,72
109,72
169,72
170,72
271,72
1,73
109,73
168,73
271,73
2,74
109,74
167,74
271,74
2,75
110,75
166,75
270,75
1,76
111,76
112,76
113,76
165,76
270,76
1,77
114,77
115,77
164,77
270,77
1,78
116,78
161,78
162,78
163,78
270,78
1,79
117,79
159,79
160,79
270,79
0,80
118,80
157,80
158,80
270,80
0,81
119,81
156,81
269,81
0,82
120,82
121,82
122,82
154,82
155,82
269,82
1,83
123,83
124,83
150,83
151,83
152,83
153,83
268,83
1,84
125,84
149,84
268,84
1,85
126,85
127,85
128,85
130,85
131,85
149,85
267,85
1,86
129,86
132,86
133,86
134,86
146,86
147,86
148,86
267,86
1,87
135,87
136,87
137,87
140,87
141,87
142,87
143,87
144,87
145,87
268,87
0,88
138,88
139,88
268,88
0,89
268,89
0,90
267,90
0,91
266,91
1,92
266,92
1,93
266,93
1,94
266,94
1,95
265,95
1,96
266,96
1,97
266,97
1,98
266,98
0,99
265,99
0,100
265,100
1,101
264,101
1,102
264,102
1,103
264,103
1,104
264,104
1,105
51,105
52,105
265,105
1,106
45,106
46,106
47,106
48,106
50,106
53,106
54,106
264,106
1,107
41,107
42,107
43,107
44,107
49,107
55,107
264,107
1,108
40,108
56,108
57,108
264,108
1,109
38,109
39,109
58,109
59,109
60,109
264,109
2,110
36,110
37,110
61,110
62,110
63,110
264,110
2,111
34,111
35,111
64,111
264,111
2,112
32,112
33,112
65,112
66,112
264,112
3,113
31,113
67,113
264,113
3,114
29,114
30,114
68,114
265,114
3,115
26,115
27,115
28,115
68,115
266,115
314,115
315,115
316,115
323,115
4,116
23,116
24,116
25,116
69,116
70,116
266,116
305,116
306,116
307,116
308,116
309,116
310,116
311,116
312,116
313,116
317,116
318,116
319,116
320,116
321,116
322,116
324,116
325,116
326,116
327,116
5,117
6,117
22,117
71,117
266,117
304,117
328,117
7,118
14,118
15,118
16,118
17,118
18,118
19,118
20,118
21,118
72,118
266,118
304,118
329,118
330,118
8,119
9,119
10,119
11,119
12,119
13,119
72,119
267,119
301,119
302,119
303,119
331,119
332,119
333,119
334,119
73,120
267,120
299,120
300,120
335,120
74,121
267,121
298,121
336,121
75,122
268,122
297,122
337,122
75,123
269,123
297,123
338,123
76,124
270,124
293,124
294,124
295,124
296,124
339,124
77,125
271,125
272,125
290,125
291,125
292,125
340,125
77,126
273,126
288,126
289,126
340,126
76,127
266,127
274,127
275,127
279,127
284,127
285,127
286,127
287,127
341,127
342,127
77,128
265,128
267,128
276,128
277,128
278,128
280,128
281,128
282,128
283,128
343,128
78,129
261,129
262,129
263,129
264,129
267,129
344,129
79,130
260,130
268,130
344,130
80,131
260,131
268,131
344,131
81,132
261,132
262,132
268,132
345,132
82,133
263,133
267,133
270,133
271,133
345,133
82,134
264,134
265,134
266,134
269,134
272,134
345,134
82,135
270,135
271,135
273,135
346,135
82,136
272,136
346,136
83,137
347,137
83,138
347,138
83,139
347,139
83,140
347,140
83,141
348,141
84,142
348,142
84,143
348,143
84,144
349,144
84,145
349,145
84,146
350,146
85,147
350,147
85,148
350,148
85,149
350,149
84,150
349,150
85,151
349,151
85,152
349,152
84,153
348,153
83,154
348,154
83,155
349,155
82,156
349,156
82,157
349,157
82,158
348,158
82,159
348,159
81,160
348,160
81,161
347,161
81,162
347,162
80,163
346,163
80,164
347,164
16,165
17,165
79,165
346,165
8,166
9,166
10,166
11,166
12,166
13,166
14,166
15,166
18,166
19,166
20,166
78,166
346,166
7,167
21,167
22,167
23,167
78,167
345,167
6,168
24,168
25,168
26,168
27,168
76,168
77,168
344,168
4,169
5,169
28,169
75,169
344,169
3,170
29,170
76,170
343,170
3,171
30,171
31,171
76,171
342,171
2,172
32,172
33,172
35,172
76,172
341,172
2,173
34,173
36,173
37,173
75,173
281,173
282,173
283,173
341,173
2,174
38,174
74,174
278,174
279,174
280,174
284,174
285,174
286,174
340,174
2,175
39,175
73,175
275,175
276,175
277,175
287,175
288,175
289,175
290,175
291,175
292,175
339,175
1,176
40,176
41,176
72,176
274,176
293,176
338,176
0,177
42,177
43,177
44,177
45,177
70,177
71,177
274,177
294,177
295,177
336,177
337,177
0,178
46,178
47,178
68,178
69,178
273,178
296,178
297,178
298,178
335,178
0,179
48,179
49,179
64,179
65,179
66,179
67,179
272,179
299,179
300,179
301,179
335,179
0,180
50,180
51,180
52,180
53,180
54,180
55,180
56,180
63,180
272,180
302,180
333,180
334,180
0,181
57,181
58,181
59,181
60,181
61,181
62,181
271,181
303,181
330,181
331,181
332,181
0,182
270,182
304,182
327,182
328,182
329,182
0,183
270,183
305,183
306,183
307,183
326,183
0,184
269,184
308,184
309,184
310,184
311,184
312,184
313,184
318,184
319,184
320,184
321,184
322,184
323,184
324,184
325,184
0,185
269,185
314,185
315,185
316,185
317,185
0,186
268,186
0,187
269,187
0,188
268,188
0,189
268,189
0,190
268,190
0,191
268,191
1,192
156,192
157,192
158,192
159,192
160,192
161,192
162,192
164,192
165,192
166,192
267,192
1,193
155,193
163,193
167,193
168,193
169,193
170,193
267,193
1,194
148,194
149,194
150,194
151,194
152,194
153,194
154,194
171,194
172,194
173,194
267,194
1,195
146,195
147,195
174,195
267,195
1,196
145,196
175,196
176,196
177,196
268,196
0,197
142,197
143,197
144,197
178,197
268,197
0,198
141,198
179,198
180,198
181,198
182,198
183,198
268,198
0,199
139,199
140,199
184,199
268,199
0,200
137,200
138,200
185,200
267,200
0,201
136,201
186,201
187,201
267,201
1,202
135,202
188,202
189,202
267,202
1,203
132,203
133,203
134,203
190,203
267,203
1,204
130,204
131,204
190,204
267,204
1,205
128,205
129,205
190,205
268,205
1,206
127,206
191,206
192,206
268,206
1,207
127,207
193,207
268,207
1,208
126,208
193,208
268,208
1,209
125,209
194,209
267,209
1,210
124,210
194,210
267,210
1,211
124,211
194,211
267,211
1,212
123,212
195,212
267,212
1,213
123,213
195,213
267,213
1,214
122,214
195,214
268,214
1,215
121,215
196,215
268,215
1,216
121,216
195,216
268,216
0,217
120,217
195,217
268,217
0,218
120,218
196,218
268,218
0,219
119,219
196,219
268,219
1,220
119,220
196,220
268,220
1,221
119,221
196,221
268,221
2,222
120,222
196,222
268,222
2,223
119,223
195,223
269,223
1,224
119,224
195,224
269,224
1,225
119,225
194,225
269,225
1,226
119,226
194,226
269,226
1,227
119,227
194,227
269,227
1,228
120,228
194,228
269,228
2,229
120,229
194,229
268,229
2,230
120,230
193,230
268,230
2,231
121,231
193,231
268,231
2,232
122,232
192,232
269,232
2,233
122,233
192,233
269,233
2,234
123,234
191,234
269,234
2,235
123,235
191,235
269,235
2,236
123,236
190,236
268,236
1,237
124,237
190,237
268,237
2,238
124,238
190,238
269,238
2,239
124,239
189,239
269,239
2,240
125,240
188,240
269,240
2,241
125,241
187,241
270,241
2,242
126,242
187,242
270,242
2,243
126,243
186,243
270,243
1,244
127,244
186,244
270,244
1,245
127,245
185,245
270,245
1,246
127,246
186,246
270,246
2,247
128,247
185,247
270,247
2,248
128,248
185,248
270,248
2,249
129,249
184,249
270,249
2,250
129,250
183,250
270,250
2,251
130,251
183,251
270,251
2,252
130,252
182,252
270,252
2,253
130,253
182,253
270,253
2,254
130,254
181,254
270,254
2,255
130,255
182,255
270,255
3,256
130,256
181,256
270,256
3,257
130,257
180,257
270,257
3,258
131,258
180,258
270,258
3,259
131,259
180,259
270,259
3,260
131,260
180,260
271,260
3,261
130,261
180,261
271,261
3,262
130,262
180,262
271,262
2,263
131,263
180,263
271,263
3,264
4,264
5,264
6,264
7,264
8,264
9,264
10,264
11,264
12,264
13,264
14,264
15,264
16,264
130,264
180,264
271,264
17,265
18,265
19,265
20,265
21,265
22,265
23,265
24,265
25,265
26,265
27,265
28,265
29,265
31,265
32,265
33,265
34,265
36,265
40,265
128,265
129,265
181,265
271,265
30,266
35,266
37,266
38,266
39,266
41,266
42,266
43,266
44,266
45,266
49,266
50,266
51,266
52,266
53,266
58,266
59,266
60,266
68,266
124,266
125,266
126,266
127,266
182,266
271,266
46,267
47,267
48,267
54,267
55,267
56,267
57,267
61,267
62,267
63,267
64,267
65,267
66,267
67,267
69,267
70,267
77,267
78,267
79,267
80,267
86,267
122,267
123,267
183,267
271,267
71,268
72,268
73,268
74,268
75,268
76,268
81,268
82,268
83,268
84,268
85,268
87,268
88,268
89,268
90,268
92,268
93,268
94,268
95,268
96,268
97,268
98,268
104,268
105,268
106,268
113,268
114,268
115,268
116,268
117,268
118,268
119,268
120,268
121,268
184,268
186,268
187,268
270,268
91,269
99,269
100,269
101,269
102,269
103,269
107,269
108,269
109,269
110,269
111,269
112,269
185,269
188,269
189,269
271,269
190,270
191,270
271,270
192,271
193,271
195,271
271,271
194,272
196,272
197,272
198,272
271,272
199,273
200,273
201,273
271,273
202,274
203,274
205,274
206,274
207,274
214,274
215,274
271,274
204,275
208,275
209,275
210,275
211,275
212,275
213,275
216,275
217,275
218,275
219,275
220,275
221,275
223,275
224,275
225,275
226,275
227,275
228,275
232,275
271,275
222,276
229,276
230,276
231,276
233,276
234,276
235,276
236,276
237,276
238,276
241,276
242,276
243,276
244,276
271,276
239,277
240,277
245,277
246,277
247,277
248,277
250,277
251,277
252,277
259,277
271,277
249,278
253,278
254,278
255,278
256,278
257,278
258,278
260,278
261,278
262,278
263,278
264,278
265,278
266,278
269,278
270,278
267,279
268,279