80,0
80,1
79,2
80,3
80,4
80,5
79,6
80,7
80,8
80,9
80,10
80,11
79,12
79,13
79,14
79,15
79,16
79,17
78,18
78,19
79,20
79,21
80,22
80,23
80,24
80,25
80,26
79,27
79,28
79,29
79,30
79,31
79,32
79,33
78,34
78,35
79,36
79,37
79,38
79,39
79,40
79,41
79,42
79,43
79,44
79,45
79,46
79,47
79,48
79,49
79,50
78,51
78,52
79,53
79,54
79,55
79,56
79,57
79,58
79,59
78,60
78,61
78,62
78,63
78,64
78,65
78,66
78,67
78,68
79,69
79,70
78,71
78,72
78,73
78,74
78,75
78,76
79,77
79,78
79,79
79,80
79,81
79,82
79,83
78,84
78,85
79,86
79,87
79,88
79,89
79,90
79,91
79,92
79,93
79,94
79,95
79,96
79,97
79,98
79,99
79,100
78,101
79,102
79,103
79,104
79,105
79,106
79,107
79,108
79,109
79,110
79,111
78,112
78,113
78,114
78,115
78,116
78,117
78,118
78,119
78,120
77,121
27,122
77,122
19,123
20,123
21,123
22,123
23,123
24,123
25,123
26,123
28,123
29,123
30,123
77,123
18,124
31,124
32,124
77,124
16,125
17,125
33,125
77,125
15,126
34,126
35,126
76,126
14,127
36,127
76,127
13,128
37,128
76,128
12,129
38,129
39,129
75,129
11,130
40,130
41,130
74,130
11,131
42,131
74,131
10,132
43,132
44,132
45,132
74,132
9,133
46,133
74,133
8,134
47,134
48,134
73,134
7,135
49,135
50,135
73,135
7,136
51,136
52,136
53,136
71,136
72,136
7,137
54,137
55,137
67,137
68,137
69,137
70,137
7,138
56,138
57,138
58,138
60,138
61,138
62,138
63,138
64,138
65,138
66,138
6,139
59,139
5,140
5,141
4,142
4,143
3,144
3,145
3,146
3,147
2,148
2,149
1,150
1,151
1,152
1,153
2,154
1,155
1,156
1,157
0,158
0,159
1,160
0,161
0,162
0,163
0,164
0,165
0,166
0,167
0,168
0,169
1,170
1,171
1,172
1,173
1,174
1,175
1,176
2,177
2,178
2,179
2,180
2,181
2,182
3,183
3,184
3,185
3,186
4,187
5,188
5,189
5,190
5,191
6,192
7,193
7,194
62,194
63,194
64,194
65,194
66,194
67,194
68,194
7,195
60,195
61,195
69,195
70,195
7,196
56,196
57,196
58,196
59,196
71,196
8,197
53,197
54,197
55,197
72,197
73,197
9,198
50,198
51,198
52,198
74,198
10,199
49,199
75,199
10,200
47,200
48,200
76,200
10,201
46,201
77,201
11,202
12,202
13,202
45,202
77,202
14,203
44,203
78,203
14,204
42,204
43,204
78,204
15,205
16,205
40,205
41,205
78,205
17,206
38,206
39,206
79,206
18,207
36,207
37,207
79,207
19,208
33,208
34,208
35,208
79,208
20,209
30,209
31,209
32,209
79,209
21,210
22,210
23,210
26,210
29,210
79,210
24,211
25,211
27,211
28,211
80,211
80,212
80,213
80,214
80,215
80,216
81,217
81,218
81,219
81,220
80,221
80,222
80,223
80,224
80,225
80,226
80,227
80,228
80,229
80,230
80,231
80,232
79,233
80,234
80,235
80,236
80,237
80,238
80,239
80,240
80,241
80,242
80,243
80,244
80,245
79,246
79,247
79,248
79,249
80,250
80,251
80,252
80,253
80,254
80,255
80,256
80,257
80,258
80,259
80,260
80,261
80,262
79,263
79,264
79,265
79,266
80,267
80,268
80,269
80,270
79,271
80,272
79,273
79,274
79,275
79,276
79,277
79,278
79,279
79,280
79,281
79,282
80,283
80,284
80,285