304,0
292,1
293,1
294,1
295,1
296,1
297,1
298,1
299,1
300,1
301,1
302,1
303,1
305,1
287,2
288,2
289,2
290,2
291,2
306,2
280,3
281,3
282,3
283,3
284,3
285,3
286,3
306,3
275,4
276,4
277,4
278,4
279,4
306,4
269,5
270,5
271,5
272,5
273,5
274,5
306,5
262,6
263,6
264,6
265,6
266,6
267,6
268,6
306,6
257,7
258,7
259,7
260,7
261,7
306,7
251,8
252,8
253,8
254,8
255,8
256,8
305,8
245,9
246,9
247,9
248,9
249,9
250,9
305,9
241,10
242,10
243,10
244,10
305,10
237,11
238,11
239,11
240,11
305,11
235,12
236,12
305,12
93,13
94,13
95,13
96,13
97,13
98,13
104,13
105,13
106,13
107,13
108,13
109,13
116,13
117,13
118,13
119,13
120,13
121,13
122,13
234,13
306,13
85,14
86,14
87,14
88,14
89,14
90,14
91,14
92,14
99,14
100,14
101,14
102,14
103,14
110,14
111,14
112,14
113,14
114,14
115,14
123,14
124,14
125,14
126,14
127,14
128,14
129,14
130,14
131,14
132,14
133,14
134,14
135,14
136,14
137,14
138,14
139,14
140,14
141,14
142,14
143,14
144,14
145,14
146,14
147,14
148,14
151,14
152,14
153,14
154,14
155,14
156,14
157,14
158,14
159,14
231,14
232,14
233,14
307,14
84,15
149,15
150,15
160,15
161,15
162,15
163,15
164,15
165,15
166,15
167,15
229,15
230,15
306,15
84,16
168,16
169,16
228,16
307,16
84,17
170,17
227,17
306,17
84,18
171,18
172,18
227,18
306,18
84,19
173,19
174,19
175,19
226,19
306,19
83,20
176,20
226,20
306,20
83,21
176,21
225,21
306,21
83,22
177,22
225,22
306,22
84,23
177,23
225,23
306,23
83,24
177,24
225,24
306,24
83,25
177,25
225,25
307,25
83,26
177,26
225,26
307,26
83,27
177,27
224,27
307,27
83,28
177,28
225,28
307,28
83,29
177,29
226,29
307,29
83,30
178,30
226,30
307,30
83,31
178,31
226,31
307,31
82,32
178,32
226,32
307,32
82,33
178,33
226,33
306,33
83,34
177,34
227,34
306,34
83,35
177,35
227,35
306,35
83,36
177,36
227,36
306,36
82,37
176,37
228,37
307,37
82,38
176,38
228,38
307,38
82,39
175,39
229,39
307,39
82,40
175,40
230,40
307,40
82,41
174,41
230,41
307,41
82,42
175,42
231,42
307,42
82,43
174,43
231,43
307,43
81,44
174,44
232,44
307,44
81,45
174,45
232,45
307,45
82,46
173,46
233,46
307,46
82,47
172,47
233,47
307,47
82,48
172,48
234,48
308,48
82,49
171,49
234,49
308,49
82,50
170,50
235,50
308,50
82,51
170,51
236,51
308,51
81,52
169,52
237,52
308,52
81,53
169,53
237,53
308,53
81,54
169,54
237,54
308,54
81,55
169,55
237,55
308,55
81,56
168,56
238,56
308,56
81,57
167,57
238,57
308,57
82,58
167,58
238,58
308,58
81,59
167,59
238,59
308,59
81,60
167,60
239,60
309,60
81,61
166,61
239,61
309,61
81,62
166,62
239,62
308,62
81,63
165,63
240,63
308,63
81,64
165,64
240,64
308,64
81,65
165,65
240,65
308,65
81,66
166,66
240,66
308,66
80,67
166,67
240,67
309,67
80,68
165,68
240,68
309,68
80,69
165,69
239,69
309,69
81,70
165,70
239,70
309,70
365,70
81,71
165,71
239,71
309,71
362,71
363,71
364,71
366,71
367,71
368,71
81,72
166,72
238,72
310,72
359,72
360,72
361,72
369,72
370,72
81,73
166,73
237,73
311,73
354,73
355,73
356,73
357,73
358,73
371,73
80,74
166,74
237,74
311,74
353,74
372,74
80,75
167,75
238,75
311,75
349,75
350,75
351,75
352,75
373,75
80,76
168,76
237,76
312,76
347,76
348,76
374,76
375,76
80,77
168,77
236,77
312,77
345,77
346,77
376,77
80,78
169,78
236,78
312,78
343,78
344,78
377,78
80,79
169,79
235,79
313,79
342,79
378,79
80,80
169,80
234,80
313,80
341,80
379,80
81,81
169,81
233,81
314,81
340,81
380,81
80,82
170,82
231,82
232,82
314,82
338,82
339,82
381,82
80,83
170,83
229,83
230,83
315,83
337,83
382,83
80,84
171,84
228,84
316,84
335,84
336,84
382,84
80,85
172,85
226,85
227,85
317,85
332,85
333,85
334,85
383,85
80,86
173,86
225,86
318,86
319,86
331,86
383,86
80,87
174,87
225,87
320,87
328,87
329,87
330,87
383,87
80,88
175,88
176,88
178,88
222,88
223,88
224,88
321,88
322,88
323,88
324,88
325,88
326,88
327,88
383,88
80,89
177,89
179,89
180,89
220,89
221,89
383,89
80,90
181,90
182,90
218,90
219,90
384,90
80,91
183,91
184,91
214,91
215,91
216,91
217,91
384,91
80,92
185,92
213,92
385,92
81,93
186,93
187,93
188,93
189,93
190,93
211,93
212,93
386,93
81,94
191,94
192,94
193,94
207,94
208,94
209,94
210,94
387,94
80,95
194,95
195,95
196,95
202,95
203,95
204,95
205,95
206,95
387,95
80,96
197,96
198,96
199,96
200,96
201,96
387,96
80,97
387,97
80,98
387,98
80,99
387,99
79,100
387,100
79,101
387,101
79,102
387,102
78,103
387,103
78,104
388,104
79,105
389,105
78,106
389,106
26,107
27,107
28,107
29,107
30,107
31,107
78,107
389,107
24,108
25,108
32,108
33,108
78,108
389,108
20,109
21,109
22,109
23,109
34,109
77,109
389,109
17,110
18,110
19,110
35,110
77,110
389,110
15,111
16,111
36,111
76,111
389,111
14,112
37,112
38,112
76,112
389,112
13,113
39,113
75,113
389,113
12,114
40,114
75,114
389,114
11,115
41,115
74,115
390,115
10,116
12,116
42,116
73,116
390,116
8,117
11,117
43,117
73,117
390,117
7,118
9,118
10,118
44,118
45,118
73,118
390,118
6,119
46,119
72,119
390,119
6,120
47,120
72,120
390,120
5,121
48,121
49,121
50,121
71,121
390,121
5,122
51,122
52,122
70,122
390,122
4,123
53,123
68,123
69,123
389,123
4,124
54,124
67,124
389,124
3,125
55,125
56,125
57,125
65,125
66,125
389,125
3,126
58,126
62,126
63,126
64,126
389,126
2,127
59,127
60,127
61,127
390,127
2,128
390,128
2,129
390,129
1,130
390,130
1,131
389,131
1,132
389,132
1,133
389,133
1,134
389,134
1,135
389,135
1,136
389,136
1,137
388,137
0,138
388,138
0,139
389,139
0,140
389,140
0,141
388,141
0,142
388,142
0,143
387,143
1,144
387,144
1,145
387,145
0,146
386,146
0,147
385,147
0,148
385,148
0,149
384,149
0,150
384,150
0,151
327,151
328,151
329,151
334,151
385,151
0,152
325,152
326,152
330,152
331,152
332,152
333,152
335,152
336,152
337,152
338,152
384,152
0,153
324,153
339,153
340,153
383,153
0,154
323,154
341,154
342,154
382,154
1,155
322,155
343,155
345,155
346,155
381,155
1,156
321,156
344,156
347,156
380,156
1,157
320,157
348,157
349,157
380,157
1,158
319,158
350,158
380,158
1,159
318,159
351,159
378,159
379,159
1,160
318,160
352,160
353,160
377,160
1,161
316,161
317,161
354,161
376,161
1,162
315,162
355,162
358,162
374,162
375,162
1,163
315,163
356,163
357,163
359,163
360,163
372,163
373,163
1,164
315,164
361,164
362,164
370,164
371,164
1,165
315,165
363,165
364,165
369,165
1,166
315,166
365,166
366,166
367,166
368,166
2,167
314,167
3,168
314,168
3,169
314,169
3,170
313,170
3,171
313,171
3,172
313,172
3,173
313,173
3,174
312,174
4,175
312,175
4,176
311,176
4,177
312,177
4,178
67,178
68,178
69,178
312,178
5,179
64,179
65,179
66,179
70,179
71,179
72,179
312,179
6,180
61,180
62,180
63,180
73,180
312,180
7,181
58,181
59,181
60,181
74,181
312,181
7,182
57,182
74,182
312,182
8,183
54,183
55,183
56,183
75,183
311,183
8,184
53,184
76,184
311,184
8,185
52,185
77,185
311,185
9,186
51,186
77,186
311,186
10,187
50,187
78,187
311,187
11,188
49,188
79,188
311,188
12,189
48,189
80,189
312,189
13,190
46,190
47,190
80,190
312,190
14,191
45,191
80,191
311,191
15,192
43,192
44,192
80,192
311,192
15,193
41,193
42,193
80,193
311,193
16,194
40,194
80,194
311,194
17,195
18,195
40,195
81,195
311,195
19,196
38,196
39,196
81,196
311,196
20,197
21,197
37,197
81,197
311,197
22,198
33,198
34,198
35,198
36,198
81,198
311,198
23,199
24,199
30,199
31,199
32,199
82,199
311,199
25,200
26,200
27,200
28,200
29,200
82,200
195,200
196,200
197,200
198,200
199,200
200,200
201,200
202,200
203,200
208,200
209,200
311,200
82,201
194,201
204,201
206,201
207,201
210,201
211,201
311,201
82,202
189,202
190,202
191,202
194,202
205,202
212,202
213,202
214,202
215,202
311,202
82,203
183,203
185,203
186,203
187,203
188,203
192,203
193,203
216,203
217,203
218,203
311,203
82,204
181,204
182,204
184,204
219,204
220,204
311,204
82,205
180,205
221,205
222,205
311,205
82,206
179,206
223,206
311,206
82,207
177,207
178,207
224,207
311,207
81,208
176,208
225,208
311,208
81,209
175,209
226,209
310,209
81,210
172,210
173,210
174,210
227,210
310,210
82,211
171,211
228,211
310,211
82,212
171,212
228,212
310,212
82,213
170,213
228,213
311,213
82,214
170,214
229,214
311,214
82,215
169,215
229,215
311,215
81,216
168,216
230,216
311,216
81,217
166,217
167,217
230,217
310,217
81,218
165,218
230,218
310,218
81,219
166,219
230,219
310,219
81,220
165,220
230,220
310,220
81,221
166,221
230,221
310,221
82,222
165,222
229,222
310,222
82,223
165,223
229,223
310,223
82,224
165,224
229,224
310,224
82,225
165,225
229,225
310,225
82,226
165,226
228,226
311,226
82,227
165,227
227,227
311,227
82,228
165,228
228,228
310,228
81,229
83,229
165,229
227,229
310,229
82,230
84,230
165,230
227,230
310,230
81,231
83,231
166,231
226,231
310,231
81,232
166,232
226,232
310,232
81,233
166,233
225,233
310,233
82,234
167,234
224,234
309,234
81,235
168,235
224,235
309,235
82,236
169,236
223,236
310,236
81,237
169,237
223,237
310,237
81,238
169,238
222,238
310,238
81,239
170,239
222,239
310,239
81,240
170,240
222,240
310,240
81,241
171,241
222,241
310,241
81,242
172,242
173,242
221,242
310,242
80,243
174,243
221,243
310,243
80,244
174,244
220,244
309,244
80,245
174,245
220,245
309,245
81,246
175,246
220,246
309,246
81,247
176,247
220,247
309,247
81,248
177,248
219,248
310,248
81,249
177,249
219,249
310,249
81,250
177,250
219,250
310,250
81,251
178,251
219,251
310,251
81,252
178,252
220,252
310,252
81,253
179,253
220,253
310,253
81,254
180,254
221,254
309,254
81,255
180,255
221,255
309,255
80,256
180,256
221,256
309,256
80,257
180,257
221,257
309,257
81,258
180,258
222,258
309,258
81,259
180,259
222,259
309,259
81,260
180,260
223,260
310,260
81,261
179,261
224,261
310,261
81,262
179,262
225,262
226,262
310,262
81,263
178,263
227,263
228,263
310,263
81,264
177,264
229,264
230,264
309,264
81,265
176,265
231,265
232,265
233,265
234,265
235,265
236,265
256,265
280,265
291,265
292,265
293,265
309,265
81,266
174,266
175,266
237,266
238,266
239,266
240,266
241,266
242,266
243,266
244,266
245,266
246,266
247,266
248,266
249,266
250,266
251,266
252,266
253,266
254,266
255,266
257,266
258,266
259,266
260,266
261,266
262,266
268,266
269,266
270,266
271,266
272,266
273,266
274,266
275,266
276,266
277,266
278,266
279,266
281,266
282,266
283,266
284,266
285,266
286,266
287,266
288,266
289,266
290,266
294,266
295,266
296,266
297,266
298,266
303,266
304,266
305,266
306,266
307,266
308,266
81,267
171,267
172,267
173,267
263,267
264,267
265,267
266,267
267,267
299,267
300,267
301,267
302,267
81,268
169,268
170,268
81,269
162,269
163,269
164,269
165,269
166,269
167,269
168,269
82,270
158,270
159,270
160,270
161,270
82,271
151,271
152,271
153,271
154,271
155,271
156,271
157,271
82,272
139,272
140,272
143,272
144,272
145,272
146,272
147,272
148,272
149,272
150,272
82,273
138,273
141,273
142,273
82,274
127,274
128,274
130,274
131,274
132,274
133,274
134,274
135,274
136,274
137,274
82,275
125,275
126,275
129,275
82,276
117,276
118,276
119,276
120,276
121,276
122,276
123,276
124,276
82,277
111,277
112,277
113,277
116,277
82,278
106,278
107,278
108,278
109,278
110,278
114,278
115,278
83,279
95,279
96,279
97,279
98,279
99,279
100,279
101,279
102,279
104,279
105,279
84,280
85,280
92,280
93,280
94,280
103,280
86,281
87,281
88,281
89,281
90,281
91,281